7345 40 4109 29 4101 41 29
1425 26 3628 26 4393 47 26
1631 27 3603 26 2105 50 26
20989 49 3314 25 1434 37 25
3370 35 5376 32 4078 51 32
5160 36 2406 22 3148 40 22
2016 29 4736 29 3778 44 29
2329 32 4857 31 3631 45 31
7862 40 3122 24 3048 46 24
4559 38 3120 24 1659 36 24
5964 36 3207 24 1552 35 23
8815 41 4424 29 4169 49 29
4945 37 5897 32 3121 44 32
8171 43 4047 28 2865 44 28
9503 45 3802 27 3154 43 27
1630 27 4245 28 2630 46 27
10635 45 4427 29 3700 48 28
2127 30 5058 30 3805 49 30
1829 30 4107 29 3424 46 29
8358 50 4758 30 3384 44 30
2991 36 5130 32 4017 46 32
7758 46 3940 27 3548 44 27
2533 33 4814 30 2497 43 30
5663 37 3427 25 6081 50 25
5360 38 4414 28 2199 40 28
4520 39 3397 25 7924 49 25
8323 42 4317 28 2242 45 28
5188 40 5871 33 4450 53 33
5169 48 7205 36 3562 48 36
2801 36 6372 34 2857 48 34
