2877 34 2280 25 1012 35 25
2072 34 2293 25 824 37 25
3129 37 2482 27 1760 42 27
3685 37 2580 28 1440 40 26
3390 44 2797 29 1924 46 29
1565 31 2584 28 1253 39 27
3109 39 2985 30 2872 47 30
4694 45 2582 28 1719 41 28
4662 47 2384 26 1322 42 26
2569 35 2585 28 1481 39 28
2799 43 1975 24 2326 43 24
5201 45 3590 33 1455 45 33
1069 28 2584 28 2438 49 28
2358 36 2379 26 1518 38 26
5176 43 3524 33 1422 46 33
1255 28 2481 28 1012 37 26
2176 35 2999 30 1799 45 30
1800 31 3104 30 1481 42 30
2078 34 2488 27 1825 44 27
1672 31 2598 28 1517 45 28
4293 42 2791 29 1723 45 29
10985 55 2889 30 2525 46 28
1170 28 2680 28 2149 43 28
5792 41 2275 24 1114 37 24
1268 27 2275 25 1233 39 25
1166 26 2082 24 724 34 24
1579 30 2408 27 1638 39 27
766 21 1577 21 1422 42 21
5298 42 1969 23 1447 45 23
5024 41 2277 26 1415 40 24
