2067 35 1678 26 1314 44 25
526 22 1264 22 613 33 22
NaN NaN 2179 29 918 43 29
3344 51 2481 33 1047 43 33
959 30 2176 30 1120 41 26
638 24 1669 24 720 34 24
628 22 1291 22 714 33 22
721 25 1879 25 608 32 25
1143 35 1574 25 715 38 25
834 27 1699 25 1135 43 25
1738 33 1684 26 1015 41 26
1837 37 1477 24 709 41 24
939 28 1168 21 922 37 21
1350 33 1774 25 615 34 25
527 22 1167 22 810 36 20
845 28 1686 26 811 38 26
1435 36 1780 27 816 40 27
2168 42 2685 35 1727 57 35
1132 31 1770 26 713 37 26
738 26 1782 26 3362 45 25
1761 39 1474 23 1917 45 23
3797 54 3292 38 826 46 38
3652 49 1971 29 817 38 29
726 25 1780 25 611 34 25
1639 38 3222 37 2324 53 37
830 23 1790 23 609 32 21
3147 39 1978 28 1515 49 26
1424 30 1897 26 818 36 26
523 20 1163 20 508 28 20
2752 36 1281 22 912 39 22
