1317 26 3115 26 3645 42 26
2222 29 2908 24 3741 41 24
1917 30 4232 30 2049 40 30
2943 35 3923 29 1789 42 29
1716 29 3997 29 3750 55 29
5927 40 3698 28 2547 47 28
3334 35 4274 29 2660 44 25
2206 33 4302 30 2273 45 30
1903 32 4744 32 7155 52 32
7032 47 7152 37 2924 51 37
2404 34 3727 28 2241 45 28
3785 43 4615 31 2136 41 31
5207 36 4101 30 2557 44 30
4236 39 3742 27 1415 38 27
8523 43 3704 28 1770 39 28
1712 28 3085 25 1419 35 25
3132 37 3513 27 2145 38 27
1932 29 3531 27 1127 37 27
2095 32 4756 32 2986 45 32
3371 38 4713 32 2569 44 32
8500 50 5549 33 1950 44 33
5943 39 3800 28 2046 43 28
5758 43 5910 35 3078 51 35
3313 34 2913 24 4819 46 24
4079 43 3095 25 2143 39 25
2650 31 2595 23 2263 38 23
1821 27 3910 27 2123 45 25
3363 40 4001 28 4470 44 27
3149 36 3702 28 2537 41 27
