1285 27 2788 27 1238 37 27
5425 42 2289 24 1829 44 24
1090 23 2284 23 1121 33 23
1284 26 2703 26 4147 47 26
2698 38 3425 30 2703 46 30
1181 25 2081 23 820 33 23
883 23 2185 23 819 34 23
4405 40 2612 26 3643 43 25
2356 37 5315 37 2753 51 37
6031 41 2600 25 4980 44 25
2305 39 4129 33 3371 51 33
4014 35 2380 23 1519 40 23
5330 39 2341 24 2523 47 24
5350 36 1978 22 2024 43 22
2918 39 4108 33 3665 52 33
4920 39 4319 33 2509 49 33
2201 30 1897 22 1013 35 22
1289 26 2588 26 1232 39 26
2121 32 3096 28 3466 46 28
2081 31 3493 30 3793 49 30
NaN NaN 2382 25 3655 45 25
2512 33 2902 28 2444 46 28
1499 29 3097 29 2348 48 29
3810 36 1874 22 1917 38 22
1794 33 4328 33 2029 44 31
2032 35 2993 28 2025 45 28
2294 36 2782 27 1856 41 27
1481 32 3309 30 2638 43 30
3288 36 2290 24 1741 37 24
1278 28 2699 27 2593 43 27
