6089 40 6022 32 5231 55 32
1734 26 3602 25 3538 39 25
7494 43 3608 24 4493 42 23
9706 48 11421 41 6897 59 41
8815 49 5275 31 3787 46 31
6168 42 4857 28 3057 41 28
7046 38 4434 28 4413 48 28
4575 35 5591 30 5890 50 29
10782 49 4584 28 2701 43 28
6313 37 4531 28 5966 48 28
4752 37 4978 29 3365 45 29
4274 34 3906 26 2862 41 26
7325 42 3216 24 3050 41 24
7842 42 4012 27 3409 40 27
4916 36 3912 26 2755 40 26
4991 35 3709 26 3736 44 26
5840 37 4365 27 3202 46 27
3573 37 3311 24 2473 39 24
5459 36 4789 28 3126 43 26
NaN NaN 5077 30 6472 53 30
12397 47 6046 32 6158 54 32
4975 34 3934 26 4207 40 26
7041 46 7646 36 3879 48 36
4391 36 4440 28 3049 43 28
NaN NaN 4206 27 6289 42 26
2056 29 5057 29 4981 46 29
3874 35 3105 23 4017 37 22
3080 31 3535 25 2589 39 25
8502 42 6292 33 3070 43 33
15397 41 6524 33 5324 51 31
