1474 27 1379 21 1537 39 19
2103 35 2370 30 962 38 30
1042 27 1669 23 2829 45 23
1646 35 1878 25 1415 44 25
1627 35 3588 35 1704 49 35
2568 35 2394 27 2019 47 27
3797 43 2982 33 932 41 33
1865 32 2076 24 1628 42 24
1760 33 2576 31 1219 40 31
3968 40 1774 24 1011 38 24
1045 28 2375 28 720 35 23
1585 35 2473 31 1479 44 31
1460 29 2194 26 1024 41 26
2452 36 1871 24 1114 36 24
865 26 2175 25 1321 41 25
2745 37 2374 29 1332 40 23
1854 34 1874 26 929 37 26
735 23 1369 21 1013 34 21
2361 39 1362 21 921 36 21
945 27 2178 27 1922 40 23
852 25 1899 24 1438 41 24
NaN NaN 1797 24 1219 42 24
844 27 2081 26 1320 48 26
645 21 1372 21 610 29 21
869 26 2173 24 1631 47 24
5806 45 2582 30 2132 51 28
757 24 1673 24 1236 40 24
2065 37 2580 31 1018 37 31
1160 29 2279 29 1328 44 29
554 20 1259 20 1213 36 20
