2711 36 2385 23 1119 39 23
3231 36 2382 23 1113 35 23
2717 37 3195 26 4110 50 25
4976 41 3402 28 1848 38 27
2096 31 2482 24 1663 42 24
2580 35 3301 27 1938 38 27
3007 37 2397 24 1718 38 22
4632 41 4300 31 1527 39 31
4095 42 5513 35 3402 49 35
3931 39 3997 31 3935 52 31
1398 27 3209 27 1937 39 27
6183 46 2895 25 4645 44 23
3679 39 4008 31 1982 47 31
2997 41 4126 31 1912 43 31
4175 41 2795 26 4453 45 26
2200 31 3492 29 2364 45 29
2896 33 2892 26 2238 48 26
2935 38 5024 34 3260 50 34
3863 39 3197 26 2090 49 26
2684 36 3290 28 2230 49 28
6137 43 5351 35 2766 50 35
2935 32 3030 26 2688 43 26
1290 26 2984 26 2321 39 24
1318 26 2307 24 1838 41 24
4402 38 3100 27 1240 38 27
3713 35 3282 27 1616 39 27
4640 40 3425 28 3995 44 28
3820 35 2387 23 2123 36 23
3124 35 3719 30 1527 40 30
1704 29 3195 27 2398 41 27
