100 7526 2083 8200
100 7697 1717 8427
100 7892 1731 8807
100 18326 2204 8200
100 18397 1681 8427
100 18592 1708 8807
100 16016 1611 7318
100 18101 1530 8888
100 18415 1754 8526
100 17496 1833 9238
100 15624 1552 8530
100 17999 1558 8484
100 17443 1591 9806
100 18779 1504 9560
100 16257 1545 8168
100 18343 1621 8222
100 18236 1389 8601
100 17207 1597 8520
100 16700 1233 7667
100 17904 1541 8884
100 16570 1452 8345
100 18942 1514 8247
100 18018 1693 8866
100 17831 1481 8994
100 17520 1801 8921
100 18213 1795 8895
100 19194 1563 9195
100 17667 1477 7958
150 27564 3646 12577
150 28352 2910 13257
150 27914 3356 13288
150 24703 2964 11858
150 27287 3163 13272
150 27649 3388 12872
150 26695 2755 13230
150 24020 2473 12728
150 26983 3227 12631
150 26009 3157 14048
150 28025 2662 13775
150 27199 3060 12822
150 28422 2836 12380
150 27287 2493 12562
150 25827 2835 12845
150 28506 2316 12122
150 26743 2772 12858
150 25254 2549 12298
150 28443 3293 12451
150 26893 2641 12757
150 26727 2808 13387
150 26425 3112 13364
150 27440 3083 13795
150 30861 2940 13657
150 26538 3436 12104
200 36837 5662 17058
200 37672 6321 17102
200 37240 5260 17747
200 33047 5571 16228
200 36334 6878 17481
200 36822 6971 16950
200 35563 4995 17532
200 34347 4540 16650
200 36061 5882 17140
200 34572 6024 18339
200 37351 5610 18265
200 36226 5577 16929
200 37881 5281 16397
200 36364 5716 16679
200 34348 5159 16719
200 37970 4519 15981
200 35570 5419 16775
200 33796 5348 16874
200 37820 6420 16182
200 39742 4795 17369
200 35557 5638 17549
200 37812 5676 17708
200 36515 5677 18048
200 41103 5724 18065
200 35443 5719 16363
250 47031 10097 21216
250 47113 10116 21435
250 46427 9610 21739
250 41354 8674 20446
250 45587 12354 22503
250 46056 10806 21272
250 44223 10189 20985
250 42892 7917 20622
250 45080 9451 21436
250 43111 10503 22476
250 46589 9135 22364
250 45178 9874 20745
250 47462 8774 20907
250 50035 10134 21167
250 44976 8874 21019
250 47520 8254 20153
250 44578 8239 21407
250 42746 9020 21013
250 47355 11255 20527
250 49719 10010 21884
250 44423 9484 21806
250 47311 9029 22301
250 45611 9809 22412
250 51245 11176 22041
250 44382 11327 20714
300 56336 16390 25074
300 56466 16566 25445
300 55717 17482 26078
300 49906 13971 24410
300 54692 19954 26914
300 55248 16615 25424
300 53414 18566 25336
300 51482 13662 24758
300 58272 18955 25577
300 51589 16242 26335
300 55943 16267 26971
300 54108 16451 24465
300 56956 14376 25018
300 60051 15718 25437
300 54077 13609 25600
300 57096 16625 24473
300 53404 15201 25332
300 51199 15065 24796
300 56883 19171 24852
300 59082 14855 26302
300 53394 17204 26404
300 56574 18359 25895
300 54589 15570 26314
300 61409 17712 26045
300 53256 17293 24776
350 67902 30587 29505
350 65909 27229 29720
350 64890 28805 29952
350 62011 26823 28222
350 63818 32488 31375
350 64533 27553 29931
350 62292 28252 29431
350 60514 24302 29318
350 68112 27910 30305
350 60217 26846 30830
350 65081 25524 31401
350 63439 29262 28400
350 66804 24689 29129
350 69975 24548 29356
350 63149 19494 30038
350 66782 27337 29064
350 62970 25356 29385
350 61119 26324 28866
350 66412 27869 29161
350 68975 25291 30883
350 62477 29270 30753
350 66081 28534 30472
350 68206 26342 30587
350 71609 29182 30266
350 62149 24901 28945
400 77602 46013 33706
400 75360 47285 34076
400 74235 44734 34516
400 74963 40163 32570
400 72847 51609 35456
400 73705 39672 33977
400 71239 37631 33757
400 69201 36612 33659
400 77891 39123 34751
400 73872 47802 34575
400 74212 41083 35083
400 73328 42430 32526
400 76345 38878 33247
400 79985 37866 33593
400 72070 30002 33878
400 76374 39215 33367
400 75597 49507 33656
400 80019 44306 33716
400 76740 45307 33443
400 78769 38508 35095
400 71852 41689 35219
400 75543 44826 34864
400 77830 42609 34466
400 81791 46752 34417
400 71935 37906 33479
450 87378 65958 38160
450 84850 61800 38606
450 83474 68932 38701
450 84342 60661 36685
450 82049 88074 40156
450 82966 58050 38337
450 80203 53375 38143
450 77846 51643 37754
450 87665 60698 39194
450 83102 70025 38881
450 83468 59888 39240
450 82618 65135 37024
450 85965 58011 37638
450 90090 54568 38158
450 81040 53080 37901
450 85910 57781 37493
450 85045 67494 37763
450 90017 63364 37872
450 86776 69063 37528
450 88562 57251 39179
450 81597 68195 38956
450 85047 67963 39437
450 87540 67114 38683
450 91953 68632 38433
450 80865 55143 37365
500 96979 90203 41885
500 94336 87183 43035
500 93189 88711 42718
500 100790 85088 41023
500 92129 150612 44415
500 92060 82673 42102
500 89241 77320 42738
500 86488 70549 41891
500 98929 90572 43626
500 92371 120893 43277
500 92803 87097 43711
500 91950 86378 41704
500 95563 83497 41970
500 100137 92079 42520
500 90057 79150 42141
500 95558 82124 41939
500 94522 92344 42027
500 100161 85567 42606
500 96989 93946 41928
500 98452 84389 43689
500 98088 100025 42909
500 94464 94334 43677
500 97255 94551 42828
500 102186 96138 42669
500 89752 82255 41024

