10 174 5900 174
10 177 5441 177
10 167 3942 167
10 150 4180 150
10 152 3393 152
10 182 6496 182
10 127 1486 127
10 162 2884 162
10 164 3199 164
10 194 7352 194
10 149 3058 149
10 155 4126 155
10 178 5141 178
10 156 2681 156
10 176 3930 176
10 175 5036 175
10 142 2148 142
10 128 1797 128
10 143 2624 143
10 142 2699 142
10 163 4029 163
10 159 3342 159
10 166 3612 166
10 151 2805 151
10 172 4282 172
20 174 7883 174
20 177 9593 177
20 167 6976 167
20 162 9008 162
20 152 5737 152
20 182 10249 182
20 168 8695 168
20 174 9435 174
20 167 5816 167
20 194 11979 194
20 165 6343 165
20 172 9555 172
20 178 8100 178
20 168 7542 168
20 176 7729 176
20 175 9979 175
20 185 8861 185
20 168 8662 168
20 170 7137 170
20 175 8996 175
20 167 6930 167
20 162 6147 162
20 166 7072 166
20 179 8047 179
20 172 7359 172
30 174 13095 174
30 177 13183 177
30 167 11891 167
30 184 16119 184
30 165 12622 165
30 182 13229 182
30 168 14761 168
30 174 11829 174
30 167 10658 167
30 194 18809 194
30 168 10496 167
30 172 14076 172
30 178 14427 178
30 173 9893 173
30 176 14556 176
30 175 12459 175
30 185 15474 185
30 168 11301 168
30 170 13137 170
30 175 11062 175
30 168 10186 167
30 181 15146 181
30 166 9103 166
30 179 13460 179
30 172 12293 172
40 174 17593 174
40 178 17314 178
40 167 17263 167
40 184 21436 184
40 175 19959 175
40 189 27339 189
40 NaN NaN NaN
40 174 19068 174
40 168 15470 167
40 194 23433 194
40 181 21839 181
40 172 15470 172
40 178 32000 178
40 173 16926 173
40 176 19223 176
40 175 17044 175
40 185 20070 185
40 168 14881 168
40 177 19605 177
40 175 17221 175
40 170 16219 170
40 181 26621 181
40 166 14975 166
40 179 15442 179
40 172 17763 172
50 174 19735 174
50 178 23566 178
50 170 95660 167
50 190 34141 190
50 175 25390 175
50 189 29028 189
50 NaN NaN NaN
50 174 21937 174
50 168 20009 167
50 196 32622 194
50 181 27867 181
50 172 21466 172
50 178 41488 178
50 173 22891 173
50 176 22715 176
50 180 25967 180
50 185 25433 185
50 168 22039 168
50 177 22391 177
50 175 23649 175
50 170 20540 170
50 181 23687 181
50 175 20266 175
50 179 25398 179
50 NaN NaN NaN
60 174 26259 174
60 178 29360 178
60 170 92050 167
60 190 42255 190
60 175 31135 175
60 189 45845 189
60 NaN NaN NaN
60 174 25693 174
60 167 26498 167
60 196 45991 194
60 181 31375 181
60 172 24793 172
60 178 57820 178
60 173 30882 173
60 179 31975 179
60 194 40076 194
60 185 60519 185
60 177 28131 177
60 177 50849 177
60 175 43518 175
60 183 30750 183
60 181 50664 181
60 175 28067 175
60 212 51584 212
60 NaN NaN NaN
70 198 45762 198
70 178 34566 178
70 170 265874 167
70 202 61947 202
70 176 34630 175
70 189 40954 189
70 NaN NaN NaN
70 174 30356 174
70 176 65298 176
70 196 48867 194
70 181 36307 181
70 172 27957 172
70 178 36723 178
70 173 292011 173
70 179 61694 179
70 194 42826 194
70 NaN NaN NaN
70 177 35039 177
70 177 283689 177
70 175 58965 175
70 183 36070 183
70 181 66224 181
70 175 30518 175
70 212 63276 212
70 NaN NaN NaN
80 198 56852 198
80 194 54290 194
80 NaN NaN NaN
80 202 95072 202
80 176 87685 175
80 189 50979 189
80 NaN NaN NaN
80 174 39488 174
80 190 50473 190
80 196 66469 194
80 185 44781 185
80 178 176876 175
80 196 68006 196
80 NaN NaN NaN
80 179 197304 179
80 194 91304 194
80 NaN NaN NaN
80 177 316500 177
80 177 68908 177
80 175 65465 175
80 183 40776 183
80 181 101306 181
80 NaN NaN NaN
80 212 89182 212
80 NaN NaN NaN
90 198 59816 198
90 194 63196 194
90 NaN NaN NaN
90 202 107782 202
90 176 49062 175
90 189 66517 189
90 NaN NaN NaN
90 174 89513 174
90 190 63082 190
90 196 121310 194
90 185 95608 185
90 183 129942 182
90 196 75227 196
90 NaN NaN NaN
90 193 121937 193
90 194 115429 194
90 NaN NaN NaN
90 186 102085 186
90 NaN NaN NaN
90 175 50421 175
90 183 221054 183
90 181 95100 181
90 NaN NaN NaN
90 212 107664 212
90 NaN NaN NaN
100 198 155330 198
100 194 76947 194
100 NaN NaN NaN
