15172 78 33473 74 9166 91 74
NaN NaN 35407 76 7223 84 76
21875 83 34594 75 13255 93 75
17328 83 19895 66 9460 80 66
16958 79 34436 76 8430 88 76
18441 86 30603 74 19631 94 74
NaN NaN 42316 80 8151 88 80
18385 83 33946 76 8291 94 76
18902 79 32141 73 15213 88 71
25748 86 33228 76 9824 94 76
20259 85 46243 83 16590 97 83
35988 103 91191 103 15195 103 103
14291 75 28182 70 9686 85 64
21493 74 19337 63 8648 85 63
23473 87 35948 76 13916 91 76
NaN NaN 32221 72 11521 86 72
35169 95 70052 93 9624 92 93
11208 72 29383 72 8788 82 72
30194 86 21199 64 8476 82 64
20544 73 24095 67 14029 82 67
27440 92 32441 73 9794 92 73
9928 70 34789 68 11383 84 68
21247 81 32262 73 7486 83 73
11462 72 26743 69 16867 97 65
NaN NaN 52693 85 11799 87 85
NaN NaN 49035 86 11482 91 86
22662 85 36652 79 9651 93 79
18902 79 23533 65 5130 80 64
21517 82 36281 74 6876 82 73
