21583 84 39181 76 9549 90 76
18410 77 37392 76 13805 92 76
18569 75 30680 69 10818 82 67
23025 83 50697 81 19924 87 79
20856 83 28762 68 16827 85 68
18298 80 37871 74 16031 87 70
20658 88 18485 61 11254 79 61
24270 88 59280 85 12664 91 81
NaN NaN 47381 78 11685 93 76
31216 93 60682 89 11262 99 89
17889 80 46990 80 11611 87 76
20076 79 36425 73 10087 92 69
32033 86 30594 70 11444 89 70
31336 84 29708 70 12566 93 70
18012 78 36381 74 9017 85 72
NaN NaN 54172 79 6945 77 73
25419 88 57356 86 23658 98 86
22349 81 49102 80 11858 86 72
19128 82 49721 81 25973 87 79
27256 84 46837 79 13631 92 79
18927 77 23602 65 15197 95 65
20744 85 55307 81 10651 91 81
23178 79 40226 76 12710 90 76
22543 89 58030 87 14922 91 87
36594 93 80149 93 11536 92 93
23362 82 50968 80 8894 88 79
26516 89 64952 86 10055 87 86
19627 80 32084 72 11684 87 72
29492 87 32087 72 12789 91 72
