18333 85 33567 80 13289 89 80
20270 81 34078 77 11499 86 73
8153 65 13448 59 11198 82 59
26614 94 31811 77 8707 84 75
16567 80 29010 72 9264 81 72
17451 87 45624 87 13400 90 87
13824 74 23851 72 9268 86 72
17137 80 30900 77 11311 89 77
22884 86 20665 68 10853 94 68
14195 79 29118 75 7130 83 75
23290 91 50427 90 11949 93 82
18110 81 25393 75 7284 93 75
18414 81 30491 75 11124 96 73
19174 73 18625 66 8220 88 66
10541 77 29872 72 13548 91 68
13664 78 21623 68 6550 85 68
17006 84 30100 71 7926 86 71
NaN NaN 22104 68 6825 77 68
19736 79 33230 77 8650 90 77
29349 102 81227 102 8768 103 102
19135 85 37103 82 10639 93 82
16119 85 43240 85 18091 90 85
12253 77 23732 71 8355 89 71
21245 79 18671 64 6979 76 62
19108 86 36600 81 12576 96 81
19352 86 39985 83 9212 96 83
NaN NaN 18048 66 9622 83 66
17974 88 38407 84 7993 89 84
22025 82 18799 68 13936 91 68
19869 83 32340 77 7024 85 75
