18669 86 29791 79 7448 97 79
NaN NaN 30438 80 4832 84 80
18688 77 18688 69 11242 91 68
12719 77 11298 60 5157 77 60
15886 78 10310 58 4574 72 58
15853 87 34101 82 6588 92 82
14375 78 21647 74 7302 95 73
12827 71 15314 65 6090 89 64
12682 75 14566 61 5508 78 61
15626 84 27175 79 8251 92 79
19841 85 31555 81 8462 89 81
14599 81 19835 71 9820 93 71
17482 74 12906 63 3212 80 63
7933 67 13912 61 7587 88 61
12458 83 30157 82 6394 89 82
15037 82 21244 74 6619 90 70
10058 76 23094 74 8512 91 74
13407 79 13011 63 4938 86 63
NaN NaN 40481 90 10697 95 90
23100 89 20279 69 6757 87 68
16734 87 22554 74 7070 86 74
13062 76 20063 71 17505 93 71
10332 72 17051 67 4301 80 67
17724 79 24622 75 6478 84 71
17662 95 47669 95 10017 106 93
11270 85 33238 84 11356 98 84
18785 87 33651 83 6161 94 83
25808 106 70256 106 13281 110 106
12390 76 22693 75 11071 90 75
11282 77 16400 68 5800 83 67
