44229 93 93407 93 13991 93 91
35262 84 61608 83 11977 91 83
39622 89 68365 85 14136 95 82
23315 80 43600 75 8636 85 75
32108 85 63767 77 18867 95 77
34653 81 40897 73 15379 89 73
34813 85 42527 73 18807 99 73
22664 78 24902 64 10322 78 64
25752 83 47720 77 14503 88 77
30420 88 35113 71 11544 102 71
35670 87 41684 71 16831 89 71
27729 84 57539 84 18655 96 84
28037 81 32763 68 11614 87 66
23524 78 39203 73 16314 91 73
35869 94 41161 72 20817 97 72
29438 83 52920 79 13252 93 75
31008 84 48031 77 27678 95 77
24328 73 24509 61 15451 84 61
34221 87 28795 65 14572 90 65
21923 77 32801 64 11598 85 64
103153 81 39701 71 12535 86 71
24989 77 34887 70 23889 84 70
27669 79 35195 69 14380 91 69
30987 90 63189 84 13866 96 84
31620 86 43168 75 17699 91 75
NaN NaN 66429 85 10564 92 85
27251 85 59425 81 16861 95 81
25732 85 51716 81 17131 90 81
25425 85 59654 82 25859 96 82
