8180 75 16650 72 6784 87 72
18795 77 15775 71 4899 90 70
5980 75 19104 75 3863 89 75
11309 79 18156 74 5028 86 72
6892 74 15817 70 4855 76 64
6203 74 16546 72 6034 82 72
10461 83 31498 83 4155 86 83
4961 68 13340 66 4520 83 66
10294 71 12580 64 4597 85 62
10724 77 16483 70 3410 83 70
8493 78 19979 76 4598 82 76
12649 87 23227 79 4489 87 79
4819 59 9377 59 3090 73 59
11598 76 14935 68 3845 79 66
10609 82 17131 74 6325 87 74
10500 81 11150 65 5033 85 65
11339 81 18855 75 7923 88 73
15741 85 12039 63 4302 80 63
11890 79 17064 72 7001 88 72
17965 95 40500 93 8709 95 87
7269 69 13528 66 3580 79 66
19282 100 53099 100 7375 100 100
6050 63 6293 54 1765 63 54
13507 75 16453 64 6230 89 63
9270 80 22705 76 7207 86 76
10730 84 28428 84 5168 91 84
12333 85 31258 85 4224 88 81
7917 72 12378 64 6732 88 64
9266 78 15444 72 7335 86 70
9624 84 24640 82 8991 93 82
