38238 88 91508 88 18208 95 88
29049 81 71978 80 20565 94 74
41026 92 91467 89 16946 95 89
41135 92 59269 78 18067 97 78
40734 90 73556 83 25731 97 83
44535 92 83161 86 20322 97 86
39994 87 61871 79 18952 96 77
36694 78 31255 62 14779 81 61
37559 82 48861 72 19061 91 72
35885 91 62734 80 17100 94 80
37727 88 79397 83 23176 90 81
96084 88 65298 82 17727 96 82
49533 95 124926 95 20266 104 95
32777 73 29974 62 17028 87 59
35856 89 98978 89 19378 100 85
28858 83 80731 83 23495 96 79
31433 83 61812 78 13927 89 78
34888 80 36898 67 21559 88 67
26575 79 54498 75 23797 94 75
33376 86 75805 82 15044 96 82
39032 92 61875 78 17750 99 76
50697 98 137408 96 19135 99 94
27381 77 29723 62 18542 80 62
36669 84 74801 80 17993 92 80
NaN NaN 37836 68 22273 99 68
39958 86 52874 75 46348 91 75
41376 88 47267 72 28390 98 69
39976 84 46624 73 16437 90 73
147165 82 55493 77 26104 95 77
36339 85 61755 79 14201 89 77
