20569 76 45191 74 16137 88 70
39467 86 55167 79 36612 98 79
32083 77 25708 62 17428 88 62
36045 87 30679 63 14464 85 63
33401 82 50954 74 21934 94 74
33959 89 84467 87 16861 92 87
27947 79 53027 75 15193 83 75
35607 84 63859 77 18776 92 77
38277 85 43514 72 19724 92 72
42161 82 65791 79 16486 98 77
38949 85 71871 84 21446 100 84
35203 79 56846 77 12371 88 77
34596 82 41582 72 9003 81 70
42682 85 57244 79 13384 88 79
34770 90 53478 78 18907 91 78
28304 82 50099 74 21988 107 74
34831 82 53312 75 15221 90 75
27131 80 52677 76 14018 90 74
37510 82 49027 76 15709 91 76
43026 96 110789 94 13738 97 92
34318 85 41531 74 18639 89 70
19608 75 45680 74 21896 89 74
26637 86 66754 82 21476 92 80
32451 77 46812 72 16293 93 71
37134 88 50515 74 25158 94 72
37167 84 26362 64 15388 82 64
39831 83 59945 78 23818 99 72
25907 80 38236 69 10980 89 69
28486 81 52002 76 18571 88 76
15021 71 33353 66 12626 84 66
