10 476 1609 232
10 345 615 190
10 367 733 204
10 425 724 259
10 358 612 203
10 412 829 216
10 366 529 225
10 360 613 211
10 318 511 184
10 410 525 276
10 385 513 262
10 360 713 205
10 327 522 200
10 419 714 245
10 382 520 245
10 358 626 205
10 292 312 190
10 392 514 253
10 398 625 245
10 403 714 219
10 254 308 165
10 389 617 238
10 409 616 266
10 352 413 226
10 281 310 191
20 957 2572 473
20 704 1020 415
20 838 1483 482
20 820 1566 414
20 872 2409 515
20 822 1851 417
20 821 1740 464
20 818 1474 471
20 767 1468 392
20 803 1259 502
20 759 1146 478
20 712 1250 402
20 716 941 409
20 909 2017 444
20 809 1123 510
20 841 1774 424
20 802 1451 431
20 773 1258 472
20 797 1136 480
20 822 1233 477
20 534 514 344
20 762 1161 425
20 788 1545 441
20 796 1365 476
20 732 1233 407
30 1440 4263 719
30 1213 2647 650
30 1248 2408 687
30 1227 2635 611
30 1284 4354 699
30 1238 2689 640
30 1200 2676 608
30 1206 2468 645
30 1300 3326 676
30 1321 3823 738
30 1126 1453 677
30 1077 2355 626
30 1066 1682 595
30 1373 3126 697
30 1204 1726 739
30 1258 3370 616
30 1212 2266 683
30 1149 1872 667
30 1189 1994 689
30 1243 2177 743
30 1043 1927 521
30 1161 2141 606
30 1190 2674 664
30 1200 2268 724
30 1274 2915 680
40 1917 6123 939
40 1621 3301 885
40 1658 4034 895
40 1640 3926 831
40 1712 6316 934
40 1649 4315 860
40 1623 4065 888
40 1585 3793 799
40 1739 4763 914
40 1770 5482 1001
40 1551 2155 932
40 1442 2792 870
40 1541 2699 804
40 1817 5360 898
40 1756 5385 952
40 1680 5068 830
40 1617 3933 903
40 1538 2606 879
40 1594 2686 930
40 1685 3676 969
40 1398 2582 688
40 1542 3002 800
40 1580 3832 874
40 1602 3060 959
40 1684 3962 875
50 2379 8677 1113
50 2011 4758 1066
50 2135 5445 1163
50 2063 4406 1074
50 2141 11001 1176
50 2065 5957 1067
50 2020 5472 1079
50 1990 6487 1029
50 2180 6386 1142
50 2193 6761 1189
50 1997 4952 1167
50 2124 5928 1133
50 1941 3809 1019
50 2267 6957 1108
50 2201 7455 1219
50 2102 6146 1040
50 2013 4804 1099
50 1972 4901 1097
50 1971 4026 1118
50 2101 5412 1189
50 1780 3384 920
50 1934 4109 1022
50 1964 5006 1072
50 1986 4426 1172
50 2107 5121 1098
60 2855 10918 1325
60 2411 6222 1288
60 2584 7499 1446
60 2474 6256 1282
60 2581 10288 1432
60 2489 7240 1311
60 2417 7234 1291
60 2387 6853 1233
60 2605 8215 1341
60 2638 8509 1434
60 2460 6636 1410
60 2539 7044 1336
60 2316 4558 1184
60 2746 9949 1382
60 2623 9535 1414
60 2517 7835 1231
60 2421 6299 1319
60 2367 6831 1313
60 2372 5693 1369
60 2496 6450 1362
60 2451 8074 1160
60 2327 5416 1246
60 2367 6643 1315
60 2394 5675 1423
60 2516 6941 1273
70 3327 13433 1526
70 2818 8150 1515
70 3011 8445 1673
70 2969 10353 1536
70 3080 11406 1657
70 3066 10446 1545
70 2795 8463 1480
70 2797 7485 1462
70 3400 15916 1605
70 3233 11325 1709
70 2925 8943 1603
70 2953 8873 1518
70 2721 6264 1423
70 3214 10935 1634
70 3064 11009 1648
70 2940 9670 1421
70 2820 7609 1525
70 2932 11459 1608
70 2761 8319 1555
70 2935 8960 1642
70 2877 9755 1382
70 2998 11241 1439
70 2750 7983 1511
70 2795 6900 1667
70 2938 7973 1460
80 3817 19212 1757
80 3218 11898 1719
80 3436 11923 1899
80 3403 13721 1750
80 3506 16841 1856
80 3526 14873 1819
80 3177 9855 1656
80 3191 9014 1650
80 3890 21569 1850
80 3706 35610 1958
80 3348 14331 1799
80 3471 14749 1785
80 3114 8462 1637
80 3672 13294 1866
80 3479 20037 1796
80 3367 10187 1645
80 3230 12790 1769
80 3365 19779 1860
80 3172 10382 1812
80 3331 9620 1801
80 3290 11674 1572
80 NaN NaN NaN
80 3141 9252 1711
80 3170 10300 1830
80 3362 9151 1678
90 4336 21142 2106
90 3923 27227 2018
90 3867 12264 2125
90 3843 59983 2001
90 3954 16993 2112
90 3962 13864 2045
90 3606 11060 1895
90 4066 24155 1898
90 4379 26018 2070
90 4170 38848 2193
90 3763 15794 1991
90 3897 19484 1978
90 3516 9874 1890
90 4248 15132 2137
90 3913 23130 1978
90 3790 14790 1850
90 3620 11781 1938
90 3876 13563 2137
90 3569 14701 2027
90 4221 25094 2073
90 3696 16424 1719
90 3875 19286 1906
90 3638 11014 1947
90 3582 12293 2068
90 3812 12644 1935
100 4811 27800 2324
100 4351 40119 2221
100 4307 17802 2388
100 4237 45634 2138
100 4390 32802 2340
100 4376 14672 2211
100 4019 16699 2130
100 4526 26512 2129
100 4866 100228 2286
100 NaN NaN NaN
100 4180 20661 2194
100 4317 27483 2136
100 3921 12086 2128
100 4707 18871 2333
100 4357 31023 2226
100 4223 16021 2080
100 4008 35630 2095
100 NaN NaN NaN
100 3975 26777 2266
100 4681 34243 2282
100 4131 18485 1956
100 4318 36404 2131
100 4033 15830 2140
100 4190 17011 2323
100 4213 18927 2096
