1100 263 383944 224
1100 273 399003 221
1100 262 417492 228
1100 262 382247 233
1100 268 417553 236
1100 253 389165 218
1100 254 375977 206
1100 245 367488 207
1100 269 388048 225
1100 266 360103 230
100 213 1756 210
100 222 1643 210
100 216 1606 211
100 188 1363 183
100 209 1585 208
100 212 1522 210
100 198 1746 196
100 183 1563 175
100 205 1561 204
100 196 2508 193
200 218 3554 210
200 228 3590 217
200 221 3420 211
200 200 3095 188
200 217 3290 208
200 214 3260 210
200 212 3288 202
200 205 3151 195
200 213 3279 204
200 206 3571 193
300 228 6415 218
300 233 5748 217
300 230 6218 211
300 206 6326 188
300 220 6548 208
300 218 6038 210
300 227 6111 202
300 209 6134 195
300 230 6554 224
300 207 6600 193
400 238 13027 221
400 235 11071 217
400 231 12136 211
400 222 12474 214
400 224 12795 208
400 222 11895 210
400 227 13166 202
400 213 11426 195
400 234 13060 224
400 218 13215 212
500 247 26235 221
500 238 21875 217
500 234 23161 212
500 245 25333 231
500 230 23226 208
500 224 21374 210
500 235 21839 202
500 218 21082 195
500 244 24495 225
500 225 23901 212
600 250 48295 221
600 243 39285 217
600 240 40173 222
600 245 42084 231
600 234 40105 208
600 234 37193 210
600 233 37879 202
600 224 39592 195
600 251 42436 225
600 228 40060 212
700 250 72773 221
700 248 71204 217
700 243 74572 222
700 247 72855 231
700 255 71315 236
700 241 67931 210
700 238 75621 205
700 235 71783 195
700 255 65829 225
700 229 68565 212
800 251 119101 221
800 261 114801 221
800 248 113352 222
800 248 111786 231
800 253 113735 236
800 242 105537 210
800 242 106882 206
800 240 115852 207
800 254 110606 225
800 237 104992 212
900 255 170055 221
900 270 175823 221
900 252 172012 222
900 256 183331 231
900 258 200847 236
900 250 189863 218
900 243 162707 206
900 243 165343 207
900 253 168843 225
900 240 181361 212
1000 254 278776 221
1000 268 256173 221
1000 256 276815 228
1000 257 279199 233
1000 261 294435 236
1000 252 257984 218
1000 247 252088 206
1000 244 248964 207
1000 268 267624 225
1000 247 242956 220
1200 257 559244 224
1200 276 606411 221
1200 261 552957 228
1200 268 588114 233
1200 268 695680 236
1200 261 503893 218
1200 254 556706 206
1200 252 529368 209
1200 275 609298 225
1200 272 555674 230
