20 90 2440 86
20 93 2881 89
20 73 1528 67
20 82 1669 77
20 84 2078 78
20 93 2499 89
20 106 3403 102
20 80 1707 78
20 96 2462 92
20 83 2004 81
20 90 2473 86
20 93 3163 89
20 73 1403 67
20 82 1671 77
20 84 2093 78
20 93 2837 89
20 106 3490 102
20 80 1593 78
20 96 2473 92
20 83 1927 81
20 88 1936 84
20 100 3159 98
20 78 1363 74
20 94 2497 88
20 94 2694 90
20 78 1473 72
20 99 3527 95
20 82 1827 76
20 97 2797 93
20 105 3310 101
20 86 2039 82
20 95 3089 93
20 100 3347 94
20 81 1815 77
20 82 2246 78
40 90 4829 86
40 93 5183 89
40 84 3834 82
40 88 4291 82
40 94 6303 90
40 93 5455 89
40 106 8894 102
40 80 3327 78
40 96 5852 92
40 83 4028 81
40 92 4767 88
40 108 9994 102
40 93 6585 88
40 111 10250 105
40 94 5603 90
40 99 6323 93
40 99 8300 95
40 106 9246 104
40 98 6284 94
40 105 7804 101
40 86 5102 82
40 95 7440 93
40 100 6666 94
40 101 8158 97
40 99 7353 95
60 90 9456 86
60 93 8371 89
60 85 6985 82
60 95 9392 91
60 94 10727 90
60 107 13547 101
60 106 15416 102
60 86 6553 82
60 96 8816 92
60 99 12185 93
60 102 10075 96
60 108 15952 102
60 103 12033 101
60 111 16871 105
60 98 9982 92
60 99 10136 93
60 99 12591 95
60 106 12723 104
60 98 11542 94
60 105 10991 101
60 86 7421 82
60 95 11565 93
60 100 10360 94
60 101 10780 97
60 99 13459 95
80 119 26990 115
80 93 14492 89
80 85 8545 82
80 114 22121 112
80 98 16079 96
80 107 18331 101
80 106 23282 102
80 89 9629 83
80 119 27227 113
80 99 14801 93
80 102 16200 96
80 108 19460 102
80 103 18472 101
80 111 20223 105
80 98 17234 92
80 99 14237 93
80 99 14852 95
80 106 19496 104
80 98 14268 94
80 105 17894 101
80 100 16282 96
80 111 23829 107
80 100 14708 94
80 101 17330 97
80 99 15977 95
100 119 38357 115
100 94 18242 90
100 85 11217 82
100 114 31875 112
100 98 18181 96
100 107 26200 101
100 106 26490 102
100 89 12467 83
100 119 36039 113
100 99 21513 93
100 102 18342 96
100 108 28312 102
100 103 20533 101
100 111 28217 105
100 98 19643 92
100 105 23551 101
100 99 19166 95
100 106 25096 104
100 98 18104 94
100 105 22332 101
100 103 22807 101
100 111 29130 107
100 100 21001 94
100 101 19288 97
100 99 22097 95
120 119 50412 115
120 112 39778 110
120 99 26241 95
120 114 42445 112
120 98 24614 96
120 112 37059 108
120 106 31079 102
120 89 15761 83
120 119 43446 113
120 99 25985 93
120 102 22531 96
120 108 33007 102
120 103 27314 101
120 111 35530 105
120 98 26342 92
120 105 27374 101
120 99 24432 95
120 106 30630 104
120 99 22572 97
120 105 28396 101
120 103 29996 101
120 111 39689 107
120 100 25012 94
120 101 24807 97
120 99 24879 95
140 119 60982 115
140 112 47569 110
140 99 31463 95
140 114 48249 112
140 98 29106 96
140 112 45730 108
140 106 40709 102
140 99 29080 97
140 119 57022 113
140 99 30679 93
140 102 30461 96
140 108 40933 102
140 103 34189 101
140 111 43875 105
140 98 31474 92
140 105 33663 101
140 99 30542 95
140 106 34989 104
140 115 55403 109
140 105 35014 101
140 104 35827 101
140 111 44297 107
140 100 29694 94
140 101 29438 97
140 99 31899 95
160 119 76073 115
160 112 57237 110
160 99 36267 95
160 114 60606 112
160 98 31612 96
160 112 54781 108
160 106 45771 102
160 99 34488 97
160 119 62817 113
160 99 34199 93
160 102 34424 96
160 108 49783 102
160 103 37060 101
160 111 51931 105
160 98 35551 92
160 105 40525 101
160 99 35002 95
160 106 44287 104
160 115 59866 109
160 105 42421 101
160 104 40444 101
160 111 54926 107
160 100 32124 94
160 115 57835 109
160 99 34922 95
180 119 84292 115
180 112 67226 110
180 109 57923 106
180 114 70653 112
180 102 46703 96
180 112 60098 108
180 106 55039 102
180 99 38905 97
180 119 77638 113
180 99 39554 93
180 102 41735 96
180 108 56042 102
180 111 64618 107
180 111 59075 106
180 98 39458 92
180 105 47731 101
180 105 47821 103
180 106 50732 104
180 115 73951 109
180 105 50475 101
180 104 46953 101
180 111 64800 107
180 103 42814 97
180 115 72820 109
180 99 41507 95
200 119 120563 115
200 112 77232 110
200 109 70695 106
200 114 74916 112
200 102 53649 96
200 112 73821 108
200 113 83392 109
200 100 45433 97
200 119 109945 113
200 99 44132 93
200 102 47579 96
200 108 62574 102
200 111 76918 107
200 111 68108 106
200 98 47941 92
200 105 55390 101
200 105 56573 103
200 106 55060 104
200 115 83713 109
200 105 56625 101
200 104 55483 101
200 111 75684 107
200 103 52049 97
200 115 78697 109
200 108 62795 102
