80214 183 30335 209 140
72098 174 32121 206 148
71199 178 29240 203 158
88316 182 31959 205 160
74273 177 29651 203 159
76864 179 30542 206 161
104411 188 30884 211 162
84624 183 29555 207 165
65104 178 28034 211 155
69765 171 33831 208 146
76778 185 29685 208 166
69861 181 35294 206 166
114106 173 30424 206 153
73827 177 37779 203 147
76307 178 28412 202 156
95407 183 28551 206 160
70152 179 32415 198 140
78211 184 36441 206 158
78268 173 30879 200 150
65832 173 29028 214 147
65309 176 31045 202 164
84575 172 34878 205 144
66934 177 33433 202 156
117698 178 31534 204 157
75690 175 31957 199 149
72561 177 32766 215 151
209118 180 30431 204 147
80271 178 30618 206 160
93446 177 29233 198 152
148481 181 30853 199 152
74937 178 32291 205 163
62935 173 29653 199 153
94946 179 37568 209 156
104504 184 33568 211 167
72798 182 30580 201 161
97407 178 30472 203 159
67087 180 28636 207 153
52716 169 28532 206 143
106253 179 29009 202 162
93478 179 29480 207 158
121208 184 29739 207 158
71311 171 30441 207 150
69882 176 29154 198 150
80528 177 28454 207 161
85199 182 29230 207 152
78248 177 28955 205 152
117608 176 29646 202 154
