95770 185 33364 204 155
91003 183 32838 201 158
86122 172 34360 208 148
754027 182 42364 208 163
127663 175 35049 210 152
137117 179 47799 203 152
112748 184 48668 214 168
127353 177 32879 203 157
124688 184 38463 203 157
202063 184 45220 211 162
137699 185 35629 210 161
118077 185 43867 209 167
113455 184 38500 208 166
103325 183 43329 207 156
101265 183 77950 206 158
726315 176 35207 206 155
118199 175 43374 202 148
118452 184 37388 209 166
132447 183 42430 211 166
144372 173 40531 214 147
130302 181 39515 208 158
110764 172 44652 208 142
89866 185 43772 214 165
118780 182 41731 203 161
147446 179 34239 207 159
131438 186 39503 215 170
740939 184 39256 202 163
110856 182 33884 201 154
177262 178 48031 206 156
144088 183 36696 205 157
353674 181 36791 208 160
724728 184 38877 206 152
116476 181 35535 213 154
104239 184 33584 201 160
106274 180 39650 198 155
113030 180 37870 203 156
131492 179 44118 205 156
199809 190 42056 209 163
110695 181 32711 205 162
126816 179 46202 204 163
