22262 169 14190 187 158
21835 175 13317 198 167
18267 158 13203 194 135
20707 169 13624 190 158
20410 166 13380 184 140
22333 182 13606 190 161
22696 175 13821 191 163
21757 176 12852 190 154
20695 166 13599 201 148
20177 163 13412 187 136
19541 164 13531 190 147
21404 161 13383 198 146
21245 165 13087 182 151
18910 160 13884 183 146
21428 174 13209 197 167
20008 162 13042 180 148
21297 165 13663 182 147
21625 171 13657 189 141
21377 164 13948 196 145
20373 164 13555 183 146
20924 169 14041 196 154
21078 168 13042 192 145
23080 180 13739 190 164
21594 172 13631 187 164
19063 157 13354 201 146
22752 173 13148 186 161
21985 174 13479 189 160
20811 166 13584 192 154
18408 158 13601 183 146
21834 174 13308 206 148
21884 175 13428 193 147
20981 168 13051 188 148
19909 164 13375 189 146
19112 165 13156 200 149
20487 171 13549 192 152
21826 169 13006 192 154
22020 172 13075 187 149
18956 165 13490 184 147
19456 165 13392 194 145
19972 167 13566 189 152
21898 176 13976 191 156
24076 176 13579 199 166
22038 167 13575 195 154
23068 175 13961 189 157
20455 164 13564 195 148
21481 166 13311 189 151
21391 169 13382 187 161
22457 169 13364 199 154
19221 170 13159 187 147
22068 166 12928 186 148
