34993 175 16296 201 165
27006 165 16881 194 152
29723 179 16502 195 161
32229 180 16508 210 169
33724 174 17155 202 158
29433 176 16214 195 160
33669 162 16020 195 145
29839 172 16468 194 156
25845 168 16284 187 143
29107 169 16800 192 152
27402 172 17552 199 153
28377 175 16507 193 162
28572 174 16848 197 151
31416 173 16507 200 166
25819 165 16895 193 152
31344 176 15978 189 155
29086 175 16126 195 161
28803 172 16844 195 153
28961 180 16925 200 149
30573 172 16375 187 156
28825 166 17017 190 151
26621 175 16702 205 154
26681 161 16222 190 146
27578 168 16325 195 150
26632 161 16725 195 145
26979 167 16756 201 147
30661 177 16398 198 168
27001 164 16965 188 146
27839 169 16280 192 147
26499 170 16120 192 151
27581 168 15917 194 146
28589 175 16970 197 165
27819 167 16257 192 148
29573 170 17273 199 152
29226 166 17742 196 149
24175 161 19912 186 145
29622 173 19724 199 155
37627 175 17222 201 164
27657 169 16844 192 149
29800 170 16316 194 156
29530 169 16579 203 151
32937 173 16500 198 163
29878 165 16790 205 140
30438 181 16241 198 165
34998 178 17127 204 170
28302 170 17258 205 144
31123 176 17358 197 159
33877 175 16420 191 149
30350 170 16085 190 159
32521 169 17020 195 150
