10 53 131 53
10 40 109 40
10 42 108 42
10 44 108 44
10 41 109 41
10 49 107 49
10 41 107 41
10 39 105 39
10 37 106 37
10 43 105 43
20 53 109 53
20 40 108 40
20 46 108 46
20 44 106 44
20 48 108 48
20 49 106 49
20 46 106 46
20 45 110 45
20 43 111 43
20 43 110 43
30 53 211 53
30 48 211 47
30 46 110 46
30 45 110 44
30 48 112 48
30 49 110 49
30 46 109 46
30 45 110 45
30 50 110 50
30 53 109 52
40 53 217 53
40 48 216 47
40 46 211 46
40 47 110 46
40 48 212 48
40 49 112 49
40 47 113 46
40 45 212 45
40 50 113 50
40 53 112 52
50 53 215 53
50 48 217 47
50 47 315 47
50 47 215 46
50 48 214 48
50 49 214 49
50 47 213 46
50 45 213 45
50 50 215 50
50 53 219 52
60 53 318 53
60 48 317 47
60 51 318 47
60 47 217 46
60 48 220 48
60 49 218 49
60 47 218 46
60 45 318 45
60 50 219 50
60 53 220 52
70 53 320 53
70 48 322 47
70 49 326 47
70 49 320 49
70 50 322 50
70 51 321 51
70 47 222 46
70 47 319 45
70 61 321 59
70 54 323 54
80 53 524 53
80 48 425 47
80 48 425 47
80 49 424 49
80 50 425 50
80 51 423 51
80 47 322 46
80 47 422 45
80 61 425 59
80 54 426 54
90 53 528 53
90 53 527 51
90 47 631 47
90 49 526 49
90 50 530 50
90 51 528 51
90 51 527 46
90 55 625 55
90 61 530 59
90 55 531 54
100 53 831 53
100 53 833 51
100 50 733 47
100 49 728 49
100 50 631 50
100 55 729 51
100 49 530 46
100 55 931 55
100 61 733 59
100 56 735 54
110 53 1140 53
110 53 1138 51
110 52 937 47
110 49 833 49
110 50 1040 50
110 55 836 51
110 54 933 46
110 55 1238 55
110 61 935 59
110 56 1035 54
120 53 2045 53
120 53 1139 51
120 52 1443 47
120 49 939 49
120 50 1143 50
120 55 1137 51
120 51 1139 46
120 56 1638 55
120 61 1140 59
120 58 1444 54
130 53 1949 53
130 53 1646 51
130 53 1346 47
130 55 1244 51
130 50 1550 50
130 54 1442 51
130 53 1346 46
130 57 2046 55
130 61 1648 59
130 57 2353 54
140 53 2655 53
140 53 2250 51
140 53 1752 47
140 54 1747 51
140 50 2257 50
140 58 2048 51
140 51 1751 46
140 55 2350 55
140 62 1891 59
140 58 2656 54
150 59 3968 53
150 53 2656 51
150 53 3061 47
150 57 2355 51
150 51 3164 50
150 58 2351 51
150 54 2567 46
150 55 3862 55
150 63 2957 59
150 64 3964 54
160 59 4571 53
160 54 3264 51
160 54 3669 47
160 58 2959 51
160 55 3867 50
160 57 3160 51
160 54 3567 46
160 58 3258 55
160 62 3060 59
160 59 5880 54
170 55 4472 53
170 56 3969 51
170 53 5988 47
170 60 4074 51
170 55 4070 50
170 62 4577 51
170 54 3565 46
170 56 4974 55
170 63 3772 59
170 57 9413 54
180 56 7696 53
180 57 5787 51
180 58 6090 50
180 61 6994 51
180 53 4580 50
180 66 5990 51
180 55 4073 46
180 55 6191 55
180 64 5586 59
180 58 8909 54
190 59 9921 53
190 58 7706 51
190 54 6496 50
190 59 6292 51
190 55 6697 50
190 59 7300 51
190 51 4682 46
190 56 6590 55
190 67 5588 59
190 60 10020 54
200 61 9011 53
200 59 8307 51
200 59 19893 50
200 61 10337 51
200 57 9114 50
200 57 11735 51
200 57 9318 47
200 60 9214 55
200 64 7504 59
200 60 16466 54
210 59 11027 53
210 62 10832 51
210 59 13857 50
210 64 19393 51
210 55 10022 50
210 67 14156 51
210 61 10327 47
210 61 9919 55
210 65 11333 59
210 65 21602 54
220 62 13955 53
220 58 14962 51
220 63 20501 50
220 66 14058 51
220 59 11031 50
220 60 18184 51
220 59 16979 47
220 62 12947 55
220 67 10530 59
220 62 31990 54
230 60 14358 53
230 59 16073 51
230 63 19795 51
230 67 27354 51
230 61 17583 50
230 61 22112 52
230 62 15572 47
230 63 18090 55
230 64 22575 59
230 63 32602 54
240 60 19098 53
240 58 25943 51
240 65 15076 51
240 64 25948 51
240 60 15768 50
240 69 27552 52
240 57 19500 47
240 61 24431 55
240 69 27660 59
240 65 34003 54
250 61 28966 53
250 65 24741 51
250 66 23836 51
250 71 26148 51
250 56 28660 50
250 62 51832 52
250 64 37331 49
250 62 26553 55
250 71 32795 59
250 61 48710 54
260 62 30982 53
260 60 30382 51
260 64 51335 51
260 64 33807 51
260 63 24957 50
260 69 31896 53
260 57 44186 49
260 61 33908 55
260 72 39653 59
260 62 72177 54
270 64 32705 53
270 63 48210 51
270 65 27265 51
270 67 47406 51
270 68 41723 50
