20 395 35856 395
20 328 7560 328
20 370 41387 370
20 343 50929 341
20 325 24163 325
20 319 17573 319
20 392 41712 392
20 326 41347 326
20 330 18741 330
20 324 54905 324
20 343 36783 343
20 433 28209 433
20 271 28519 271
20 293 17134 293
20 365 64787 365
20 336 17563 336
20 349 55544 349
20 346 26934 346
20 362 17808 362
20 344 24286 344
20 370 37361 370
20 320 8511 320
20 313 18671 313
20 347 20080 347
20 320 35068 320
40 395 62881 395
40 359 57055 359
40 370 85760 370
40 343 112755 341
40 325 64362 325
40 325 45018 325
40 392 86612 392
40 351 72139 351
40 330 26404 330
40 324 99113 324
40 382 87200 382
40 433 113202 433
40 384 122829 382
40 352 88408 352
40 365 67975 365
40 362 57466 362
40 349 118914 349
40 380 80424 380
40 362 79356 362
40 347 113577 347
40 370 83735 370
40 320 71716 320
40 359 62128 359
40 347 40319 347
40 351 93182 351
60 395 114890 395
60 359 88161 359
60 370 191480 370
60 343 132836 341
60 357 105868 357
60 335 104030 335
60 392 180627 392
60 368 136607 366
60 359 33731 359
60 324 137652 324
60 382 129761 382
60 433 242355 433
60 384 175609 382
60 352 122208 352
60 365 132060 365
60 362 186852 362
60 349 149897 349
60 380 125071 380
60 362 118257 362
60 347 257083 347
60 378 180873 378
60 323 156916 323
60 359 109829 359
60 347 86951 347
60 351 104097 351
80 395 153980 395
80 383 225054 383
80 NaN NaN NaN
80 362 170963 362
80 357 234584 357
80 355 194825 353
80 392 205618 392
80 368 229159 366
80 359 78188 359
80 339 187230 339
80 NaN NaN NaN
80 NaN NaN NaN
80 384 241748 382
80 352 216674 352
80 365 164120 365
80 368 244459 368
80 412 191681 410
80 380 225776 380
80 363 217209 363
80 NaN NaN NaN
80 378 242364 378
80 376 291471 376
80 359 210107 359
80 347 162763 347
80 372 170938 372
100 395 211373 395
100 NaN NaN NaN
100 NaN NaN NaN
100 368 280424 367
100 NaN NaN NaN
100 355 241725 353
100 392 234878 392
100 NaN NaN NaN
100 359 88658 359
100 339 256121 339
100 NaN NaN NaN
100 NaN NaN NaN
100 NaN NaN NaN
100 NaN NaN NaN
100 NaN NaN NaN
100 368 285577 368
100 412 260375 410
100 NaN NaN NaN
100 363 301600 363
100 NaN NaN NaN
100 NaN NaN NaN
100 NaN NaN NaN
100 NaN NaN NaN
100 347 186180 347
100 372 298292 372
