20 397 2608 395
20 332 2448 328
20 374 2443 370
20 345 2650 341
20 329 2407 325
20 321 2509 319
20 396 2640 392
20 332 2339 326
20 332 2391 330
20 328 2609 324
20 351 2616 343
20 435 2512 433
20 278 2471 271
20 295 2435 293
20 370 2720 365
20 336 2530 336
20 350 2681 349
20 350 2718 346
20 372 2672 362
20 344 2664 344
20 378 2842 370
20 320 2540 320
20 319 2397 313
20 349 2679 347
20 324 2609 320
40 397 3051 395
40 365 3008 359
40 374 3070 370
40 346 3259 341
40 329 2936 325
40 332 2972 325
40 397 3084 392
40 353 2877 351
40 332 2833 330
40 328 3236 324
40 384 3213 382
40 435 3230 433
40 386 3052 382
40 360 2890 352
40 367 3220 365
40 366 3253 362
40 350 3371 349
40 386 3171 380
40 372 3252 362
40 355 3340 347
40 378 3320 370
40 320 3150 320
40 370 2831 359
40 350 3176 347
40 358 3357 351
60 397 3531 395
60 365 3439 359
60 374 3514 370
60 346 3698 341
60 359 3654 357
60 341 3652 335
60 396 4079 392
60 374 3670 366
60 367 3510 359
60 328 3758 324
60 384 3768 382
60 435 3817 433
60 386 3349 382
60 360 3383 352
60 367 3687 365
60 366 3699 362
60 350 3808 349
60 386 3941 380
60 373 3735 362
60 355 3992 347
60 385 3674 378
60 327 3550 323
60 370 3585 359
60 350 3734 347
60 358 3892 351
80 397 4143 395
80 385 4395 383
80 374 4203 370
80 366 4453 362
80 359 4287 357
80 355 4335 353
80 399 4755 392
80 374 4329 366
80 369 3937 359
80 350 4362 339
80 394 4602 388
80 435 4325 433
80 386 4147 382
80 363 4257 352
80 367 4094 365
80 375 4339 368
80 419 4675 410
80 386 4916 380
80 375 4499 363
80 355 4637 347
80 385 4731 378
80 382 4427 376
80 370 4236 359
80 350 4261 347
80 380 4574 372
100 397 5215 395
100 385 5475 383
100 386 5445 379
100 373 5725 367
100 359 5088 357
100 355 5032 353
100 396 5526 392
100 374 4839 366
100 369 4510 359
100 350 5292 339
100 396 5470 388
100 435 5334 433
100 417 4831 417
100 380 4744 373
100 386 4900 377
100 374 5137 368
100 419 5412 410
100 386 5576 380
100 378 5268 363
100 356 5496 347
100 385 5560 378
100 382 5290 376
100 370 5347 359
100 350 4913 347
100 380 5239 372
120 403 6012 395
120 385 6011 383
120 386 6169 379
120 374 6156 367
120 365 5727 361
120 355 5605 353
120 396 6022 392
120 374 5544 366
120 369 5123 359
120 350 5991 339
120 407 6351 395
120 435 6199 433
120 417 6045 417
120 382 5491 373
120 386 5869 377
120 399 6071 395
120 421 6219 410
120 428 6394 422
120 377 5941 363
120 356 5976 347
120 385 6494 378
120 382 6528 376
120 381 6018 371
120 364 5587 360
120 406 6191 403
140 408 7122 401
140 385 7108 383
140 386 6879 379
140 373 6784 367
140 367 6806 361
140 383 7122 371
140 398 7338 392
140 377 6527 370
140 369 6605 359
140 350 6651 339
140 405 7253 395
140 435 7247 433
140 421 7359 417
140 382 6690 373
140 410 7169 400
140 416 7437 416
140 419 7604 410
140 428 7502 422
140 377 7282 363
140 375 7193 368
140 385 7635 378
140 382 7143 376
140 383 7149 371
140 364 6405 360
140 406 7151 403
160 407 7831 401
160 385 8295 383
160 392 8282 379
160 373 8084 367
160 387 8366 383
160 383 8296 371
160 399 8631 392
160 377 7485 370
160 369 7408 359
160 354 7874 339
160 405 8919 395
160 435 8358 433
160 419 8148 417
160 380 8130 373
160 410 8491 400
160 416 8142 416
160 419 8910 410
160 428 9190 422
160 376 8369 363
160 375 8530 368
160 385 8933 378
160 383 8321 376
160 385 8253 371
160 364 7491 360
160 406 8130 403
180 407 9395 401
180 385 9463 383
180 400 9730 392
180 378 9634 367
180 387 9533 383
180 383 10125 371
180 400 9659 392
180 377 8855 370
180 369 8702 359
180 355 8724 339
180 405 11629 395
180 435 10025 433
180 418 9070 417
180 389 9970 376
180 410 10408 400
180 416 9861 416
180 421 10514 410
180 428 10445 422
180 377 9956 363
180 375 10187 368
180 400 10527 392
180 383 10154 376
180 385 10484 371
180 364 8671 360
180 405 9436 403
200 408 11330 401
200 385 11187 383
200 400 12067 392
200 373 11510 367
200 387 11383 383
200 383 11880 371
200 400 11159 392
200 380 11209 370
200 369 9800 359
200 414 10681 408
200 404 13574 395
200 435 11530 433
200 417 10590 417
200 389 13455 376
200 410 11620 400
200 416 10833 416
200 421 12247 410
200 428 13803 422
200 378 10930 363
200 378 11926 368
200 399 12944 392
200 383 12015 376
200 384 11404 371
200 364 9742 360
200 403 11201 403
220 406 12513 401
220 387 13491 383
220 400 14712 392
220 415 12340 411
220 388 14210 383
220 387 13469 376
220 403 13521 392
220 387 12622 370
220 377 11473 364
220 414 13100 408
220 410 16317 395
220 435 13140 433
220 419 13702 417
220 387 13808 376
220 413 14234 400
220 418 13291 416
220 418 14560 410
220 428 15687 422
220 378 13016 367
220 379 14247 368
220 400 15140 392
220 383 13240 376
220 387 13381 371
220 364 11023 360
220 403 12958 403
240 413 15421 401
240 400 19111 391
240 400 15600 392
240 416 16373 411
240 387 15950 383
240 391 14790 385
240 408 16931 392
240 386 16884 370
240 405 14166 399
240 414 14529 408
240 407 19549 395
240 435 15459 433
240 417 15173 417
240 402 16112 376
240 410 14590 400
240 419 17146 416
240 423 17719 410
240 428 18337 422
240 380 17274 367
240 378 15712 368
240 403 17470 392
240 383 16324 376
240 387 16625 371
240 366 13938 360
240 403 15321 403
260 413 18605 401
260 399 21950 391
260 400 20497 392
260 415 19365 411
260 388 21232 383
260 391 18313 385
260 406 22467 392
260 386 20893 370
260 405 16609 399
260 415 18002 408
260 410 22901 395
260 435 18429 433
260 417 17391 417
260 403 21581 376
260 410 18408 400
260 419 22252 416
260 420 21064 410
260 428 20848 422
260 386 19604 385
260 380 19467 368
260 403 22822 392
260 383 18798 376
260 390 18228 371
260 367 15798 360
260 403 18197 403
280 411 21315 401
280 398 23984 391
280 402 22883 392
280 419 22359 411
280 394 24160 383
280 395 20860 385
280 409 24677 392
280 389 24501 370
280 414 18321 399
280 417 19912 408
280 407 31930 395
280 435 20506 433
280 417 21596 417
280 400 22885 376
280 410 22638 400
280 418 24819 416
280 422 24174 410
280 439 27820 422
280 387 21120 385
280 378 23376 368
280 408 27720 392
280 383 22678 376
280 402 23853 371
280 385 20171 374
280 405 23562 403
300 408 26754 401
300 399 28972 391
300 403 26760 392
300 415 26448 411
300 394 27245 383
300 391 26177 385
300 407 27740 392
300 386 26262 370
300 405 22160 399
300 414 22626 408
300 407 35211 395
300 435 24296 433
300 426 31015 417
300 407 27020 376
300 412 28288 400
300 418 30251 416
300 424 26370 410
300 438 31134 422
300 387 26908 385
300 382 25138 368
300 409 33388 392
300 383 24813 376
300 399 32935 371
300 394 23087 387
300 406 28642 403
320 410 30533 401
320 398 34672 391
320 414 33766 392
320 416 31028 411
320 406 35021 383
320 391 28946 385
320 416 34989 392
320 388 31976 370
320 407 26364 399
320 414 27182 408
320 411 41924 395
320 435 28251 433
320 427 34873 417
320 393 30288 376
320 413 35380 400
320 421 35426 416
320 422 31031 410
320 437 36373 422
320 388 34082 385
320 390 31407 368
320 408 46100 392
320 386 28625 376
320 416 37487 376
320 397 26718 387
320 404 28976 403
340 410 36277 401
340 407 39142 391
340 410 38445 392
340 417 39144 411
340 393 36044 383
340 390 32698 385
340 420 41995 392
340 397 35948 370
340 410 31585 399
340 417 32241 408
340 413 45530 395
340 435 36140 433
340 427 40987 417
340 414 46410 376
340 413 38127 400
340 418 40080 416
340 424 37857 410
340 438 51355 422
340 387 42533 385
340 381 35379 368
340 409 66741 392
340 389 34342 376
340 413 52166 376
340 394 34424 387
340 405 37548 403
360 409 44167 401
360 404 46897 391
360 418 43109 392
360 423 49504 411
360 406 44223 383
360 392 37739 385
360 422 51531 392
360 394 43209 370
360 416 38393 399
360 418 40108 408
360 413 49465 395
360 435 50836 433
360 428 46614 417
360 395 46771 376
360 428 47571 425
360 419 49943 416
360 418 46373 410
360 437 60649 422
360 387 46918 385
360 403 41552 395
360 413 52860 392
360 389 43369 376
360 417 52536 387
360 430 42476 413
360 404 39119 403
380 408 49453 401
380 409 58303 391
380 417 50296 392
380 423 56969 411
380 407 56031 383
380 393 44677 385
380 417 58048 392
380 403 52867 379
380 413 45142 399
380 417 45897 408
380 407 58622 395
380 435 50229 433
380 427 49357 417
380 399 55621 376
380 425 52461 425
380 418 53070 416
380 424 51939 410
380 438 76190 422
380 397 59100 385
380 410 51108 395
380 418 73692 392
380 386 48486 376
380 409 54700 387
380 431 46157 413
380 406 46052 403
400 408 50583 401
400 412 60640 391
400 411 60171 392
400 421 67970 411
400 401 62249 383
400 398 54014 385
400 417 69155 392
400 414 60997 379
400 411 53366 399
400 422 48322 408
400 409 73216 395
400 435 63836 433
400 427 60437 417
400 407 59094 376
400 426 60305 425
400 419 58318 416
400 424 58686 410
400 435 80489 422
400 398 63489 385
400 404 62664 395
400 415 76144 392
400 389 51684 376
400 413 66038 387
400 426 59328 413
400 404 53313 403
420 412 61333 401
420 407 72011 391
420 420 115403 392
420 421 71328 411
420 413 87371 385
420 391 65939 385
420 421 80456 392
420 413 77024 379
420 416 76596 399
420 423 60600 408
420 411 87187 395
420 435 77253 433
420 441 79230 417
420 418 72353 376
420 430 70782 425
420 426 66416 416
420 422 72918 410
420 440 93161 422
420 398 74867 385
420 408 69526 395
420 413 86550 392
420 388 64802 376
420 422 83747 387
420 425 68198 413
420 408 62097 403
440 412 64120 401
440 407 76284 391
440 419 86079 392
440 440 96417 411
440 415 89277 392
440 398 78399 385
440 421 87269 392
440 407 88991 379
440 418 71871 399
440 422 69956 408
440 413 102537 395
440 435 100582 433
440 435 80673 417
440 414 91350 379
440 432 89616 425
440 429 82207 416
440 430 90739 410
440 440 112555 422
440 441 85610 420
440 410 114252 395
440 417 117225 392
440 389 70520 376
440 406 87394 387
440 428 70685 413
440 407 69532 403
460 416 76562 401
460 425 101974 405
460 422 106569 401
460 425 100408 411
460 416 103287 392
460 396 83869 385
460 415 102090 392
460 415 95163 379
460 422 73660 401
460 424 83088 408
460 410 106960 395
460 435 98122 433
460 443 114875 417
460 418 102773 379
460 433 102084 425
460 430 107850 416
460 430 100747 410
460 443 123564 422
460 445 134614 420
460 410 100326 395
460 415 114334 392
460 413 88300 387
460 417 106735 387
460 432 85955 413
460 410 88677 403
480 419 94989 401
480 427 112200 405
480 424 109809 401
480 426 101550 411
480 416 117364 392
480 396 119812 385
480 424 122244 392
480 410 99590 379
480 422 98936 401
480 421 92459 408
480 415 145590 395
480 435 121188 433
480 433 118012 417
480 425 115049 379
480 428 106723 425
480 426 114181 416
480 434 121679 410
480 446 148958 422
480 443 140123 420
480 409 108450 395
480 419 127279 392
480 415 99967 396
480 420 104916 387
480 437 90577 413
480 410 97488 403
500 421 110794 401
500 427 117919 405
500 422 136958 401
500 430 140424 411
500 419 129033 392
500 398 115709 385
500 431 147198 392
500 409 112397 379
500 421 114277 401
500 430 128409 408
500 413 152347 395
500 435 141047 433
500 434 153093 417
500 414 116671 379
500 436 127159 425
500 423 122799 416
500 433 122692 410
500 445 165275 422
500 445 155070 420
500 410 148903 395
500 414 144796 392
500 429 122280 396
500 411 129036 387
500 433 126153 413
500 408 105308 403
520 419 114189 401
520 426 161922 405
520 421 147586 401
520 426 150858 411
520 417 131923 392
520 403 152899 385
520 421 153921 392
520 411 129415 379
520 426 141034 401
520 423 137804 408
520 415 166078 395
520 435 141185 433
520 435 163864 417
520 425 135922 379
520 432 157572 425
520 424 147253 416
520 437 146255 410
520 441 192904 422
520 439 170905 420
520 412 141167 395
520 425 175440 392
520 420 146130 396
520 432 191096 387
520 432 148250 413
520 408 115255 403
540 417 144373 401
540 437 143428 425
540 429 167833 401
540 446 172806 411
540 416 151868 392
540 408 168311 385
540 426 170042 392
540 424 156387 390
540 422 156066 401
540 435 164564 408
540 413 215453 395
540 438 173873 433
540 433 205057 417
540 419 159014 379
540 443 172053 425
540 422 166457 416
540 435 162380 410
540 444 257437 422
540 443 197020 420
540 424 204845 395
540 426 197436 392
540 413 175318 396
540 430 218955 394
540 439 153550 413
540 416 145535 403
560 435 169596 401
560 441 176594 425
560 430 192538 401
560 448 188710 411
560 426 227229 392
560 415 197460 385
560 433 189598 392
560 423 177805 390
560 429 160426 401
560 430 181952 408
560 417 220439 395
560 444 204305 433
560 432 225353 417
560 412 209392 379
560 441 195750 425
560 427 186927 416
560 441 199131 410
560 455 248084 422
560 468 210129 436
560 422 182710 395
560 426 249190 392
560 416 174878 396
560 433 226435 394
560 432 178145 413
560 417 185976 403
580 439 194212 401
580 437 192596 425
580 434 219666 401
580 429 215361 411
580 423 219708 392
580 405 220940 385
580 417 227700 392
580 417 209276 390
580 420 156226 401
580 427 210098 408
580 416 235450 395
580 450 223093 433
580 432 249224 417
580 414 183841 379
580 448 204004 425
580 429 206292 416
580 436 203709 410
580 455 259183 422
580 468 249188 436
580 419 193737 395
580 422 268117 392
580 421 227534 396
580 429 262540 394
580 434 194252 413
580 423 197403 403

