431421 52 600000 52 600000 52 52
273283 52 600000 52 600000 52 52
600000 51 600000 51 600000 51 51
207839 49 600000 49 600000 49 49
600000 53 600000 53 600000 53 53
205832 52 312476 51 600000 51 51
600000 55 600000 55 600000 55 55
531576 54 600000 54 600000 54 54
347477 51 341307 51 600000 51 51
175129 47 146390 46 600000 45 45
600000 51 600000 51 600000 51 51
473702 51 570812 50 600000 50 50
498621 54 600000 54 600000 54 54
414718 52 548250 52 600000 52 52
600000 56 600000 56 600000 56 56
249770 49 503713 49 600000 49 49
600000 54 600000 54 600000 54 54
335820 51 460035 50 600000 50 50
196111 50 492260 50 600000 50 50
434211 53 266426 50 600000 50 50
218659 51 600000 50 600000 50 50
600000 47 468556 47 600000 47 47
280200 48 378151 47 600000 47 47
351434 52 316442 50 600000 50 50
261614 53 600000 53 600000 53 53
323346 52 555413 50 600000 50 50
315141 51 467416 49 600000 49 49
600000 55 600000 55 600000 55 55
600000 51 600000 51 600000 51 51
392763 56 600000 55 600000 55 55
