39365 50 64822 49 600000 49 49
38113 45 42534 44 600000 44 44
80940 51 123017 50 600000 50 50
61099 50 163089 49 600000 49 49
58727 51 85100 51 600000 51 51
104696 53 151483 52 600000 52 52
89199 52 184879 52 600000 52 52
128463 51 74624 50 600000 49 49
83608 53 140474 52 600000 52 52
64402 48 106375 48 600000 48 48
44925 47 73100 46 600000 46 46
97806 53 157281 52 600000 52 52
90224 53 168576 53 600000 53 53
61345 53 96864 53 600000 53 53
242314 55 600000 53 600000 53 53
38535 50 59481 50 600000 50 50
229080 55 161248 52 600000 52 52
71064 51 88550 49 600000 49 49
92166 51 84306 48 600000 48 48
125508 53 256097 53 600000 53 53
145791 52 114613 51 600000 51 51
59313 50 159692 50 600000 50 50
84236 55 223369 54 600000 54 54
108616 55 345002 55 600000 55 55
172062 52 81832 49 600000 49 49
61393 49 113375 48 600000 48 48
58471 48 69239 47 600000 47 47
139232 55 203317 54 600000 54 54
146659 54 202687 53 600000 53 53
