202972 53 470250 53 600000 53 53
184544 50 243458 49 600000 49 49
437243 53 275724 50 600000 50 50
119300 54 276388 54 600000 54 54
64251 46 91177 46 600000 46 46
147997 50 176316 49 600000 49 49
151940 52 243899 52 600000 52 52
45121 46 129118 46 600000 45 45
152232 53 181643 52 600000 52 52
281190 54 236947 52 600000 52 52
106214 50 156072 50 600000 50 50
119484 51 191909 50 600000 50 50
215684 56 451202 56 600000 56 56
140695 50 176941 50 600000 50 50
132429 49 158073 48 600000 47 47
135862 45 68661 43 600000 43 43
245062 52 157442 48 600000 48 48
182840 52 268099 52 600000 52 52
221344 53 204520 52 600000 52 52
230992 51 109945 48 600000 48 48
75986 48 266511 48 600000 48 48
159533 51 465724 51 600000 51 51
307708 50 234069 48 600000 48 48
112154 52 160593 52 600000 52 52
290146 53 90446 44 600000 43 43
89040 48 104138 47 600000 47 47
378386 50 203648 48 600000 48 48
210715 54 358735 52 600000 52 52
300670 53 316015 51 600000 51 51
89066 53 196398 53 600000 53 53
