70928 54 74900 54 600000 54 54
11202 45 19893 45 600000 45 45
18811 48 43329 48 600000 48 48
27865 53 54787 53 600000 53 53
24074 50 39705 50 600000 50 50
27577 52 49811 52 600000 52 52
17226 47 24469 46 600000 46 46
14365 49 33669 49 600000 49 49
16655 46 23110 46 600000 46 46
14824 47 32691 47 600000 47 47
12676 44 16787 43 600000 43 43
24218 48 45091 48 600000 48 48
24604 51 39206 51 600000 51 51
14760 48 39559 48 600000 48 48
45445 52 66912 52 600000 52 52
22169 47 34742 47 600000 47 47
16016 48 29495 47 600000 47 47
17239 46 27057 46 600000 46 46
15808 49 39617 49 600000 49 49
12965 47 26237 47 600000 47 47
18544 49 35868 49 600000 49 49
113333 49 64174 50 600000 49 49
32799 50 37191 50 600000 50 50
27164 48 63125 48 600000 48 48
24728 52 58583 52 600000 52 52
13475 49 30616 49 600000 49 49
50320 53 61458 53 600000 53 53
15630 46 27207 46 600000 46 46
15744 48 37220 47 600000 47 47
23728 48 44771 48 600000 48 48
