195565 51 560379 50 600000 50 50
189195 52 600000 52 600000 52 52
363181 52 373002 49 600000 49 49
424497 53 280966 50 600000 50 50
226312 52 295359 49 600000 49 49
105058 47 300897 47 600000 47 47
504944 54 426776 54 600000 54 54
165350 47 281051 46 600000 46 46
536300 53 399142 53 600000 53 53
600000 49 216198 49 600000 49 49
355103 54 440557 52 600000 52 52
355770 54 388972 54 600000 54 54
215232 50 378028 50 600000 50 50
251714 53 581814 52 600000 52 52
363696 54 397485 52 600000 52 52
212318 52 298704 50 600000 50 50
177330 48 178891 48 600000 48 48
415155 54 477795 52 600000 52 52
137763 53 414217 53 600000 53 53
150531 48 203434 46 600000 46 46
311433 53 359823 51 600000 51 51
207433 52 564859 52 600000 52 52
248888 53 600000 53 600000 53 53
118384 52 360880 52 600000 52 52
600000 46 191529 46 600000 46 46
600000 54 600000 54 600000 54 54
90998 48 237887 46 600000 45 45
440059 53 453247 50 600000 49 49
234281 50 282279 49 600000 49 49
243993 52 588988 52 600000 52 52
600000 51 447945 51 600000 51 51
245388 54 552037 53 600000 53 53
449224 52 477495 50 600000 50 50
156650 50 203818 50 600000 50 50
