12833 53 16257 53 338655 53 53
8589 53 16497 53 332234 53 53
5336 46 10380 46 147476 46 46
5686 51 12500 51 118809 51 51
11841 52 15065 52 172879 52 52
6817 49 11604 49 218757 49 49
3536 40 6049 40 55643 40 40
4607 46 9989 46 116678 46 46
5971 48 12073 48 313579 48 48
3947 43 6738 42 46620 42 42
5810 47 11176 47 131356 47 47
4991 46 9503 46 91801 46 46
6896 47 8950 45 103718 45 45
6048 48 11907 48 184949 48 48
6242 43 7852 43 102503 43 43
6275 51 14761 51 303713 51 51
8115 52 13681 52 490800 52 52
5368 48 9675 48 84717 48 48
6132 48 10401 48 132387 48 48
5736 49 10392 49 127819 49 49
5683 48 8756 48 151546 48 48
6697 49 11297 49 138726 49 49
5368 45 6835 42 64772 42 42
7362 53 13997 53 184752 53 53
8172 49 13130 49 127906 49 49
5467 47 10428 47 162470 47 47
4194 44 7774 44 55835 44 44
10206 48 6302 43 80534 43 43
7158 52 15052 52 263525 52 52
4909 44 7729 44 99271 44 44
