9667 47 24594 48 600000 47 47
9949 45 16781 45 328504 45 45
12510 50 20784 50 600000 50 50
9479 47 17919 47 504880 47 47
8488 48 17236 48 389222 48 48
9626 51 20730 51 600000 51 51
10047 51 23168 51 600000 51 51
11681 51 28159 51 600000 51 51
10047 46 16020 46 410954 46 46
11281 46 13334 46 600000 46 46
156003 47 14854 46 293950 46 46
9006 48 17086 48 600000 48 48
10704 51 22978 51 600000 51 51
13587 49 19377 49 600000 49 49
27689 51 21906 51 600000 51 51
8413 48 14541 48 545442 48 48
10355 46 11128 44 310221 44 44
11050 49 18448 48 527003 48 48
9411 49 18506 49 599707 49 49
16008 46 10264 42 393968 42 42
7184 46 17135 46 479886 45 45
8203 46 15834 46 490876 46 46
17790 46 11116 42 314824 42 42
10250 47 15853 47 600000 47 47
8100 44 14774 44 369547 44 44
12664 51 20000 49 600000 49 49
8100 44 14774 44 369547 44 44
7658 47 18695 47 600000 47 47
13369 49 20113 49 600000 49 49
12140 48 22917 48 600000 48 48
