100 318 19432 209
100 308 20625 209
100 299 18933 210
100 291 18098 182
100 307 19039 207
100 312 18955 209
100 291 19170 195
100 288 18643 174
100 295 20312 203
100 316 21135 192
100 310 19272 212
100 299 18813 184
100 305 18670 214
100 297 18793 210
100 299 18845 195
100 307 20371 191
100 312 19061 203
100 301 18797 190
100 296 18741 219
100 314 20683 202
100 300 20622 201
100 295 18994 195
100 304 20739 209
100 313 19102 222
100 319 18554 201
200 329 22966 209
200 317 24626 216
200 313 23141 210
200 319 22667 187
200 344 23121 207
200 319 23246 209
200 324 25080 201
200 320 24517 194
200 310 24908 203
200 337 25832 192
200 324 23044 212
200 314 23030 208
200 325 22911 221
200 304 24212 210
200 305 22647 195
200 316 22209 219
200 316 23294 203
200 357 24460 190
200 304 22451 219
200 303 22880 227
200 315 24771 201
200 328 23284 211
200 338 25553 209
200 316 23676 235
200 325 22653 201
300 337 28173 217
300 321 29887 216
300 324 28143 210
300 334 27806 187
300 364 31270 207
300 332 28679 209
300 331 29927 201
300 323 29497 194
300 312 30030 223
300 340 30540 192
300 327 28861 212
300 317 28941 208
300 329 28211 221
300 321 27438 230
300 314 28584 205
300 328 28423 219
300 325 28591 203
300 363 30021 190
300 315 28147 219
300 307 29039 227
300 334 30284 201
300 334 30302 211
300 338 30687 209
300 320 28141 235
300 331 28388 201
400 339 35071 220
400 322 36532 216
400 329 33934 210
400 344 34028 213
400 380 38396 207
400 332 33979 209
400 347 37362 201
400 337 35995 194
400 315 37076 223
400 329 36867 211
400 336 37601 212
400 330 34429 209
400 335 34325 221
400 327 34397 230
400 321 34297 205
400 328 33983 219
400 327 34621 211
400 317 34378 231
400 321 34259 219
400 311 35377 227
400 341 36455 201
400 338 37493 211
400 329 36168 223
400 321 35340 235
400 330 34379 202
500 342 41797 220
500 323 43887 216
500 329 40779 211
500 333 41605 230
500 380 45967 207
500 332 41135 209
500 365 44987 201
500 344 42945 194
500 318 43794 224
500 335 43165 211
500 344 44172 212
500 349 43414 209
500 337 42319 221
500 331 41862 230
500 332 41526 205
500 328 42056 219
500 339 43441 211
500 317 42176 231
500 323 41520 221
500 311 42603 227
500 328 42183 225
500 352 45113 211
500 329 43808 223
500 328 42383 235
500 335 40709 202
600 342 51936 220
600 323 49944 216
600 339 50949 221
600 335 51969 230
600 389 55026 207
600 350 50796 209
600 366 52514 201
600 344 50533 194
600 322 51278 224
600 336 51239 211
600 337 52162 224
600 350 50685 209
600 337 49626 221
600 330 47930 230
600 327 49767 238
600 330 48536 219
600 340 51114 214
600 320 48393 231
600 329 49109 221
600 323 50809 227
600 326 49567 231
600 354 52187 211
600 343 51674 223
600 328 49604 235
600 323 47591 215
700 350 58056 220
700 335 58511 216
700 339 58069 221
700 336 59475 230
700 351 60718 235
700 350 59276 209
700 338 56580 204
700 344 57554 194
700 324 59151 224
700 339 59997 211
700 343 59646 224
700 362 59179 209
700 337 57649 221
700 333 57465 230
700 330 58799 238
700 325 58526 223
700 343 58999 214
700 323 57846 231
700 329 56904 221
700 324 59139 227
700 326 57103 231
700 361 60045 215
700 345 58937 223
700 328 57332 235
700 324 54447 215
800 350 66333 220
800 339 67291 220
800 341 67772 221
800 338 68264 230
800 352 70189 235
800 351 68854 209
800 345 65717 205
800 345 65756 206
800 336 67736 224
800 346 68470 211
800 353 67043 224
800 361 67118 209
800 358 68468 221
800 335 65098 230
800 334 68398 238
800 327 65905 223
800 346 68445 214
800 325 65502 231
800 331 64843 221
800 329 65477 227
800 328 66734 231
800 364 68755 215
800 345 67136 223
800 328 64993 235
800 344 63457 215
900 354 74902 220
900 345 75644 220
900 342 75891 221
900 338 76566 230
900 354 76682 235
900 354 76142 217
900 346 73579 205
900 359 75612 206
900 344 75768 224
900 347 76788 211
900 355 74174 224
900 362 76691 209
900 360 75593 221
900 335 73986 230
900 336 78303 238
900 328 73472 223
900 361 77882 214
900 326 74636 231
900 331 73564 221
900 332 74843 227
900 332 74514 231
900 364 77043 215
900 350 77517 223
900 329 73344 235
900 353 75135 215
1000 361 84343 220
1000 348 84175 220
1000 341 81288 227
1000 346 85785 232
1000 355 87305 235
1000 358 84988 217
1000 349 90191 205
1000 363 94764 206
1000 346 90349 224
1000 340 84273 219
1000 355 83465 224
1000 365 85765 209
1000 367 85710 221
1000 339 82355 230
1000 336 87614 238
1000 331 83429 223
1000 364 86581 214
1000 328 82813 231
1000 334 82929 221
1000 335 85666 227
1000 335 83548 231
1000 371 85308 215
1000 352 88518 223
1000 331 81652 235
1000 361 86008 215
1100 348 93049 223
1100 358 94462 220
1100 344 90866 227
1100 346 95023 232
1100 355 97876 235
1100 360 94788 217
1100 349 91986 205
1100 360 90977 206
1100 349 95161 224
1100 344 92524 229
1100 362 92526 224
1100 369 95519 214
1100 368 94292 221
1100 339 90880 230
1100 336 97784 238
1100 334 94588 223
1100 366 94285 214
1100 331 92984 231
1100 348 92916 221
1100 343 93130 227
1100 334 93813 231
1100 373 94302 215
1100 354 98015 223
1100 333 94143 235
1100 363 97672 215
1200 351 102162 223
1200 358 104581 220
1200 347 100694 227
1200 348 105461 232
1200 355 106839 235
1200 364 102879 217
1200 349 101163 205
1200 363 103387 208
1200 349 102725 224
1200 344 103846 229
1200 361 104194 224
1200 369 105715 214
1200 368 105142 221
1200 342 100747 230
1200 338 105911 238
1200 336 106748 223
1200 358 108950 233
1200 332 103875 231
1200 350 105205 221
1200 344 103568 227
1200 337 102721 231
1200 373 103814 215
1200 358 122795 223
1200 339 102928 235
1200 363 105683 215
1300 355 113319 223
1300 360 113544 220
1300 347 110766 227
1300 348 113838 232
1300 357 122237 235
1300 368 115548 217
1300 353 111160 207
1300 363 112973 208
1300 350 112955 224
1300 346 118437 229
1300 365 114109 224
1300 370 118036 214
1300 368 118188 221
1300 344 110960 230
1300 339 115284 238
1300 340 128392 223
1300 360 119756 233
1300 334 116169 231
1300 355 116489 221
1300 345 113344 227
1300 338 123120 231
1300 376 115563 215
1300 365 135102 223
1300 340 123671 235
1300 364 116722 215
1400 359 125457 223
1400 368 126865 220
1400 354 124574 227
1400 348 127377 232
1400 357 132062 235
1400 368 122127 217
1400 364 124919 207
1400 365 123522 208
1400 351 127125 224
1400 346 137573 229
1400 366 130472 224
1400 371 130910 214
1400 368 126404 221
1400 344 120861 230
1400 340 125892 238
1400 340 145913 223
1400 360 134109 233
1400 336 129899 231
1400 370 127847 228
1400 345 126809 227
1400 343 132670 231
1400 376 128111 215
1400 367 138530 223
1400 341 132940 235
1400 366 131058 215
1500 359 133598 223
1500 368 141595 220
1500 356 144462 227
1500 348 142975 232
1500 360 144722 235
1500 368 137005 217
1500 365 137259 207
1500 365 137372 208
1500 363 150887 224
1500 347 136605 229
1500 369 140221 224
1500 374 149152 214
1500 377 139616 221
1500 348 136636 230
1500 341 138608 238
1500 340 145225 223
1500 361 141597 233
1500 340 151183 231
1500 372 137004 228
1500 352 145822 244
1500 348 155480 231
1500 376 143343 215
1500 367 182438 223
1500 344 150115 235
1500 368 149937 215
1600 360 145737 223
1600 370 156452 220
1600 355 148542 227
1600 350 171491 232
1600 364 170781 235
1600 372 153470 217
1600 368 300025 207
1600 346 181845 222
1600 363 152203 224
1600 350 162681 229
1600 369 152776 224
1600 374 157542 214
1600 379 157836 221
1600 355 146398 230
1600 347 150426 238
1600 347 154697 223
1600 363 171552 233
1600 341 164737 231
1600 372 152518 228
1600 352 161826 244
1600 349 161304 231
1600 376 155993 215
1600 368 186673 223
1600 348 164820 235
1600 372 175915 215
1700 361 176044 223
1700 374 169114 220
1700 356 172829 227
1700 353 168810 232
1700 365 187026 235
1700 372 161153 217
1700 359 176635 233
1700 348 195075 222
1700 363 195810 224
1700 354 176689 229
1700 378 175621 224
1700 359 203531 223
1700 382 223919 221
1700 356 169021 230
1700 349 164873 238
1700 347 174550 223
1700 365 205151 233
1700 342 228914 231
1700 380 172410 228
1700 354 200749 244
1700 350 192346 231
1700 374 208595 215
1700 374 252880 223
1700 349 180084 235
1700 373 199964 215
1800 361 189018 223
1800 375 190217 220
1800 360 190940 227
1800 355 197624 232
1800 366 207812 235
1800 378 178911 217
1800 363 180813 233
1800 348 221644 222
1800 365 263942 224
1800 356 427790 229
1800 379 195359 224
1800 361 211528 223
1800 381 251237 221
1800 359 189366 230
1800 352 196996 238
1800 349 221720 223
1800 365 223937 233
1800 347 253058 231
1800 381 202255 228
1800 355 230856 244
1800 358 212465 231
1800 378 207163 215
1800 375 265438 223
1800 349 215799 235
1800 374 220006 215
1900 364 258974 223
1900 375 227259 220
1900 351 222291 232
1900 357 230254 232
1900 366 229794 235
1900 378 206328 217
1900 366 252151 233
1900 360 233473 222
1900 373 309812 224
1900 356 440193 229
1900 379 222234 224
1900 361 238982 223
1900 382 269104 221
1900 365 215253 230
1900 354 211196 238
1900 351 250261 223
1900 373 225589 233
1900 347 252205 231
1900 383 234545 228
1900 357 241871 244
1900 358 239709 231
1900 381 236524 215
1900 388 274672 223
1900 350 264358 235
1900 375 287857 215
2000 364 484095 223
2000 374 274969 220
2000 352 274927 232
2000 357 249560 232
2000 370 247539 235
2000 380 218559 217
2000 368 319451 233
2000 372 331782 222
2000 373 306607 224
2000 358 257377 229
2000 379 276314 224
2000 361 282002 223
2000 382 279664 221
2000 365 265992 230
2000 362 280769 238
2000 351 277404 223
2000 375 261853 233
2000 347 436297 231
2000 385 250076 228
2000 358 273220 244
2000 359 276117 231
2000 384 265573 219
2000 388 344792 223
2000 353 356288 235
2000 361 251868 223
