10 61 860 53
10 50 534 40
10 52 444 42
10 56 544 44
10 43 316 41
10 51 424 49
10 56 755 41
10 43 345 39
10 47 431 37
10 56 651 43
10 54 541 40
10 40 311 40
10 45 342 37
10 53 452 48
10 53 644 38
10 46 326 39
10 45 525 31
10 49 329 44
10 51 464 45
10 48 423 45
10 34 219 30
10 44 339 41
10 52 454 46
10 44 329 38
10 32 222 30
20 61 1435 53
20 50 765 40
20 58 1409 46
20 56 1043 44
20 59 1291 48
20 51 1083 49
20 59 1398 46
20 52 745 45
20 53 984 43
20 56 1221 43
20 54 1174 40
20 46 653 40
20 49 676 41
20 58 1173 54
20 56 1289 43
20 67 2435 50
20 60 1444 47
20 49 753 44
20 52 756 45
20 50 847 45
20 41 667 30
20 46 655 41
20 52 853 46
20 50 754 46
20 58 1421 42
30 61 2025 53
30 56 1749 47
30 58 2226 46
30 56 1701 44
30 59 1939 48
30 56 1603 49
30 59 2273 46
30 52 1183 45
30 59 1807 50
30 64 2194 52
30 54 1744 40
30 46 1086 40
30 49 1270 41
30 58 1843 54
30 56 2153 43
30 67 3781 50
30 60 1937 47
30 49 1194 44
30 52 1219 45
30 52 1080 45
30 47 1318 38
30 53 1312 45
30 52 1197 46
30 50 1195 46
30 64 2831 50
40 63 3241 53
40 56 2279 47
40 58 2842 46
40 59 2870 46
40 59 2631 48
40 56 2113 49
40 59 3018 46
40 52 1826 45
40 67 5280 50
40 64 3018 52
40 54 2281 42
40 53 3386 40
40 52 1706 43
40 60 2609 54
40 64 3204 52
40 67 5359 50
40 60 2758 47
40 49 1688 44
40 52 1562 45
40 55 1829 49
40 47 1701 38
40 53 1734 45
40 52 1713 46
40 50 1632 46
40 64 3989 50
50 63 3787 53
50 61 4037 47
50 61 3801 47
50 63 5805 46
50 61 5164 48
50 56 2603 49
50 59 4146 46
50 52 2242 45
50 67 7046 50
50 64 4015 52
50 56 2944 44
50 61 3917 50
50 52 2167 43
50 58 3479 54
50 64 3818 52
50 67 6622 50
50 60 4308 47
50 64 7852 44
50 52 2196 45
50 55 2542 49
50 47 1972 38
50 57 2954 45
50 52 2108 46
50 50 2007 46
50 64 5114 50
60 63 4587 53
60 61 4927 47
60 60 4238 47
60 63 7321 46
60 62 6026 48
60 60 4130 49
60 59 5039 46
60 52 2676 45
60 67 7902 50
60 64 5637 52
60 56 3410 44
60 65 6677 50
60 52 2646 43
60 61 4812 54
60 64 4784 52
60 67 8151 50
60 60 4406 47
60 64 9519 44
60 52 3882 45
60 60 4220 49
60 59 4209 50
60 57 3669 45
60 52 3001 46
60 50 2687 46
60 64 6193 50
70 64 6478 53
70 61 6437 47
70 60 5026 47
70 62 5561 49
70 64 7382 50
70 65 7938 51
70 59 5923 46
70 52 3103 45
70 74 10035 59
70 65 5939 54
70 59 4514 49
70 65 7950 50
70 56 4735 44
70 64 5141 54
70 64 5900 52
70 67 10111 50
70 60 5118 47
70 66 11058 48
70 65 11390 45
70 60 5004 49
70 63 6231 50
70 62 4999 52
70 52 3131 46
70 58 5309 46
70 64 7471 50
80 64 6880 53
80 61 6597 47
80 60 5540 47
80 62 6783 49
80 64 8740 50
80 65 9019 51
80 59 6836 46
80 53 3939 45
80 74 11805 59
80 65 6730 54
80 59 5030 49
80 65 9128 51
80 56 5372 44
80 64 5904 54
80 64 6768 52
80 67 11086 50
80 64 8956 47
80 66 13207 48
80 65 13306 45
80 60 5544 49
80 63 7050 50
80 62 6418 52
80 52 3525 46
80 58 6039 46
80 64 8090 50
90 69 13839 53
90 62 7596 51
90 60 6386 47
90 62 7131 49
90 66 11840 50
90 65 9840 51
90 59 7919 46
90 72 15983 55
90 74 13359 59
90 65 7711 54
90 59 5839 49
90 65 10273 51
90 61 11332 44
90 68 10510 54
90 64 7770 52
90 67 13127 50
90 64 10216 47
90 66 14677 48
90 65 15364 45
90 74 16830 56
90 63 7795 50
90 63 7239 52
90 56 4699 47
90 58 7038 46
90 64 9204 50
100 69 15366 53
100 62 8848 51
100 60 7190 47
100 62 8531 49
100 66 13229 50
100 65 11584 51
100 59 8735 46
100 72 17220 55
100 74 14960 59
100 67 10850 54
100 66 16152 49
100 65 12373 51
100 61 12917 44
100 68 12219 54
100 64 9458 52
100 67 14879 50
100 64 13048 47
100 66 16054 48
100 65 16623 45
100 74 18345 56
100 64 10371 50
100 70 16927 52
100 56 5499 47
100 61 7909 49
100 64 11115 50
110 69 19168 53
110 62 9576 51
110 64 13338 47
110 65 50049 49
110 66 14187 50
110 66 54096 51
110 65 19480 46
110 72 19346 55
110 74 18253 59
110 67 11689 54
110 66 19192 49
110 65 13277 51
110 62 14194 45
110 68 22846 54
110 70 18360 52
110 67 16657 50
110 64 14588 47
110 67 20637 48
110 68 18883 49
110 74 22552 56
110 64 10544 50
110 70 19062 52
110 59 8223 47
110 61 8906 49
110 64 14400 50
120 69 18456 53
120 62 10654 51
120 64 14759 47
120 66 16581 49
120 66 16051 50
120 69 52276 51
120 65 20492 46
120 72 23854 55
120 75 21008 59
120 67 42922 54
120 66 20671 49
120 65 14764 51
120 62 15721 45
120 68 21372 54
120 70 23071 52
120 67 18406 50
120 64 15123 47
120 67 23345 48
120 68 22940 49
120 74 23509 56
120 64 12080 50
120 70 20783 52
120 56 7936 47
120 61 10105 49
120 64 13987 50
130 69 20760 53
130 62 11774 51
130 64 17817 47
130 66 18487 51
130 66 18338 50
130 69 64466 51
130 65 24231 46
130 72 23839 55
130 75 23351 59
130 67 34603 54
130 66 20922 49
130 65 15933 51
130 63 18313 45
130 68 18127 54
130 70 23167 52
130 67 22120 50
130 64 15952 47
130 67 27675 48
130 68 23780 49
130 74 26256 56
130 67 19046 52
130 70 22808 52
130 56 7523 47
130 62 20551 49
130 67 23409 51
140 69 22685 53
140 62 12906 51
140 64 18199 47
140 66 23067 51
140 64 15441 50
140 69 65665 51
140 67 31324 46
140 72 27905 55
140 75 25715 59
140 67 16207 54
140 66 25310 49
140 65 17694 51
140 63 19606 45
140 69 20183 54
140 70 27242 52
140 67 24096 50
140 65 19975 47
140 67 28583 48
140 68 26423 49
140 74 28908 56
140 68 18628 52
140 70 27732 52
140 56 7785 47
140 63 14293 51
140 67 23091 51
150 69 26397 53
150 65 20274 51
150 64 19438 47
150 66 22656 51
150 64 18966 50
150 69 95991 51
150 67 33385 46
150 72 29978 55
150 75 27915 59
150 67 64701 54
150 66 27600 49
150 65 19498 51
150 63 21832 45
150 69 24445 54
150 70 27303 52
150 67 26172 50
150 65 23670 47
150 67 78972 48
150 68 27425 49
150 74 35205 56
150 68 20922 52
150 70 28659 52
150 60 15135 47
150 63 15721 51
150 67 25487 51
160 69 27174 53
160 65 23672 51
160 64 71634 47
160 66 24446 51
160 64 21354 50
160 69 152555 51
160 67 40593 46
160 72 31828 55
160 75 31672 59
160 67 113952 54
160 66 27940 49
160 65 21732 51
160 63 25029 45
160 69 26433 54
160 70 30430 52
160 67 27428 50
160 65 25574 47
160 67 35507 48
160 68 29449 49
160 74 305857 56
160 NaN NaN NaN
160 70 35651 52
160 NaN NaN NaN
160 63 100353 51
160 67 29646 51
170 69 157333 53
170 65 23660 51
170 64 69089 47
170 66 27850 51
170 64 20355 50
170 69 160671 51
170 67 49146 46
170 NaN NaN NaN
170 75 32895 59
170 67 210917 54
170 66 30427 49
170 65 22518 51
170 63 28972 46
170 NaN NaN NaN
170 70 32982 52
170 67 31663 50
170 65 25419 47
170 67 38713 48
170 68 34410 49
170 NaN NaN NaN
170 NaN NaN NaN
170 70 34177 52
170 64 26675 47
170 63 91012 51
170 67 30333 51
180 69 31520 53
180 65 43816 51
180 66 111834 50
180 66 30579 51
180 64 24050 50
180 69 221044 51
180 67 64246 46
180 72 49012 55
180 75 111289 59
180 67 234973 54
180 66 32560 49
180 65 25704 51
180 NaN NaN NaN
180 NaN NaN NaN
180 70 35917 52
180 67 31750 50
180 65 26331 47
180 67 169153 48
180 NaN NaN NaN
180 NaN NaN NaN
180 NaN NaN NaN
180 70 44167 52
180 NaN NaN NaN
180 63 94179 51
180 67 41389 51
190 69 275285 53
190 65 28906 51
190 NaN NaN NaN
190 NaN NaN NaN
190 NaN NaN NaN
190 NaN NaN NaN
190 67 50933 46
190 NaN NaN NaN
190 75 40981 59
190 NaN NaN NaN
190 NaN NaN NaN
190 65 187671 51
190 NaN NaN NaN
190 NaN NaN NaN
190 NaN NaN NaN
190 67 123947 50
190 65 35049 47
190 67 149105 48
190 NaN NaN NaN
190 NaN NaN NaN
190 NaN NaN NaN
190 70 75127 52
190 NaN NaN NaN
190 63 178690 51
190 NaN NaN NaN
200 NaN NaN NaN
200 NaN NaN NaN
200 66 183655 50
200 66 35362 51
200 NaN NaN NaN
200 NaN NaN NaN
200 68 129929 47
200 NaN NaN NaN
200 NaN NaN NaN
200 NaN NaN NaN
200 NaN NaN NaN
200 65 185525 51
200 NaN NaN NaN
200 NaN NaN NaN
200 NaN NaN NaN
200 67 35773 50
200 65 48337 47
200 NaN NaN NaN
200 68 216164 49
200 NaN NaN NaN
200 NaN NaN NaN
200 70 81045 52
200 64 194323 47
200 NaN NaN NaN
200 NaN NaN NaN

