10 235 141 232
10 192 116 190
10 204 115 204
10 259 109 259
10 216 108 203
10 218 108 216
10 225 110 225
10 214 108 211
10 185 109 184
10 278 109 276
10 264 110 262
10 207 109 205
10 200 108 200
10 245 112 245
10 245 108 245
10 215 110 205
10 194 108 190
10 257 109 253
10 247 112 245
10 219 109 219
10 169 105 165
10 240 110 238
10 268 111 266
10 228 110 226
10 191 109 191
20 478 115 473
20 422 114 415
20 488 114 482
20 429 117 414
20 530 118 515
20 426 112 417
20 467 115 464
20 484 115 471
20 396 113 392
20 510 116 502
20 492 115 478
20 409 115 402
20 414 115 409
20 452 115 444
20 527 116 510
20 435 113 424
20 441 114 431
20 478 116 472
20 486 113 480
20 484 114 477
20 348 110 344
20 429 112 425
20 454 112 441
20 489 116 476
20 415 114 407
30 726 122 719
30 672 120 650
30 694 121 687
30 638 118 611
30 725 120 699
30 659 120 640
30 622 118 608
30 667 119 645
30 682 121 676
30 751 120 738
30 702 119 677
30 639 117 626
30 623 116 595
30 722 121 697
30 775 123 739
30 639 117 616
30 696 120 683
30 694 119 667
30 706 121 689
30 751 123 743
30 535 116 521
30 627 116 606
30 684 120 664
30 763 122 724
30 690 119 680
40 969 130 939
40 922 129 885
40 907 125 895
40 866 123 831
40 985 227 934
40 889 134 860
40 918 124 888
40 829 122 799
40 951 127 914
40 1026 128 1001
40 977 124 932
40 899 123 870
40 849 123 804
40 935 125 898
40 987 126 952
40 859 123 830
40 929 124 903
40 929 123 879
40 968 124 930
40 996 127 969
40 711 117 688
40 830 123 800
40 908 124 874
40 1022 127 959
40 907 126 875
50 1167 231 1113
50 1122 237 1066
50 1202 142 1163
50 1131 230 1074
50 1249 232 1176
50 1114 230 1067
50 1134 257 1079
50 1078 249 1029
50 1199 140 1142
50 1229 133 1189
50 1243 232 1167
50 1214 233 1133
50 1095 227 1019
50 1153 133 1108
50 1266 136 1219
50 1080 227 1040
50 1143 139 1099
50 1165 130 1097
50 1174 133 1118
50 1226 134 1189
50 957 124 920
50 1059 129 1022
50 1118 131 1072
50 1254 230 1172
50 1150 240 1098
60 1408 236 1325
60 1366 234 1288
60 1504 239 1446
60 1351 236 1282
60 1535 340 1432
60 1397 236 1311
60 1378 237 1291
60 1302 233 1233
60 1412 238 1341
60 1483 240 1434
60 1516 245 1410
60 1430 245 1336
60 1276 233 1184
60 1458 243 1382
60 1492 251 1414
60 1285 242 1231
60 1390 238 1319
60 1399 236 1313
60 1441 240 1369
60 1412 237 1362
60 1240 232 1160
60 1303 133 1246
60 1382 235 1315
60 1515 239 1423
60 1338 243 1273
70 1633 240 1526
70 1643 241 1515
70 1761 248 1673
70 1634 245 1536
70 1765 456 1657
70 1691 339 1545
70 1604 341 1480
70 1563 336 1462
70 1714 446 1605
70 1809 248 1709
70 1736 341 1603
70 1631 243 1518
70 1542 339 1423
70 1743 242 1634
70 1762 245 1648
70 1513 342 1421
70 1634 241 1525
70 1702 246 1608
70 1675 248 1555
70 1734 251 1642
70 1487 236 1382
70 1517 245 1439
70 1623 239 1511
70 1778 247 1667
70 1549 246 1460
80 1875 348 1757
80 1882 347 1719
80 2022 256 1899
80 1939 348 1750
80 2019 561 1856
80 2015 449 1819
80 1828 446 1656
80 1787 343 1650
80 1980 356 1850
80 2109 354 1958
80 1960 346 1799
80 1913 349 1785
80 1772 349 1637
80 2025 356 1866
80 1995 465 1796
80 1758 343 1645
80 1903 348 1769
80 2017 354 1860
80 1973 351 1812
80 1927 348 1801
80 1703 344 1572
80 1766 249 1657
80 1847 343 1711
80 1955 349 1830
80 1796 352 1678
90 2260 354 2106
90 2204 476 2018
90 2303 355 2125
90 2229 463 2001
90 2291 469 2112
90 2279 562 2045
90 2105 882 1895
90 2084 455 1898
90 2220 460 2070
90 2385 363 2193
90 2197 453 1991
90 2141 352 1978
90 2099 448 1890
90 2338 456 2137
90 2202 565 1978
90 2026 461 1850
90 2104 463 1938
90 2348 456 2137
90 2239 355 2027
90 2198 458 2073
90 1869 346 1719
90 2051 351 1906
90 2113 453 1947
90 2226 458 2068
90 2081 459 1935
100 2538 585 2324
100 2449 667 2221
100 2629 563 2388
100 2429 695 2138
100 2589 667 2340
100 2514 997 2211
100 2392 1110 2130
100 2387 675 2129
100 2466 467 2286
100 2672 571 2423
100 2466 800 2194
100 2332 458 2136
100 2377 473 2128
100 2578 460 2333
100 2470 678 2226
100 2296 556 2080
100 2289 570 2095
100 2572 563 2325
100 2530 559 2266
100 2439 573 2282
100 2133 456 1956
100 2338 561 2131
100 2384 659 2140
100 2547 575 2323
100 2280 562 2096
110 2799 783 2556
110 2721 782 2429
110 2926 576 2646
110 2691 671 2356
110 2858 784 2587
110 2900 1220 2480
110 2687 1673 2367
110 2612 1000 2318
110 2781 905 2507
110 2897 797 2609
110 2815 1217 2444
110 2609 571 2361
110 2637 574 2351
110 2831 678 2538
110 2799 776 2499
110 2529 891 2278
110 2569 780 2316
110 2913 782 2582
110 2753 790 2462
110 2737 704 2539
110 2368 558 2150
110 2610 1220 2360
110 2671 907 2363
110 2796 800 2532
110 2529 672 2311
120 3082 893 2758
120 2986 1213 2626
120 3230 789 2878
120 2952 798 2581
120 3096 1017 2781
120 3153 1657 2682
120 3019 1765 2613
120 2827 1327 2491
120 3095 1111 2770
120 3253 1028 2864
120 3128 1966 2705
120 2932 897 2613
120 2893 1008 2523
120 3086 891 2747
120 3106 1015 2731
120 2865 1005 2542
120 2877 911 2576
120 3242 1037 2852
120 3065 788 2713
120 3052 923 2779
120 2638 888 2356
120 2974 1875 2604
120 2956 1108 2584
120 3096 1001 2780
120 2741 809 2478
130 3363 1220 2983
130 3262 1343 2856
130 3511 1110 3097
130 3274 1769 2813
130 3396 1322 3012
130 3425 1759 2903
130 3338 1449 2854
130 3125 1548 2763
130 3425 1672 2975
130 3536 1323 3095
130 3441 2309 2971
130 3209 999 2844
130 3130 1228 2728
130 3401 1214 2978
130 3500 1438 3023
130 3127 1373 2745
130 3182 1123 2807
130 3506 1357 3048
130 3400 1228 2935
130 3232 1333 2910
130 3011 1227 2630
130 3298 1982 2837
130 3288 1337 2829
130 3379 1248 3002
130 3142 1333 2828
140 3655 1570 3202
140 3495 1996 3027
140 3733 1340 3269
140 3594 2204 3049
140 3702 1793 3209
140 3862 2625 3169
140 3641 1747 3082
140 3388 2411 2952
140 3689 1886 3188
140 3772 2213 3271
140 3694 2792 3152
140 3486 1574 3031
140 3441 1449 2954
140 3715 1340 3226
140 3800 1575 3278
140 3380 1545 2945
140 3504 1998 3058
140 3872 2111 3292
140 3600 1586 3099
140 3542 1983 3132
140 3412 2104 2924
140 3667 3751 3140
140 3590 2217 3061
140 3711 1779 3217
140 3444 2004 3022
150 3913 2128 3378
150 3788 2138 3253
150 4027 1667 3473
150 3929 3090 3254
150 3946 2295 3399
150 4145 3514 3362
150 3907 2554 3287
150 3633 2981 3141
150 3976 2433 3380
150 4124 3940 3452
150 3960 4398 3344
150 3816 2434 3262
150 3730 1907 3169
150 4026 1675 3465
150 4123 2564 3492
150 3634 1913 3150
150 3811 2246 3265
150 4098 2434 3472
150 3953 2318 3328
150 3790 2555 3312
150 3732 2204 3173
150 3964 4087 3334
150 3796 2859 3206
150 3964 2890 3413
150 3755 2866 3244
160 4224 2762 3621
160 4095 2761 3488
160 4389 2560 3701
160 4252 4072 3475
160 4206 2641 3586
160 4539 4737 3634
160 4257 3182 3514
160 3956 4572 3310
160 4299 2824 3647
160 4436 3435 3659
160 4299 4506 3588
160 4034 4497 3463
160 3991 2242 3337
160 4328 2014 3666
160 4428 2873 3724
160 4003 2884 3389
160 4093 2341 3465
160 4417 3585 3711
160 4227 2680 3556
160 4059 2962 3531
160 4107 3322 3407
160 4256 3964 3545
160 4106 5151 3416
160 4266 3979 3608
160 4101 2861 3460
170 4515 3427 3829
170 4406 4046 3718
170 4590 3397 3829
170 4652 5162 3757
170 4458 3817 3766
170 4873 5370 3827
170 4506 4276 3689
170 4300 5916 3545
170 4635 3543 3871
170 4669 4613 3821
170 4602 10168 3793
170 4285 4838 3632
170 4310 3370 3579
170 4676 3531 3868
170 4750 3739 3932
170 4247 3208 3578
170 4392 3742 3631
170 4880 5277 3995
170 4543 4023 3749
170 4465 4306 3760
170 4488 3948 3662
170 4560 4423 3789
170 4469 6867 3646
170 4545 4318 3793
170 4442 3746 3694
180 4766 3871 4007
180 4751 5099 3949
180 4957 4755 4110
180 4942 5291 3979
180 4832 4632 4011
180 5186 7167 4021
180 4940 15381 3953
180 4665 8289 3759
180 4935 4901 4066
180 4977 6180 3978
180 4919 11446 3995
180 4602 7874 3843
180 4645 3584 3794
180 4984 4761 4069
180 5112 6839 4179
180 4510 4093 3768
180 4650 8525 3798
180 5169 7212 4224
180 4878 5226 3939
180 4757 5163 3932
180 4855 4541 3904
180 4948 6228 4013
180 4853 5394 3930
180 4806 8188 3961
180 4820 6242 3933
190 5064 4340 4233
190 5079 6533 4129
190 5235 5978 4290
190 5297 21160 4213
190 5171 5086 4242
190 5555 10584 4230
190 5268 15837 4169
190 4905 8457 3936
190 5266 6558 4294
190 5298 8740 4191
190 5324 13257 4234
190 4815 7834 4051
190 5021 3572 4063
190 5355 7226 4301
190 5437 7883 4399
190 4794 4445 3986
190 5089 13399 3996
190 5612 12513 4445
190 5213 6830 4153
190 5047 7063 4109
190 5192 6095 4116
190 5288 6804 4277
190 5121 9415 4070
190 5195 8880 4195
190 5161 11119 4112
200 5305 5521 4388
200 5424 11603 4319
200 5644 9410 4516
200 5734 10445 4454
200 5409 6834 4367
200 5907 14772 4428
200 5634 7533 4427
200 5242 10863 4152
200 5521 12741 4462
200 5702 10850 4410
200 5661 18767 4423
200 5167 8974 4264
200 5338 5305 4270
200 5742 9835 4526
200 5700 9616 4564
200 5130 5692 4224
200 5438 11350 4234
200 5968 13089 4691
200 5686 12504 4399
200 5301 8680 4301
200 5503 7521 4338
200 5584 9076 4464
200 5581 11542 4313
200 5526 10558 4419
200 5463 13473 4266
210 5568 7597 4577
210 5696 17465 4490
210 5988 10382 4736
210 6126 17560 4670
210 5675 8207 4562
210 6171 17835 4624
210 5957 11406 4650
210 5679 15462 4399
210 5945 14208 4658
210 6012 12678 4595
210 6050 20794 4679
210 5468 11329 4484
210 5636 7039 4478
210 6220 14798 4752
210 6077 14207 4803
210 5489 9684 4440
210 5694 12768 4470
210 6380 16610 4901
210 6029 13257 4626
210 5620 10803 4508
210 5879 9272 4554
210 6037 10785 4710
210 5955 15531 4509
210 5794 11887 4568
210 5799 17922 4471
220 5945 11496 4817
220 5974 194564 4689
220 6271 14913 4910
220 6417 18017 4860
220 6062 9878 4788
220 6559 18853 4850
220 6429 11427 4863
220 6021 20428 4586
220 6207 17124 4839
220 6292 14951 4786
220 6386 38199 4879
220 5774 13694 4673
220 6019 7540 4692
220 6738 24457 5016
220 6345 15412 4972
220 5871 10637 4662
220 6049 12937 4695
220 6755 112413 5106
220 6426 20017 4845
220 5999 13199 4759
220 6295 11727 4846
220 6493 15546 4959
220 6286 16664 4718
220 6176 14557 4824
220 6046 23503 4657
230 6330 11515 5018
230 6350 19718 4928
230 6586 14484 5152
230 6691 18823 5058
230 6526 20028 5020
230 6921 28675 5078
230 6798 19932 5063
230 6470 27249 4848
230 6558 16398 5070
230 6582 18949 5025
230 6820 27646 5074
230 6042 23453 4859
230 6394 10580 4874
230 6955 48533 5199
230 6701 16834 5160
230 6226 14735 4831
230 6463 27736 4912
230 7304 35211 5407
230 6805 25634 5046
230 6400 16720 5039
230 6757 16480 5086
230 6848 17861 5205
230 6732 18293 5024
230 6598 21193 5035
230 6397 22564 4907
240 6649 13225 5258
240 6692 30594 5109
240 6953 16911 5385
240 7261 282593 5267
240 6821 17022 5231
240 7435 37290 5295
240 7286 25163 5321
240 6921 32841 5135
240 6956 30089 5275
240 4626 300690 5279
240 7156 46326 5297
240 6504 29991 5110
240 6709 16043 5063
240 7445 32873 5437
240 7031 20280 5332
240 6533 21487 5010
240 6863 22442 5155
240 7727 48644 5648
240 7153 30834 5293
240 6667 18471 5238
240 7215 18585 5316
240 7231 26717 5389
240 7198 24879 5228
240 7049 26576 5226
240 6734 26236 5075
250 7045 16603 5451
250 6988 44004 5267
250 7322 24454 5603
250 7567 42834 5460
250 7221 24968 5414
250 7796 41659 5501
250 7685 111369 5571
250 7300 31568 5370
250 7471 33141 5561
250 7329 29952 5492
250 7512 63690 5478
250 6863 21462 5339
250 7148 24121 5268
250 4037 300729 5608
250 7401 28538 5502
250 6867 25014 5181
250 7202 36284 5348
250 8192 83892 5877
250 7695 62007 5553
250 7149 24157 5484
250 7672 22212 5523
250 7684 31802 5579
250 7489 47627 5367
250 7513 35879 5464
250 7151 36309 5274
260 7329 23071 5581
260 7428 36454 5531
260 7686 38817 5783
260 4244 300669 5663
260 7782 45584 5669
260 8149 45783 5711
260 8102 58220 5736
260 7645 40140 5605
260 7803 78947 5760
260 7807 51615 5722
260 7908 81404 5739
260 7158 29134 5499
260 7515 29611 5465
260 8337 61934 5850
260 7968 42616 5796
260 7256 31980 5375
260 3463 300555 5540
260 4806 300622 6106
260 8050 54992 5761
260 7587 28881 5675
260 8206 36772 5779
260 8092 39551 5853
260 7788 48148 5563
260 7763 40579 5632
260 7655 45255 5529
270 7649 29692 5760
270 7759 67117 5796
270 8049 41305 5987
270 8528 123565 5857
270 8203 53333 5852
270 8535 60332 5951
270 8501 56705 5920
270 8245 68450 5881
270 8169 44247 5934
270 8199 86712 5915
270 8364 114215 6014
270 7518 32140 5675
270 7955 48177 5737
270 8656 164007 6084
270 8261 47682 6009
270 7729 36584 5600
270 3670 300931 5767
270 8869 79057 6241
270 8580 148469 6008
270 8023 34664 5882
270 8569 51640 6015
270 8418 47761 6045
270 8119 73677 5737
270 8152 43868 5861
270 7939 48976 5718
280 7905 31870 5936
280 8392 90303 6011
280 8562 40272 6245
280 4769 300748 6104
280 8698 70699 6108
280 9044 88544 6181
280 9055 91874 6166
280 8774 72143 6132
280 8539 55936 6155
280 8575 56445 6137
280 8676 100745 6192
280 7926 54762 5895
280 5616 300597 5984
280 8975 78499 6206
280 8652 44136 6232
280 8209 42662 5841
280 8342 234543 5968
280 9196 211283 6473
280 8879 252931 6208
280 8479 44401 6127
280 9124 58650 6219
280 8870 58896 6263
280 8685 107539 5981
280 8787 80285 6099
280 8277 59097 5935
290 8375 50290 6132
290 8748 98655 6246
290 8964 85591 6502
290 4957 300792 6303
290 9124 78070 6298
290 9482 153932 6391
290 9410 165072 6371
290 9109 96286 6264
290 8783 65391 6363
290 9133 83540 6369
290 4824 300836 6436
290 8420 71502 6114
290 8747 55145 6174
290 9579 93935 6435
290 9035 69782 6466
290 8624 59929 6112
290 8906 124573 6202
290 9855 124613 6724
290 9469 134758 6490
290 9028 62878 6337
290 9481 73718 6445
290 9382 83848 6515
290 9102 130174 6248
290 9205 99790 6357
290 8913 137730 6195
300 8870 66868 6371
300 9382 162159 6499
300 9537 79286 6728
300 4822 300895 6584
300 9550 107472 6546
300 6480 300643 6687
300 9860 139210 6607
300 9708 145753 6516
300 9289 88670 6588
300 9677 111323 6629
300 9352 91682 6678
300 8696 79321 6332
300 9176 61091 6426
300 9959 178900 6690
300 6034 300695 6659
300 9243 228149 6344
300 9281 109673 6399
300 5810 300697 6940
300 9926 140813 6730
300 9419 75558 6556
300 9925 98076 6664
300 6174 300598 6700
300 6025 300849 6449
300 9616 105739 6594
300 9356 129436 6451
