10 232 141 232
10 190 114 190
10 205 112 204
10 265 108 259
10 207 107 203
10 218 109 216
10 228 107 225
10 217 109 211
10 185 110 184
10 278 111 276
10 266 109 262
10 209 110 205
10 200 107 200
10 245 109 245
10 245 109 245
10 212 107 205
10 192 109 190
10 257 110 253
10 249 111 245
10 220 108 219
10 165 108 165
10 240 108 238
10 272 110 266
10 228 109 226
10 191 107 191
20 478 117 473
20 422 113 415
20 486 115 482
20 426 113 414
20 527 114 515
20 427 110 417
20 473 115 464
20 485 116 471
20 406 111 392
20 512 113 502
20 491 116 478
20 414 111 402
20 417 111 409
20 446 113 444
20 522 116 510
20 430 113 424
20 438 114 431
20 480 115 472
20 490 114 480
20 487 113 477
20 345 112 344
20 427 110 425
20 449 113 441
20 485 116 476
20 412 112 407
30 732 220 719
30 678 127 650
30 703 219 687
30 640 219 611
30 728 221 699
30 652 118 640
30 627 219 608
30 668 131 645
30 696 118 676
30 757 121 738
30 694 118 677
30 647 118 626
30 610 116 595
30 721 118 697
30 755 220 739
30 632 219 616
30 701 119 683
30 690 218 667
30 718 221 689
30 764 229 743
30 534 123 521
30 618 117 606
30 677 120 664
30 761 222 724
30 717 119 680
40 967 227 939
40 918 125 885
40 922 225 895
40 884 229 831
40 968 225 934
40 893 232 860
40 911 240 888
40 835 223 799
40 948 134 914
40 1037 228 1001
40 959 231 932
40 907 226 870
40 842 123 804
40 937 224 898
40 982 227 952
40 857 221 830
40 934 232 903
40 917 223 879
40 971 257 930
40 1006 239 969
40 711 219 688
40 823 224 800
40 899 222 874
40 1018 227 959
40 923 242 875
50 1158 350 1113
50 1128 229 1066
50 1199 230 1163
50 1149 339 1074
50 1247 229 1176
50 1120 226 1067
50 1127 229 1079
50 1089 228 1029
50 1191 243 1142
50 1250 234 1189
50 1225 229 1167
50 1207 236 1133
50 1089 225 1019
50 1161 232 1108
50 1279 341 1219
50 1092 339 1040
50 1144 229 1099
50 1151 227 1097
50 1183 229 1118
50 1240 231 1189
50 957 223 920
50 1052 226 1022
50 1114 229 1072
50 1249 230 1172
50 1172 235 1098
60 1397 442 1325
60 1368 334 1288
60 1501 342 1446
60 1379 443 1282
60 1528 337 1432
60 1396 1072 1311
60 1360 438 1291
60 1297 335 1233
60 1409 243 1341
60 1515 343 1434
60 1509 336 1410
60 1422 435 1336
60 1281 229 1184
60 1484 331 1382
60 1496 446 1414
60 1307 548 1231
60 1406 334 1319
60 1387 334 1313
60 1463 334 1369
60 1435 346 1362
60 1217 229 1160
60 1301 229 1246
60 1386 331 1315
60 1536 335 1423
60 1364 345 1273
70 1621 544 1526
70 1621 436 1515
70 1759 341 1673
70 1665 440 1536
70 1775 553 1657
70 1647 558 1545
70 1599 439 1480
70 1557 340 1462
70 1699 573 1605
70 1816 445 1709
70 1721 440 1603
70 1616 444 1518
70 1542 334 1423
70 1772 541 1634
70 1760 543 1648
70 1537 757 1421
70 1646 550 1525
70 1709 458 1608
70 1681 553 1555
70 1728 340 1642
70 1458 332 1382
70 1517 338 1439
70 1611 436 1511
70 1785 342 1667
70 1562 448 1460
80 1871 557 1757
80 1865 551 1719
80 2021 565 1899
80 1931 680 1750
80 2014 561 1856
80 1950 556 1819
80 1826 552 1656
80 1778 455 1650
80 1986 830 1850
80 2109 675 1958
80 1940 767 1799
80 1897 553 1785
80 1787 548 1637
80 2023 645 1866
80 1939 776 1796
80 1798 879 1645
80 1916 661 1769
80 2025 581 1860
80 2013 547 1812
80 1927 661 1801
80 1678 439 1572
80 1765 443 1657
80 1844 543 1711
80 1987 561 1830
80 1811 684 1678
90 2255 570 2106
90 2183 771 2018
90 2291 972 2125
90 2235 852 2001
90 2296 680 2112
90 2207 674 2045
90 2141 775 1895
90 2100 862 1898
90 2217 893 2070
90 2380 886 2193
90 2187 960 1991
90 2124 658 1978
90 2091 659 1890
90 2317 663 2137
90 2159 1189 1978
90 2050 1452 1850
90 2133 987 1938
90 2333 676 2137
90 2260 766 2027
90 2240 1074 2073
90 1847 775 1719
90 2074 559 1906
90 2131 669 1947
90 2260 864 2068
90 2133 758 1935
100 2534 1080 2324
100 2425 1306 2221
100 2647 1114 2388
100 2401 1272 2138
100 2573 1065 2340
100 2424 1314 2211
100 2389 1095 2130
100 2347 1212 2129
100 2477 1200 2286
100 2674 1324 2423
100 2489 1842 2194
100 2310 901 2136
100 2361 757 2128
100 2558 1115 2333
100 2462 1744 2226
100 2326 1728 2080
100 2298 1223 2095
100 2597 1207 2325
100 2583 983 2266
100 2482 1325 2282
100 2127 798 1956
100 2363 988 2131
100 2392 1331 2140
