20 53 12998 53
20 40 5291 40
20 46 7860 46
20 44 6626 44
20 48 8539 48
20 49 9978 49
20 46 7667 46
20 45 6929 45
20 43 7207 43
20 43 5360 43
20 40 4499 40
20 40 5676 40
20 41 5223 41
20 54 12312 54
20 43 5545 43
20 50 10118 50
20 47 9007 47
20 44 7692 44
20 45 7250 45
20 45 6903 45
20 30 1925 30
20 41 5574 41
20 46 8000 46
20 46 8112 46
20 42 6477 42
40 53 26638 53
40 47 18624 47
40 46 19621 46
40 46 16287 46
40 48 19379 48
40 49 21534 49
40 46 16263 46
40 45 16190 45
40 50 23582 50
40 52 23786 52
40 42 11502 42
40 40 10724 40
40 43 15684 43
40 54 27586 54
40 52 26424 52
40 50 21242 50
40 47 17772 47
40 44 13540 44
40 45 16068 45
40 49 21465 49
40 38 9703 38
40 45 16363 45
40 46 16445 46
40 46 16079 46
40 50 23027 50
60 53 42011 53
60 47 31239 47
60 47 28694 47
60 46 27661 46
60 48 30289 48
60 49 32074 49
60 46 28513 46
60 45 24628 45
60 50 34972 50
60 52 41156 52
60 44 21534 44
60 50 36510 50
60 43 25182 43
60 54 43462 54
60 52 39484 52
60 50 36233 50
60 47 29007 47
60 44 24007 44
60 45 27347 45
60 49 32354 49
60 50 43543 50
60 45 26188 45
60 46 26809 46
60 46 25318 46
60 50 37612 50
80 53 60923 53
80 47 42525 47
80 47 39124 47
80 49 49903 49
80 50 48851 50
80 51 53543 51
80 46 38837 46
80 45 35266 45
80 59 90576 59
80 54 62128 54
80 49 46118 49
80 51 54688 51
80 44 34218 44
80 54 62208 54
80 52 56375 52
80 50 52533 50
80 47 40237 47
80 48 41766 48
80 45 38406 45
80 49 46399 49
80 50 57277 50
80 52 60848 52
80 46 40452 46
80 46 36350 46
80 50 52488 50
100 53 77382 53
100 51 74227 51
100 47 50564 47
100 49 63426 49
100 50 61803 50
100 51 71890 51
100 46 49017 46
100 55 95291 55
100 59 111957 59
100 54 87149 54
100 49 60968 49
100 51 72538 51
100 44 40876 44
100 54 82240 54
100 52 79630 52
100 50 67269 50
100 47 57175 47
100 48 55444 48
100 45 48954 45
100 56 95600 56
100 50 79502 50
100 52 82813 52
100 47 55701 47
100 49 63093 49
100 50 64830 50
120 53 102795 53
120 51 92943 51
120 47 62463 47
120 49 78021 49
120 50 80666 50
120 51 91530 51
120 46 60767 46
120 55 119844 55
120 59 138925 59
120 54 105210 54
120 49 81055 49
120 51 90550 51
120 45 63851 45
120 54 100884 54
120 52 97454 52
120 50 83370 50
120 47 65568 47
120 48 68398 48
120 49 76867 49
120 56 122109 56
120 50 96213 50
120 52 101334 52
120 47 73667 47
120 49 75322 49
120 50 86999 50
140 53 125350 53
140 51 113956 51
140 47 84151 47
140 51 110465 51
140 50 102656 50
140 51 109271 51
140 46 76421 46
140 55 138223 55
140 59 179573 59
140 54 135301 54
140 49 93351 49
140 51 113586 51
140 45 79929 45
140 54 127232 54
140 52 120779 52
140 50 103605 50
140 47 82006 47
140 48 81542 48
140 49 97885 49
140 56 157454 56
140 52 130329 52
140 52 117007 52
140 47 85398 47
140 51 101865 51
140 51 110063 51
160 53 147690 53
160 51 132276 51
160 NaN NaN NaN
160 51 132692 51
160 50 123274 50
160 51 127364 51
160 46 89535 46
160 55 172320 55
160 59 210294 59
160 54 165140 54
160 49 112918 49
160 51 134717 51
160 45 94215 45
160 54 158965 54
160 52 139542 52
160 50 120482 50
160 47 97841 47
160 48 101743 48
160 49 111700 49
160 56 184196 56
160 52 155173 52
160 52 137714 52
160 47 100392 47
160 51 132051 51
160 51 126860 51
