10 369 3276 369
10 352 6933 352
10 214 2150 214
10 299 3354 299
10 290 3609 290
10 232 1483 232
10 232 1805 232
10 374 3977 374
10 354 3041 354
10 335 8862 335
10 389 4246 389
10 353 2379 353
10 380 5123 380
10 256 2136 256
10 346 3797 346
10 330 1537 330
10 334 4617 334
10 328 5672 328
10 339 6681 339
10 353 4021 353
10 382 4491 382
10 343 7755 341
10 338 1912 338
10 282 3606 282
10 379 5499 379
20 369 9703 369
20 352 11070 352
20 376 3340 376
20 364 7701 362
20 290 3849 290
20 306 4859 306
20 363 6446 363
20 374 6322 374
20 358 11590 354
20 335 9811 335
20 389 12489 389
20 353 4630 353
20 382 7031 380
20 344 7187 344
20 358 7431 356
20 380 8492 378
20 338 15397 334
20 377 6219 377
20 356 9354 356
20 353 4808 353
20 382 4893 382
20 362 10914 362
20 338 7540 338
20 365 7210 365
20 379 6094 379
30 374 17922 374
30 352 12523 352
30 376 5230 376
30 364 9937 362
30 328 9693 326
30 306 7056 306
30 379 14333 379
30 374 8131 374
30 358 14576 354
30 335 11772 335
30 389 15898 389
30 356 9443 356
30 382 7216 380
30 344 11368 344
30 358 8724 356
30 380 10175 378
30 355 19421 350
30 377 9762 377
30 356 11773 356
30 353 11613 353
30 382 12028 382
30 362 17784 362
30 359 8525 357
30 365 8664 365
30 379 10500 379
40 374 19579 374
40 352 23535 352
40 376 11562 376
40 365 11279 365
40 328 10395 326
40 341 18845 337
40 379 25937 379
40 397 10626 393
40 358 15145 354
40 335 12679 335
40 389 18086 389
40 375 18802 372
40 382 9031 380
40 344 18904 344
40 360 10563 356
40 380 10604 378
40 356 24464 352
40 377 14033 377
40 356 12300 356
40 353 15165 353
40 382 17441 382
40 369 30537 366
40 359 14360 357
40 365 18436 365
40 379 17347 379
50 374 24708 374
50 352 24535 352
50 376 16021 376
50 365 27816 365
50 371 24964 369
50 341 34397 337
50 379 33391 379
50 395 16284 393
50 358 15655 354
50 337 14345 335
50 389 21851 389
50 377 20341 374
50 382 11957 380
50 344 24392 344
50 358 16046 356
50 380 19699 378
50 357 21890 352
50 377 31882 377
50 356 14962 356
50 353 19445 353
50 382 22265 382
50 371 32336 369
50 381 19660 379
50 365 27301 365
50 379 22068 379
60 374 34842 374
60 352 33723 352
60 376 19021 376
60 379 38620 379
60 371 29744 369
60 364 44842 360
60 379 36991 379
60 395 25965 393
60 358 24724 354
60 358 21628 358
60 389 24315 389
60 376 21398 374
60 384 32210 380
60 358 30187 358
60 360 22975 356
60 380 28519 378
60 356 37694 352
60 377 35992 377
60 356 23687 356
60 353 22072 353
60 382 21698 382
60 371 34113 369
60 379 28789 379
60 365 30269 365
60 379 23618 379
70 374 37567 374
70 352 41512 352
70 376 27657 376
70 379 44964 379
70 373 40830 369
70 364 40907 360
70 379 42706 379
70 395 43833 393
70 358 35347 354
70 399 40989 397
70 389 25360 389
70 377 26913 374
70 384 37030 380
70 358 35066 358
70 358 30366 356
70 380 34593 378
70 356 40127 352
70 377 39839 377
70 356 28550 356
70 353 37168 353
70 382 26578 382
70 372 34630 369
70 383 35681 379
70 365 37959 365
70 379 32602 379
80 384 46105 380
80 395 51939 395
80 376 32427 376
80 379 64345 379
80 373 50090 369
80 417 70450 413
80 379 51321 379
80 397 56591 393
80 385 46780 379
80 399 47435 397
80 389 36379 389
80 377 49364 374
80 384 31762 380
80 358 53232 358
80 360 31212 356
80 380 36202 378
80 356 44763 352
80 377 42177 377
80 356 36943 356
80 353 71859 353
80 382 27896 382
80 372 37030 369
80 381 61454 379
80 365 40139 365
80 379 43598 379
90 384 49346 380
90 396 83914 395
90 376 72927 376
90 379 63644 379
90 373 55352 369
90 423 103580 413
90 379 60476 379
90 397 70061 393
90 383 58264 379
90 397 60991 397
90 389 70003 389
90 377 44416 374
90 384 37447 380
90 358 66272 358
90 359 42382 356
90 380 44676 378
90 355 79368 352
90 377 45958 377
90 391 50807 391
90 387 80337 384
90 383 39718 382
90 371 48305 369
90 385 68385 379
90 418 43696 411
90 379 49904 379
100 384 55345 380
100 396 94573 395
100 376 80589 376
100 379 67671 379
100 373 58040 369
100 423 152979 413
100 379 102797 379
100 395 97834 393
100 385 80433 379
100 399 77849 397
100 391 94713 389
100 376 73026 374
100 384 44595 380
100 360 71733 358
100 363 57063 356
100 380 49166 378
100 355 67496 352
100 390 57160 389
100 391 51335 391
100 390 69047 384
100 383 38748 382
100 372 52986 369
100 385 87229 379
100 418 50574 411
100 379 66934 379
110 384 66831 380
110 396 103308 395
110 376 100859 376
110 381 74263 379
110 373 67307 369
110 423 153729 413
110 383 128011 379
110 397 135973 393
110 385 85384 379
110 404 85087 402
110 391 126226 389
110 377 72057 374
110 384 55744 380
110 360 122815 358
110 361 67317 356
110 382 60537 378
110 358 85201 352
110 390 73341 389
110 391 55821 391
110 388 129515 384
110 389 62484 386
110 372 54155 369
110 381 104422 379
110 418 83121 411
110 379 132318 379
120 389 69899 380
120 395 145637 395
120 379 99564 376
120 383 113053 379
120 373 79672 369
120 423 154208 413
120 390 146742 386
120 395 152634 393
120 414 113212 410
120 404 97892 402
120 392 135514 389
120 376 103623 374
120 384 74610 380
120 386 130882 380
120 372 91096 368
120 380 68030 378
120 356 122902 352
120 390 92995 389
120 391 64391 391
120 389 146557 384
120 389 67772 386
120 371 81098 369
120 387 131128 379
120 418 119605 411
120 379 137166 379
130 385 89567 380
130 395 170047 395
130 379 124472 376
130 383 118345 381
130 372 112257 369
130 423 185511 413
130 391 182889 386
130 395 166056 393
130 414 123237 410
130 404 101801 402
130 391 154721 389
130 375 102948 374
130 385 75887 380
130 386 143610 380
130 399 122504 395
130 380 81467 378
130 356 148718 352
130 390 94042 389
130 391 87904 391
130 389 150125 384
130 389 101533 386
130 371 96500 369
130 387 153630 379
130 418 137243 411
130 379 139392 379
140 388 142315 380
140 397 169080 395
140 379 136807 376
140 383 133991 381
140 372 111493 369
140 423 221167 413
140 391 272734 386
140 397 203489 393
140 414 130998 410
140 402 126043 402
140 391 188926 389
140 376 126999 374
140 385 89038 380
140 388 191037 380
140 399 141700 395
140 380 83770 378
140 359 168388 352
140 390 134821 389
140 391 102785 391
140 390 182128 384
140 389 103182 386
140 376 105779 369
140 387 154181 379
140 420 153692 411
140 379 133368 379
150 385 151263 380
150 398 199398 395
150 379 150202 376
150 387 165232 381
150 372 109529 369
150 423 221868 413
150 391 269402 386
150 395 219209 393
150 414 165003 410
150 402 163790 402
150 389 214179 389
150 377 168857 374
150 385 97676 380
150 388 232627 380
150 401 194735 395
150 382 108038 378
150 354 156437 352
150 390 111872 389
150 391 141828 391
150 394 209707 384
150 389 139802 386
150 376 116942 369
150 387 173574 379
150 420 228666 411
150 379 153246 379
160 396 190432 380
160 398 226324 395
160 379 183833 376
160 387 193678 381
160 376 134622 369
160 423 228441 413
160 391 292935 386
160 395 255208 393
160 414 177218 410
160 406 164741 402
160 391 285407 389
160 375 142170 374
160 385 121038 380
160 388 204162 380
160 401 225712 395
160 380 131325 378
160 359 182099 352
160 390 165666 389
160 391 135700 391
160 389 226061 384
160 389 157697 386
160 378 192334 369
160 385 184391 379
160 420 209420 411
160 379 160141 379
170 386 214708 380
170 398 264835 395
170 379 203636 376
170 387 253530 381
170 372 138546 369
170 423 261415 413
170 390 254410 386
170 395 285354 393
170 414 183286 410
170 408 248133 402
170 392 301967 389
170 383 170425 374
170 387 151366 380
170 388 266421 380
170 407 228664 399
170 382 153604 378
170 360 240426 352
170 395 173499 389
170 391 151331 391
170 391 260690 384
170 389 173006 386
170 408 205912 402
170 383 195732 379
170 420 272826 411
170 379 188483 379
180 393 195762 380
180 197 305284 395
180 379 268094 376
180 190 305681 381
180 375 148724 369
180 423 294835 413
180 199 311923 386
180 200 315075 393
180 414 237185 410
180 410 262831 402
180 194 301999 389
180 390 191211 374
180 391 222785 386
180 390 275924 380
180 405 248285 399
180 382 182142 378
180 363 230948 352
180 395 174597 389
180 391 169206 391
180 195 302417 384
180 389 171933 386
180 407 206920 402
180 385 191545 379
180 421 282051 411
180 381 192798 379
190 390 250321 380
190 197 308383 395
190 379 275017 376
190 190 309894 381
190 375 158432 369
190 208 303690 413
190 197 312905 386
190 198 312073 393
190 414 258633 410
190 410 264398 402
190 196 311760 389
190 375 243647 374
190 389 269430 386
190 190 303256 380
190 200 306283 399
190 384 192964 378
190 363 281649 352
190 397 236301 389
190 391 249538 391
190 195 303328 384
190 389 179444 386
190 407 256834 402
190 385 221362 379
190 420 291712 411
190 381 229798 379
200 198 303792 380
200 198 303729 395
200 188 304853 376
200 194 311030 388
200 376 181375 369
200 208 302244 413
200 197 308466 386
200 198 311589 393
200 414 261767 410
200 207 319572 402
200 196 305584 389
200 188 306034 374
200 393 280383 386
200 190 307901 380
200 201 312009 399
200 382 259677 378
200 178 302214 352
200 399 242538 389
200 391 301555 391
200 NaN NaN NaN
200 388 267150 386
200 204 312818 402
200 387 286930 379
200 211 306587 411
200 381 267219 379
