100 8305 5341 8200
100 8533 23882 8427
100 8910 8663 8807
100 7419 11903 7318
100 8991 20248 8888
100 8631 36200 8526
100 9343 8214 9238
100 8636 8933 8530
100 8590 17717 8484
100 9911 12087 9806
100 9664 6807 9560
100 8275 34885 8168
100 8323 4684 8222
100 8706 19858 8601
100 8628 18350 8520
100 7770 8838 7667
100 8986 8592 8884
100 8449 24007 8345
100 8349 10509 8247
100 8971 23049 8866
100 9097 13059 8994
100 9024 19374 8921
100 8996 19942 8895
100 9298 9700 9195
100 8065 7170 7958
150 12733 20438 12577
150 13420 51044 13257
150 13450 42415 13288
150 12010 34189 11858
150 13429 54693 13272
150 13032 49973 12872
150 13393 15710 13230
150 12890 38169 12728
150 12789 15550 12631
150 14209 56679 14048
150 13936 34109 13775
150 12983 56035 12822
150 12536 24470 12380
150 12722 61146 12562
150 13011 33519 12845
150 12278 21179 12122
150 13017 29963 12858
150 12460 33025 12298
150 12607 29995 12451
150 12917 47337 12757
150 13542 43562 13387
150 13521 35147 13364
150 13951 39024 13795
150 13817 35329 13657
150 12266 28888 12104
200 17268 58356 17058
200 17322 84185 17102
200 17961 102797 17747
200 16435 88090 16228
200 17694 115361 17481
200 17169 89210 16950
200 17753 90386 17532
200 16885 93432 16650
200 17349 66838 17140
200 18558 101422 18339
200 18486 65534 18265
200 17151 85572 16929
200 16615 66845 16397
200 16894 86123 16679
200 16945 61720 16719
200 16189 58320 15981
200 16991 80099 16775
200 17091 62137 16874
200 16398 61235 16182
200 17584 71482 17369
200 17759 88411 17549
200 17924 73926 17708
200 18261 65796 18048
200 18288 66702 18065
200 16604 66417 16363
250 21490 95452 21216
250 21712 139808 21435
250 22013 152813 21739
250 20711 123620 20446
250 22780 220028 22503
250 21548 149108 21272
250 21261 163613 20985
250 20920 148720 20622
250 21702 126783 21436
250 22755 191085 22476
250 22652 124822 22364
250 21029 154514 20745
250 21187 119180 20907
250 21444 154140 21167
250 21302 124405 21019
250 20425 140143 20153
250 21683 104983 21407
250 21292 157298 21013
250 20799 154505 20527
250 22160 131508 21884
250 22078 100729 21806
250 22578 139763 22301
250 22681 126638 22412
250 22327 139636 22041
250 21018 113137 20714
300 25416 187501 25074
300 25784 267443 25445
300 26412 246889 26078
300 24740 217375 24410
