10 176 444 174
10 177 438 177
10 171 343 167
10 150 329 150
10 154 341 152
10 184 334 182
10 127 350 127
10 166 340 162
10 166 332 164
10 198 345 194
20 176 370 174
20 177 392 177
20 171 367 167
20 162 370 162
20 154 468 152
20 184 363 182
20 174 372 168
20 176 375 174
20 178 372 167
20 198 473 194
30 176 607 174
30 177 417 177
30 172 407 167
30 186 512 184
30 165 604 165
30 184 397 182
30 174 396 168
30 176 392 174
30 178 493 167
30 198 499 194
40 176 640 174
40 182 553 178
40 172 838 167
40 186 539 184
40 196 1543 175
40 191 544 189
40 181 736 168
40 183 528 174
40 178 641 167
40 198 655 194
50 178 974 174
50 182 1281 178
50 175 874 167
50 194 678 190
50 198 1690 175
50 205 575 189
50 174 1758 168
50 183 586 174
50 180 1280 167
50 212 1390 194
60 178 1107 174
60 182 1521 178
60 182 1014 167
60 194 990 190
60 202 1928 175
60 191 1530 189
60 183 2196 173
60 195 2011 174
60 181 1518 167
60 208 1527 194
70 218 1471 198
70 186 1778 178
70 179 1273 167
70 213 1349 202
70 203 2065 175
70 191 1771 189
70 193 2634 174
70 197 941 174
70 183 1668 176
70 215 1965 194
80 221 2388 198
80 194 2114 194
80 186 1400 173
80 213 1360 202
80 192 1682 175
80 204 3754 189
80 185 3278 175
80 197 436704 174
80 195 2402 190
80 215 2301 194
90 222 3155 198
90 194 2733 194
90 184 1833 173
90 213 2287 202
90 195 21794 175
90 203 3953 189
90 196 3808 183
90 197 2358233 174
90 206 2854448 190
90 215 2950 194
100 229 3362 198
100 207 3875 194
100 186 3272 173
10 176 392 174
10 177 399 177
10 171 345 167
10 150 420 150
10 154 346 152
10 184 350 182
10 127 340 127
10 166 342 162
10 166 333 164
10 198 345 194
20 176 376 174
20 177 383 177
20 171 375 167
20 162 382 162
20 154 469 152
20 184 364 182
20 174 375 168
20 176 374 174
20 174 461 167
20 198 472 194
30 176 605 174
30 177 428 177
30 172 397 167
30 186 526 184
30 165 611 165
30 184 417 182
30 174 408 168
30 176 425 174
30 174 599 167
30 198 533 194
40 176 640 174
40 182 564 178
40 172 843 167
40 186 549 184
40 198 1657 175
40 191 554 189
40 174 729 168
40 183 539 174
40 174 648 167
40 198 750 194
50 176 979 174
50 182 1315 178
50 181 978 167
50 194 685 190
50 196 1687 175
50 203 190885 189
50 181 1282 168
50 183 698 174
50 175 1491 167
50 212 1513 194
60 177 1110 174
60 182 1525 178
60 182 1129 167
60 194 1114 190
60 184 1167 175
60 205 235443 189
60 176 1595 173
60 183 923 174
60 177 1537 167
60 210 1646 194
70 206 2174 198
70 182 1895 178
70 179 1269 167
70 213 1294 202
70 191 1375 175
70 203 282935 189
70 184 1923 174
70 172 301107 174
70 180 1982 176
70 215 2194 194
80 206 2612 198
80 194 2191 194
80 180 1519 173
80 213 1467 202
80 204 2924 175
80 179 301365 189
80 185 2674 175
80 172 301447 174
80 195 2542 190
80 215 2437 194
90 206 3156 198
90 194 2851 194
90 189 1945 173
90 213 2320 202
90 196 2340 175
90 191 4064 189
90 194 3020 183
90 172 301325 174
90 182 301214 190
90 215 2867 194
100 213 3600 198
100 197 3493 194
100 185 3485 173
100 207 301132 202
100 207 4202 175
100 207 25731 189
100 194 3556 183
100 175 301195 174
100 190 301171 190
100 218 3301 194
110 217 4623 198
110 205 4430 194
110 189 4725 173
110 200 301108 202
110 206 13688 198
110 215 29796 189
110 194 4099 183
110 177 301181 174
110 182 301187 190
110 213 4417 194
120 228 5352 198
120 193 301795 194
120 187 76555 173
120 207 301054 202
120 205 16115 198
120 200 301948 189
120 207 5351 203
120 175 301310 174
120 195 301249 190
120 199 301022 194
130 210 6501 198
130 193 301224 194
130 183 301255 173
130 202 301474 202
130 201 17837 198
130 205 301300 189
130 197 300983 203
130 142 301269 174
130 196 301095 190
130 206 300921 194
140 226 9533 198
140 205 300899 194
140 179 301257 173
140 202 301069 202
140 191 301053 198
140 200 301243 189
140 200 301065 203
140 178 301185 174
140 184 301192 190
140 208 301047 194
150 222 12199 198
150 195 301190 194
150 174 301275 173
150 202 301070 202
150 192 301039 198
150 206 301293 189
150 195 301130 203
150 197 301271 186
150 199 301192 190
150 208 300982 194
160 218 24797 198
160 217 300973 194
160 181 301218 173
160 202 301046 202
160 197 301114 198
160 214 301298 189
160 207 301127 203
160 197 301246 186
160 186 301257 190
160 211 300976 194
170 215 301124 198
170 219 301315 194
170 184 301122 173
170 202 301163 202
170 197 301190 198
170 219 301336 189
170 210 301135 203
170 153 301154 186
170 203 301262 190
170 213 301004 194
180 214 301176 198
180 219 301225 194
180 206 301293 173
180 202 301180 202
180 197 301178 198
180 214 301139 189
180 214 301081 203
180 156 301180 186
180 204 301309 190
180 217 301124 194
190 214 301224 198
190 218 301268 194
190 194 301354 180
190 206 301138 202
190 199 301212 198
190 210 301304 189
190 228 301219 214
190 207 301232 186
190 204 301315 190
190 219 301172 194
200 204 301097 198
200 232 301296 194
200 194 301239 186
200 161 301268 202
200 202 301274 198
200 201 301325 189
200 226 301189 214
200 153 301267 186
200 205 301241 190
200 221 301187 194
