100 309 19174 209
100 315 18753 209
100 304 18753 210
100 272 18056 182
100 315 20527 207
100 285 18720 209
100 313 19045 195
100 288 18668 174
100 286 18566 203
100 321 19303 192
100 319 20737 212
100 286 18648 184
100 294 18807 214
100 319 18669 210
100 303 18650 195
100 309 20113 191
100 346 20661 203
100 300 18620 190
100 295 18612 219
100 314 19047 202
100 317 18851 201
100 291 18765 195
100 315 18913 209
100 301 19114 222
100 337 20379 201
200 326 23084 209
200 337 24842 216
200 317 22917 210
200 298 24296 187
200 340 24689 207
200 297 22400 209
200 323 23267 201
200 297 22710 194
200 314 22858 203
200 338 25603 192
200 329 25468 212
200 305 22523 208
200 320 22920 221
200 320 22787 210
200 313 22889 195
200 318 22099 219
200 349 24677 203
200 341 23295 190
200 304 22320 219
200 313 23191 227
200 317 22885 201
200 315 22835 211
200 343 24696 209
200 323 23532 235
200 340 24705 201
300 340 28337 217
300 339 29915 216
300 328 28115 210
300 320 29457 187
300 353 30586 207
300 317 27404 209
300 336 29687 201
300 324 28606 194
300 304 27902 223
300 347 30628 192
300 343 30491 212
300 317 27649 208
300 339 28477 221
300 320 29629 230
300 320 28198 205
300 326 27479 219
300 366 30339 203
300 358 30402 190
300 309 28103 219
300 316 28782 227
300 341 28987 201
300 317 28403 211
300 346 29760 209
300 326 28391 235
300 343 29816 201
400 346 34353 220
400 344 36825 216
400 330 34294 210
400 327 35769 213
400 366 37513 207
400 320 33306 209
400 338 36896 201
400 324 34346 194
400 308 34272 223
400 348 36534 211
400 347 36661 212
400 330 33318 209
400 350 34881 221
400 326 36302 230
400 323 34122 205
400 328 34710 219
400 358 36835 211
400 325 34923 231
400 322 34385 219
400 321 34557 227
400 354 37949 201
400 335 36973 211
400 329 36394 223
400 327 34819 235
400 339 36019 202
500 346 41789 220
500 361 43697 216
500 331 40553 211
500 332 41649 230
500 370 44788 207
500 324 41546 209
500 351 44969 201
500 328 41336 194
500 321 41916 224
500 352 43495 211
500 348 42904 212
500 332 40549 209
500 352 42235 221
500 330 44094 230
500 331 41291 205
500 332 44133 219
500 360 43720 211
500 326 41461 231
500 330 41495 221
500 325 42189 227
500 322 41443 225
500 341 44185 211
500 330 43151 223
500 335 43193 235
500 341 42522 202
600 355 49295 220
600 361 51137 216
600 346 52738 221
600 335 50800 230
600 381 54118 207
600 334 49004 209
600 353 52657 201
600 332 49199 194
600 326 49221 224
600 352 51052 211
600 327 50339 224
600 336 48888 209
600 356 49032 221
600 334 51947 230
600 334 49637 238
600 332 52370 219
600 361 51440 214
600 329 47975 231
600 336 48706 221
600 329 49868 227
600 330 52921 231
600 342 52359 211
600 333 50594 223
600 340 52818 235
600 328 50069 215
700 360 56634 220
700 361 61073 216
700 346 59350 221
700 340 59146 230
700 353 60215 235
700 337 58019 209
700 365 60668 204
700 335 58295 194
700 326 56816 224
700 357 60507 211
700 329 57195 224
700 368 58895 209
700 357 56912 221
700 336 59872 230
700 337 57303 238
700 335 59322 223
700 373 59669 214
700 350 56334 231
700 340 57008 221
700 331 57662 227
700 331 60576 231
700 346 60123 215
700 334 58969 223
700 342 60952 235
700 333 58919 215
800 362 65879 220
800 364 67426 220
800 349 69046 221
800 358 71239 230
800 354 68362 235
800 341 64920 209
800 369 68460 205
800 340 66972 206
800 331 65226 224
800 358 68173 211
800 335 66400 224
800 371 68361 209
800 369 68906 221
800 337 67568 230
800 339 66699 238
800 336 66662 223
800 373 69701 214
800 353 66120 231
800 342 66289 221
800 332 65833 227
800 339 68765 231
800 347 69908 215
800 335 66850 223
800 343 69034 235
800 355 68925 215
900 367 76978 220
900 368 78420 220
900 351 75969 221
900 359 81258 230
900 357 78737 235
900 339 72959 217
900 369 77112 205
900 350 75808 206
900 334 73907 224
900 358 76637 211
900 338 73382 224
900 372 83799 209
900 370 77848 221
900 338 78400 230
900 341 77097 238
900 335 76153 223
900 373 79951 214
900 355 79608 231
900 344 74046 221
900 335 75938 227
900 340 78065 231
900 349 80038 215
900 343 75935 223
900 356 82255 235
900 354 78180 215
1000 368 85325 220
1000 369 88209 220
1000 355 85067 227
1000 365 95632 232
1000 357 87817 235
1000 342 81116 217
1000 371 88660 205
1000 354 91791 206
1000 346 86639 224
1000 354 89577 219
1000 338 81651 224
1000 379 89547 209
1000 373 85817 221
1000 338 89740 230
1000 341 87131 238
1000 338 84198 223
1000 374 90577 214
1000 356 87292 231
1000 346 83465 221
1000 335 83931 227
1000 341 93843 231
1000 350 90912 215
1000 350 90764 223
1000 356 90809 235
1000 356 87768 215
1100 353 103180 223
1100 371 104820 220
1100 355 98337 227
1100 367 110490 232
1100 368 107467 235
1100 345 95002 217
1100 371 99069 205
1100 355 113030 206
1100 346 99325 224
1100 351 111091 229
1100 341 90775 224
1100 382 103520 214
1100 373 109565 221
1100 339 104078 230
1100 343 95009 238
1100 341 99018 223
1100 378 140673 214
1100 356 108871 231
1100 352 97834 221
1100 350 98076 227
1100 342 105092 231
1100 351 108181 215
1100 351 99823 223
1100 361 108841 235
1100 360 128512 215
1200 355 119988 223
1200 374 132722 220
1200 355 116940 227
1200 367 116977 232
1200 369 119791 235
1200 347 113838 217
1200 377 108978 205
1200 357 138541 208
1200 348 118292 224
1200 351 115477 229
1200 341 102382 224
1200 384 119615 214
1200 375 114118 221
1200 340 116138 230
1200 346 115643 238
1200 341 116421 223
1200 365 121862 233
1200 359 126757 231
1200 353 107137 221
1200 350 114065 227
1200 345 116914 231
1200 353 143828 215
1200 358 113143 223
1200 365 137764 235
1200 373 225383 215
1300 358 172592 223
1300 372 143455 220
1300 358 137294 227
1300 368 157292 232
1300 372 143206 235
1300 352 127316 217
1300 381 125599 207
1300 367 176972 208
1300 357 146955 224
1300 358 133232 229
1300 343 120982 224
1300 386 152420 214
1300 377 131798 221
1300 341 136233 230
1300 346 164097 238
1300 343 143517 223
1300 366 139873 233
1300 361 178597 231
1300 356 151815 221
1300 352 166017 227
1300 346 133087 231
1300 356 191026 215
1300 366 133902 223
1300 365 139558 235
1300 374 190984 215
1400 360 181992 223
1400 374 256793 220
1400 364 184376 227
1400 370 167815 232
1400 372 185367 235
1400 354 146355 217
1400 384 153648 207
1400 367 271282 208
1400 356 173404 224
1400 367 216768 229
1400 364 151790 224
1400 386 176588 214
1400 378 159409 221
1400 342 170141 230
1400 349 150631 238
1400 345 163827 223
1400 366 162874 233
1400 361 175014 231
1400 363 215116 228
1400 357 164188 227
1400 349 166345 231
1400 358 306675 215
1400 370 143685 223
1400 369 184264 235
1400 372 473725 215
1500 361 387442 223
1500 375 253147 220
1500 375 242566 227
1500 371 252465 232
1500 373 255402 235
1500 355 176278 217
1500 385 175916 207
1500 374 354735 208
1500 364 232053 224
1500 374 286044 229
1500 362 213596 224
1500 388 308492 214
1500 378 182968 221
1500 342 206112 230
1500 353 267049 238
1500 347 216150 223
1500 366 193828 233
1500 372 195234 231
1500 371 223396 228
1500 356 568171 244
1500 351 230939 231
1500 361 279095 215
1500 370 174874 223
1500 370 256386 235
1500 385 527436 215
1600 364 489278 223
1600 377 381037 220
1600 378 369956 227
1600 374 227609 232
1600 375 267000 235
1600 356 206940 217
1600 386 287636 207
1600 359 385375 222
1600 366 467898 224
1600 375 437437 229
1600 363 254448 224
1600 390 389566 214
1600 379 220306 221
1600 351 356227 230
1600 365 244827 238
1600 347 290475 223
1600 367 421272 233
1600 372 260883 231
1600 370 227273 228
1600 355 727409 244
1600 353 285359 231
1600 379 325999 215
1600 375 217187 223
1600 370 274114 235
1600 388 561376 215
1700 363 323977 223
1700 378 732495 220
1700 378 323739 227
1700 373 305152 232
1700 375 345859 235
1700 378 325026 217
1700 364 385228 233
1700 359 408455 222
1700 370 370672 224
1700 376 401260 229
1700 366 308769 224
1700 357 335926 223
1700 379 300933 221
1700 353 340109 230
1700 367 343945 238
1700 350 697361 223
1700 368 563883 233
1700 372 377277 231
1700 384 326305 228
1700 359 946611 244
1700 357 253211 231
1700 385 367033 215
1700 376 483470 223
1700 371 288639 235
1700 390 634110 215
1800 381 321890 223
1800 381 849919 220
1800 378 452615 227
1800 375 643817 232
1800 382 294719 235
1800 381 312202 217
1800 364 388861 233
1800 371 634447 222
1800 370 524780 224
1800 378 511491 229
1800 368 598087 224
1800 361 616127 223
1800 380 398909 221
1800 353 310427 230
1800 370 414639 238
1800 351 923930 223
1800 383 970259 233
1800 372 338562 231
1800 397 607907 228
1800 363 1093809 244
1800 362 330870 231
1800 386 499610 215
1800 376 434742 223
1800 371 427812 235
1800 407 631497 215
1900 383 695458 223
1900 381 891760 220
1900 370 833874 232
1900 376 844501 232
1900 382 488009 235
1900 381 649364 217
1900 363 402289 233
1900 373 809573 222
1900 376 619564 224
1900 378 512866 229
1900 373 632401 224
1900 368 831686 223
1900 380 445542 221
1900 353 382292 230
1900 382 689075 238
1900 354 807007 223
1900 387 830406 233
1900 372 440634 231
1900 396 627615 228
1900 362 1140627 244
1900 364 448162 231
1900 387 1033890 215
1900 390 714321 223
1900 373 621701 235
1900 408 983420 215
2000 383 756435 223
2000 382 980557 220
2000 370 542101 232
2000 377 844522 232
2000 383 513133 235
2000 380 833521 217
2000 364 720944 233
2000 372 1038541 222
2000 377 611799 224
2000 380 789373 229
2000 373 1043870 224
2000 380 940337 223
2000 380 535822 221
2000 366 461050 230
2000 384 498967 238
2000 352 907355 223
2000 389 877209 233
2000 401 836859 231
2000 399 1134678 228
2000 365 1317868 244
2000 371 728852 231
2000 388 810780 219
2000 391 792430 223
2000 384 723692 235
2000 398 692848 223
