100 257 20449 210
100 258 20622 210
100 260 20497 211
100 233 19728 183
100 279 21551 208
100 243 20258 210
100 274 20628 196
100 242 20119 175
100 252 19962 204
100 277 21094 193
200 282 24871 210
200 296 26239 217
200 272 24291 211
200 282 25584 188
200 319 26278 208
200 254 23802 210
200 291 24226 202
200 267 23752 195
200 272 23922 204
200 301 26848 193
300 299 28796 218
300 302 31112 217
300 286 28991 211
300 304 30213 188
300 333 31513 208
300 277 28282 210
300 296 28539 202
300 281 28084 195
300 269 28718 224
300 316 31421 193
400 309 35486 221
400 311 37582 217
400 286 35209 211
400 304 36650 214
400 338 37734 208
400 279 34286 210
400 323 36135 202
400 289 33786 195
400 272 35139 224
400 288 34510 212
500 310 41032 221
500 333 42856 217
500 287 40235 212
500 290 40490 231
500 346 44192 208
500 284 41207 210
500 338 46345 202
500 289 41060 195
500 287 41173 225
500 290 40249 212
600 321 47744 221
600 336 49694 217
600 323 48769 222
600 294 46543 231
600 355 51940 208
600 298 45872 210
600 340 50514 202
600 291 47022 195
600 294 48147 225
600 295 46730 212
700 323 55742 221
700 337 57534 217
700 326 55323 222
700 298 54903 231
700 304 58937 236
700 300 52779 210
700 311 55409 205
700 296 56293 195
700 296 54576 225
700 301 55589 212
800 323 63546 221
800 351 68272 221
800 333 68967 222
800 326 68456 231
800 309 67521 236
800 304 65093 210
800 344 67442 206
800 321 63857 207
800 301 60306 225
800 325 63530 212
900 349 73663 221
900 350 73790 221
900 329 75506 222
900 327 75820 231
900 311 71184 236
900 303 68411 218
900 347 75315 206
900 330 75296 207
900 302 70558 225
900 327 75436 212
1000 354 82662 221
1000 351 88384 221
1000 329 80076 228
1000 337 83310 233
1000 312 81056 236
1000 309 79947 218
1000 352 86035 206
1000 334 103142 207
1000 340 83439 225
1000 339 87027 220
1100 347 90526 224
1100 359 116275 221
1100 332 92742 228
1100 339 99875 233
1100 322 106653 236
1100 314 86708 218
1100 356 99784 206
1100 339 129413 207
1100 335 95982 225
1100 330 91031 230
1200 349 109728 224
1200 358 150172 221
1200 339 122358 228
1200 340 116064 233
1200 324 121645 236
1200 318 109916 218
1200 357 117891 206
1200 341 271487 209
1200 338 105404 225
1200 336 106196 230
1300 365 134485 224
1300 358 335078 221
1300 342 149204 228
1300 347 139738 233
1300 352 142765 236
1300 322 155544 218
1300 363 197595 208
1300 348 234182 209
1300 347 124555 225
1300 340 122267 230
1400 363 159928 224
1400 366 249236 221
1400 353 185953 228
1400 352 165802 233
1400 355 177969 236
1400 325 167801 218
1400 366 287431 208
1400 349 310136 209
1400 345 184123 225
1400 344 228142 230
1500 370 278006 224
1500 366 351949 221
1500 358 319208 228
1500 346 238660 233
1500 357 261849 236
1500 326 268891 218
1500 369 371449 208
1500 363 540605 209
1500 352 237132 225
1500 346 205776 230
1600 369 251165 224
1600 363 561553 221
1600 369 311244 228
1600 355 353713 233
1600 362 256484 236
1600 329 280245 218
1600 377 624591 208
1600 350 447428 223
1600 361 319791 225
1600 352 228790 230
1700 370 370596 224
1700 370 565550 221
1700 371 573384 228
1700 353 369056 233
1700 360 478446 236
1700 369 810184 218
1700 369 531584 234
1700 354 909083 223
1700 368 642978 225
1700 355 277087 230
1800 370 618707 224
1800 370 589312 221
1800 370 420570 228
1800 363 977329 233
1800 364 454626 236
1800 371 620039 218
1800 368 542081 234
1800 362 872700 223
1800 370 776712 225
1800 355 374804 230
1900 369 811381 224
1900 378 718476 221
1900 373 832915 233
1900 372 648983 233
1900 363 828676 236
1900 369 827611 218
1900 367 670077 234
1900 362 1093562 223
1900 373 1101633 225
1900 360 482945 230
2000 373 747231 224
2000 375 1036292 221
2000 371 735307 233
2000 369 1243013 233
2000 372 882066 236
2000 371 1046982 218
2000 373 1102243 234
2000 365 1358567 223
2000 367 924782 225
2000 363 806112 230
100 261 18087 210
100 264 19856 210
100 249 17982 211
100 248 17615 183
100 253 18217 208
100 247 17960 210
100 255 19887 196
100 238 17911 175
100 256 17969 204
100 256 18388 193
200 270 20705 210
200 283 22641 217
200 275 21036 211
200 266 20281 188
200 276 20909 208
200 276 20856 210
200 310 22959 202
200 244 20288 195
200 260 20710 204
200 303 23205 193
300 275 23427 218
300 311 25687 217
300 285 23811 211
300 279 23575 188
300 295 23770 208
300 297 24198 210
300 329 26037 202
300 262 23410 195
300 265 23445 224
300 324 26231 193
400 283 27155 221
400 312 29670 217
400 289 27746 211
400 269 26916 214
400 300 27769 208
400 300 27491 210
400 331 29048 202
400 274 27215 195
400 271 26999 224
400 295 27546 212
500 290 31333 221
500 330 34037 217
500 289 31665 212
500 282 30790 231
500 302 32938 208
500 302 30804 210
500 349 38419 202
500 278 31073 195
500 273 32234 225
500 303 31739 212
600 313 37968 221
600 330 37782 217
600 298 36630 222
600 284 36697 231
600 308 37282 208
600 323 38092 210
600 354 38658 202
600 317 37425 195
600 280 36760 225
600 310 36703 212
700 316 43779 221
700 334 43345 217
700 302 41882 222
700 284 41538 231
700 297 43318 236
700 336 43741 210
700 346 44246 205
700 321 43736 195
700 282 42144 225
700 316 42023 212
800 320 49257 221
800 338 51400 221
800 302 46566 222
800 292 48344 231
800 319 50507 236
800 341 50079 210
800 359 51492 206
800 332 51197 207
800 294 48314 225
800 322 47812 212
900 322 55311 221
900 335 57272 221
900 303 53716 222
900 294 54236 231
900 322 59417 236
900 332 56817 218
900 358 59274 206
900 337 56136 207
900 323 57413 225
900 323 56382 212
1000 328 63850 221
1000 341 64954 221
1000 304 59577 228
1000 307 61053 233
1000 327 67374 236
1000 335 63416 218
1000 358 66074 206
1000 342 64099 207
1000 328 64066 225
1000 316 61246 220
1100 323 71177 224
1100 341 72299 221
1100 308 67310 228
1100 312 68666 233
1100 329 74403 236
1100 336 70868 218
1100 373 73822 206
1100 345 70669 207
1100 332 73926 225
1100 323 69122 230
1200 326 78948 224
1200 345 81438 221
1200 307 72872 228
1200 316 78869 233
1200 338 84937 236
1200 339 78202 218
1200 367 81644 206
1200 348 77403 209
1200 339 79230 225
1200 319 73414 230
1300 334 88833 224
1300 347 88130 221
1300 323 81095 228
1300 345 88307 233
1300 344 93587 236
1300 346 83633 218
1300 369 89045 208
1300 351 86515 209
1300 345 86240 225
1300 330 85621 230
1400 344 98382 224
1400 361 96591 221
1400 329 91305 228
1400 348 98753 233
1400 347 110873 236
1400 356 93432 218
1400 378 99004 208
1400 354 97538 209
1400 354 97251 225
1400 356 98131 230
1500 343 117215 224
1500 374 107373 221
1500 331 101086 228
1500 352 108927 233
1500 363 108885 236
1500 354 102711 218
1500 383 107791 208
1500 360 105196 209
1500 359 105033 225
1500 355 107064 230
1600 346 117835 224
1600 375 116230 221
1600 338 114716 228
1600 360 140936 233
1600 360 123078 236
1600 360 115087 218
1600 385 119685 208
1600 349 114037 223
1600 365 120341 225
1600 365 120986 230
1700 363 127954 224
1700 380 126102 221
1700 339 124385 228
1700 363 129912 233
1700 362 134208 236
1700 363 125777 218
1700 368 131132 234
1700 355 130677 223
1700 366 135547 225
1700 366 126261 230
1800 362 145856 224
1800 383 135401 221
1800 339 136060 228
1800 367 154602 233
1800 366 193148 236
1800 365 135529 218
1800 371 141587 234
1800 357 141727 223
1800 373 148463 225
1800 382 141959 230
1900 359 145249 224
1900 383 149583 221
1900 369 151720 233
1900 372 175139 233
1900 366 148550 236
1900 365 153277 218
1900 373 162827 234
1900 356 152698 223
1900 370 152693 225
1900 380 157825 230
2000 364 178370 224
2000 393 162911 221
2000 386 168208 233
2000 375 189204 233
2000 370 173321 236
2000 371 190748 218
2000 374 181411 234
2000 357 184733 223
2000 373 177121 225
2000 386 163761 230
