100 210 1524 210
100 217 1349 210
100 214 1292 211
100 185 1162 183
100 209 1492 208
100 209 2546 210
100 195 1461 196
100 176 1291 175
100 203 1256 204
100 195 1532 193
200 214 3575 210
200 225 3408 217
200 217 3642 211
200 190 3457 188
200 212 3534 208
200 211 3507 210
200 208 3382 202
200 198 3286 195
200 206 3260 204
200 199 3232 193
300 224 7079 218
300 227 6441 217
300 220 6831 211
300 198 7121 188
300 214 7038 208
300 213 6313 210
300 214 8476 202
300 199 7077 195
300 227 7933 224
300 200 7451 193
400 230 15837 221
400 228 13281 217
400 220 13920 211
400 214 16619 214
400 216 16454 208
400 215 13451 210
400 219 17166 202
400 201 15062 195
400 229 16187 224
400 215 17104 212
500 232 30857 221
500 229 28882 217
500 221 31663 212
500 238 33192 231
500 216 31477 208
500 215 25976 210
500 217 31739 202
500 206 28783 195
500 240 37878 225
500 215 31639 212
600 230 60671 221
600 232 55095 217
600 229 53818 222
600 240 57950 231
600 218 53485 208
600 219 47049 210
600 218 53821 202
600 207 46142 195
600 239 61098 225
600 217 55961 212
700 233 97594 221
700 232 96548 217
700 230 101166 222
700 239 98147 231
700 247 110093 236
700 226 78744 210
700 220 96754 205
700 211 94090 195
700 242 105171 225
700 218 91005 212
800 232 179869 221
800 237 151733 221
800 238 140202 222
800 242 172919 231
800 248 174016 236
800 229 131207 210
800 224 147832 206
800 223 153773 207
800 241 184079 225
800 226 152138 212
900 236 255687 221
900 240 248343 221
900 240 237954 222
900 244 265821 231
900 247 295393 236
900 230 210005 218
900 224 246051 206
900 223 233206 207
900 243 256078 225
900 226 228260 212
1000 240 387946 221
1000 243 352827 221
1000 244 407847 228
1000 245 385667 233
1000 247 529789 236
1000 230 305678 218
1000 228 354118 206
1000 230 365875 207
1000 247 374946 225
1000 234 387708 220
1100 242 581477 224
1100 245 490703 221
1100 246 545046 228
1100 250 599302 233
1100 251 757128 236
1100 235 502409 218
1100 240 578106 206
1100 229 571144 207
1100 246 589620 225
1100 248 524256 230
