100 210 2113 210
100 211 3707 210
100 210 2625 211
100 184 1476 183
100 207 3600 208
100 209 3081 210
100 195 2810 196
100 174 1687 175
100 203 1962 204
100 194 2520 193
200 210 8062 210
200 217 14370 217
200 210 15798 211
200 191 14024 188
200 208 17817 208
200 209 14332 210
200 201 16701 202
200 196 11970 195
200 203 11886 204
200 194 15097 193
300 219 43887 218
300 217 55972 217
300 212 38584 211
300 191 35252 188
300 208 46217 208
300 209 40448 210
300 206 54385 202
300 196 39712 195
300 223 45702 224
300 196 49209 193
400 222 113764 221
400 217 130640 217
400 212 115627 211
400 213 117328 214
400 210 114785 208
400 209 94522 210
400 205 123625 202
400 196 115813 195
400 223 107294 224
400 215 121903 212
500 222 266825 221
500 219 266753 217
500 216 241999 212
500 235 298280 231
500 212 264070 208
500 209 202252 210
500 208 231122 202
500 198 217764 195
500 230 281441 225
500 215 264517 212
600 223 520324 221
600 219 415725 217
600 223 474405 222
600 235 571345 231
600 212 471351 208
600 212 433428 210
600 210 468253 202
600 198 451548 195
600 232 488385 225
600 215 473873 212
700 223 904075 221
700 219 763226 217
700 223 823385 222
700 235 818975 231
700 240 934930 236
700 213 722318 210
700 210 818918 205
700 201 789037 195
700 232 857069 225
700 215 821701 212
