20 25 150 20
20 25 122 19
20 28 129 22
20 32 214 26
20 20 913 20
20 19 632 19
20 22 840 22
20 26 1476 26
20 20 761 20
20 22 949 22
20 20 709 20
20 21 875 21
20 19 634 19
20 21 760 21
20 18 549 18
20 22 977 22
20 26 1380 26
20 17 411 17
20 22 882 22
20 20 871 20
20 17 438 17
20 21 761 21
20 24 1290 24
20 20 661 20
20 26 1492 26
20 20 637 20
20 26 1399 26
20 24 1179 24
20 21 659 21
40 20 1371 20
40 22 1870 22
40 22 1728 22
40 26 3181 26
40 20 1406 20
40 22 1901 22
40 20 1538 20
40 22 1940 22
40 24 2653 24
40 21 1635 21
40 23 2234 23
40 22 1845 22
40 26 3113 26
40 21 1531 21
40 22 1810 22
40 20 1650 20
40 24 2320 24
40 22 2067 22
40 24 2496 24
40 20 1316 20
40 26 3158 26
40 26 3364 26
40 26 3669 26
40 25 2942 25
40 21 1664 21
60 26 5156 26
60 22 3048 22
60 22 2937 22
60 26 5147 26
60 20 2155 20
60 22 3110 22
60 20 2299 20
60 22 3338 22
60 24 4390 24
60 21 2612 21
60 23 3440 23
60 22 3048 22
60 26 5011 26
60 21 2500 21
60 24 3699 24
60 21 2944 21
60 24 3692 24
60 22 3269 22
60 24 4130 24
60 22 2947 22
60 26 5020 26
60 26 4986 26
60 26 5224 26
60 25 4891 25
60 21 2348 21
80 NaN NaN NaN
80 26 8144 26
80 25 6485 25
80 26 7304 26
80 21 3746 21
80 22 4445 22
80 26 7485 26
80 22 4440 22
80 24 6681 24
80 21 3786 21
80 23 5207 23
80 22 33432 22
80 26 6970 26
80 22 4766 22
80 NaN NaN NaN
80 NaN NaN NaN
80 24 5555 24
80 22 5180 22
80 24 5821 24
80 23 4791 23
80 26 7840 26
80 26 7160 26
80 26 6908 26
80 25 7569 25
80 25 6415 25
100 NaN NaN NaN
100 NaN NaN NaN
100 NaN NaN NaN
100 26 9842 26
100 NaN NaN NaN
100 NaN NaN NaN
100 NaN NaN NaN
100 NaN NaN NaN
100 NaN NaN NaN
100 NaN NaN NaN
100 23 6828 23
100 NaN NaN NaN
100 NaN NaN NaN
100 22 15599 22
100 NaN NaN NaN
100 27 43581 27
100 NaN NaN NaN
100 25 14317 25
100 NaN NaN NaN
100 NaN NaN NaN
100 26 39130 26
100 NaN NaN NaN
100 26 16087 26
100 NaN NaN NaN
100 25 32532 25
120 NaN NaN NaN
120 NaN NaN NaN
120 NaN NaN NaN
120 26 58225 26
120 NaN NaN NaN
120 NaN NaN NaN
120 NaN NaN NaN
120 NaN NaN NaN
