70 61 422 53
70 58 303 47
70 71 469 47
70 61 342 49
70 64 257 50
70 62 342 51
70 52 341 46
70 52 237 45
70 71 343 59
70 67 461 54
70 61 443 49
70 65 340 50
70 50 340 44
70 61 348 54
70 60 245 52
70 59 337 50
70 54 350 47
70 59 348 48
70 55 445 45
70 69 346 49
70 57 336 50
70 57 235 52
70 58 345 46
70 63 441 46
70 56 443 50
80 61 359 53
80 58 345 47
80 70 562 47
80 65 563 49
80 64 353 50
80 65 347 51
80 53 556 46
80 52 359 45
80 71 461 59
80 67 553 54
80 61 549 49
80 66 462 51
80 53 351 44
80 61 362 54
80 60 466 52
80 59 342 50
80 53 449 47
80 55 358 48
80 59 664 45
80 69 548 49
80 57 341 50
80 57 343 52
80 58 668 46
80 65 456 46
80 59 553 50
90 65 465 53
90 58 454 51
90 72 896 47
90 71 799 49
90 65 578 50
90 65 554 51
90 53 557 46
90 77 684 55
90 71 578 59
90 67 570 54
90 61 878 49
90 66 881 51
90 56 453 44
90 71 463 54
90 61 673 52
90 66 459 50
90 54 580 47
90 59 693 48
90 60 1315 45
90 69 1072 56
90 57 563 50
90 57 351 52
90 58 571 47
90 64 782 46
90 59 672 50
100 65 672 53
100 71 561 51
100 73 986 47
100 71 1093 49
100 65 797 50
100 67 681 51
100 58 899 46
100 78 1219 55
100 71 804 59
100 67 908 54
100 68 1222 49
100 68 875 51
100 56 662 44
100 71 800 54
100 61 782 52
100 66 891 50
100 63 1223 47
100 61 1017 48
100 62 1428 45
100 69 1095 56
100 58 877 50
100 60 770 52
100 63 790 47
100 70 979 49
100 59 911 50
110 65 786 53
110 65 790 51
110 71 1658 47
110 71 1741 49
110 77 1127 50
110 69 901 51
110 60 1196 46
110 79 1657 55
110 73 1095 59
110 67 1108 54
110 62 1639 49
110 70 1511 51
110 58 795 45
110 73 1009 54
110 61 1219 52
110 66 1167 50
110 66 1434 47
110 71 1552 48
110 61 1427 49
110 70 1506 56
110 58 884 50
110 65 1126 52
110 67 1009 47
110 70 1302 49
110 59 1316 50
120 67 1985 53
120 65 1108 51
120 72 2081 47
120 75 2418 49
120 77 1220 50
120 69 1214 51
120 62 1507 46
120 79 2102 55
120 75 1888 59
120 75 3780 54
120 67 2715 49
120 72 1968 51
120 60 1221 45
120 75 1461 54
120 61 1350 52
120 61 1322 50
120 66 1603 47
120 69 2101 48
120 64 1891 49
120 70 1733 56
120 59 1654 50
120 69 2065 52
120 67 1436 47
120 70 1952 49
120 59 2046 50
130 67 2501 53
130 64 1216 51
130 69 2190 47
130 80 2941 51
130 77 2425 50
130 67 1456 51
130 62 1943 46
130 80 2501 55
130 73 2822 59
130 75 4653 54
130 67 3161 49
130 70 2614 51
130 68 2060 45
130 75 2089 54
130 74 2060 52
130 66 1674 50
130 66 2321 47
130 69 2395 48
130 66 3450 49
130 73 2208 56
130 68 2989 52
130 69 6252 52
130 66 1981 47
130 70 2583 49
130 64 3075 51
140 71 3703 53
140 64 1638 51
140 74 2836 47
140 78 4597 51
140 74 4873 50
140 67 3775 51
140 66 2188 46
140 80 3800 55
140 73 4679 59
140 77 4712 54
140 72 7003 49
140 72 4196 51
140 64 2527 45
140 75 2498 54
140 73 2816 52
140 68 3264 50
140 66 3124 47
140 69 3356 48
140 64 2715 49
140 70 3541 56
140 68 3064 52
140 69 3034 52
140 69 2833 47
140 79 3531 51
140 67 4110 51
150 71 3613 53
150 65 2840 51
150 74 5262 47
150 90 5868 51
150 76 6278 50
150 68 4027 51
150 67 2746 46
150 85 3896 55
150 75 4633 59
150 77 8046 54
150 67 10342 49
150 72 6465 51
150 69 3792 45
150 75 3385 54
150 73 3722 52
150 70 4202 50
150 68 5005 47
150 69 5975 48
150 65 4961 49
150 70 4511 56
150 69 3784 52
150 69 3154 52
150 65 3690 47
150 81 4126 51
150 65 5071 51
160 72 5538 53
160 65 5405 51
160 77 5152 47
160 88 8414 51
160 78 8828 50
160 67 7687 51
160 70 5807 46
160 89 7533 55
160 84 6971 59
160 77 13412 54
160 78 13306 49
160 70 8756 51
160 70 4880 45
160 75 5831 54
160 74 5918 52
160 70 5605 50
160 69 6185 47
160 80 10477 48
160 67 5492 49
160 71 6815 56
160 69 5391 52
160 67 4741 52
160 80 4999 47
160 81 5497 51
160 68 8158 51
170 76 6869 53
170 78 10037 51
170 74 6239 47
170 89 11962 51
170 78 15323 50
170 67 5956 51
170 69 5762 46
170 89 11078 55
170 83 10396 59
170 77 14932 54
170 80 17657 49
170 71 14058 51
170 71 8520 46
170 74 6312 54
170 78 6217 52
170 70 6797 50
170 71 10695 47
170 79 15562 48
170 66 7611 49
170 72 11025 56
170 73 7382 52
170 65 8499 52
170 74 7502 47
170 81 8709 51
170 72 14041 51
180 75 7794 53
180 76 13725 51
180 74 9011 50
180 78 15674 51
180 78 15271 50
180 69 7701 51
180 67 6888 46
180 92 16590 55
180 83 17582 59
180 77 19313 54
180 80 20582 49
180 72 12507 51
180 76 11759 46
180 79 10292 54
180 78 9470 52
180 72 9128 50
180 84 16647 47
180 82 16113 48
180 67 10435 49
180 77 13167 56
180 69 13938 52
180 78 20119 52
180 73 10138 47
180 81 10460 51
180 71 12100 51
190 75 11838 53
190 79 17108 51
190 79 13733 50
190 78 17288 51
190 79 23280 50
190 70 11482 51
190 68 16553 46
190 94 20217 55
190 83 120713 59
190 82 31776 54
190 77 35362 49
190 72 17683 51
190 75 14432 46
190 76 14500 54
190 79 13886 52
190 72 11460 50
190 76 25349 47
190 83 22804 48
190 69 21364 49
190 77 23544 56
190 70 12515 52
190 84 14823 52
190 71 11696 47
190 81 30017 51
190 72 14178 51
200 77 13282 53
200 79 25220 51
200 75 16454 50
200 88 32125 51
200 78 24041 50
200 70 12555 51
200 70 10499 47
200 89 28796 55
200 86 24961 59
200 82 41639 54
200 78 44411 49
200 72 31684 51
200 76 18670 46
200 79 19982 54
200 76 11787 52
200 73 27755 50
200 88 38798 47
200 83 31799 48
200 70 20169 49
200 91 27951 56
200 75 23612 52
200 82 26661 52
200 76 20843 47
200 81 32158 51
200 73 15126 51
