20 924 59728 924
20 787 32344 785
20 925 43899 921
20 820 48401 818
20 997 58318 995
20 996 40719 996
20 929 49428 927
20 907 33824 907
20 991 92988 989
20 833 41937 831
20 998 40540 998
20 866 90575 862
20 969 32715 967
20 1047 101947 1043
20 936 112829 930
20 835 47254 833
20 941 36953 939
20 939 60385 937
20 1026 117988 1024
20 930 61822 928
20 873 31150 873
20 890 41716 888
20 865 27713 861
20 954 48104 954
20 941 67809 935
40 924 78519 924
40 870 56267 868
40 925 64537 921
40 820 87567 818
40 1022 165084 1018
40 1009 122793 1003
40 931 63933 927
40 907 119066 907
40 991 124152 989
40 841 89128 839
40 998 68431 998
40 1002 174512 1000
40 969 95032 967
40 1047 150689 1043
40 966 250659 964
40 835 64573 833
40 941 248107 939
40 1125 180710 1121
40 1028 287794 1024
40 1072 101601 1068
40 957 144399 955
40 890 131882 888
40 947 87899 945
40 1023 109996 1020
40 941 167157 935
60 924 145468 924
60 870 98116 868
60 925 90476 921
60 835 241107 831
60 1026 267800 1018
60 1009 250957 1003
60 968 186177 964
60 976 208172 973
60 495 326505 989
60 930 155903 926
60 1002 165441 998
60 1004 215751 1000
60 1018 288535 1013
60 521 409058 1043
60 1031 279448 1027
60 835 126157 833
60 943 287866 939
60 563 334563 1121
60 1028 302497 1024
60 1072 146640 1068
60 959 203672 955
60 890 252785 888
60 959 208581 957
60 1025 254418 1020
60 990 287409 986
80 924 184834 924
80 912 179199 908
80 499 314197 999
80 436 333276 871
80 519 319732 1034
80 NaN NaN NaN
80 968 223360 964
80 488 319663 973
80 514 340173 1026
80 935 307980 926
80 499 325900 998
80 542 343455 1081
80 1018 307362 1013
80 521 341237 1043
80 514 322647 1027
80 837 196750 833
80 NaN NaN NaN
80 NaN NaN NaN
80 513 310575 1024
80 1072 206062 1068
80 529 357053 1058
80 NaN NaN NaN
80 965 281920 963
80 NaN NaN NaN
80 NaN NaN NaN
100 512 313978 1017
100 457 328212 908
100 499 316187 999
100 NaN NaN NaN
100 NaN NaN NaN
100 NaN NaN NaN
100 970 275306 964
100 504 313204 1005
100 NaN NaN NaN
100 498 315218 987
100 499 320282 998
100 NaN NaN NaN
100 1017 305888 1013
100 525 313931 1043
100 NaN NaN NaN
100 492 328471 982
100 NaN NaN NaN
100 NaN NaN NaN
100 NaN NaN NaN
100 1074 286934 1068
100 529 315887 1058
100 NaN NaN NaN
100 481 343862 963
100 NaN NaN NaN
100 NaN NaN NaN
120 NaN NaN NaN
120 NaN NaN NaN
120 NaN NaN NaN
120 NaN NaN NaN
120 NaN NaN NaN
120 NaN NaN NaN
120 482 357811 964
120 NaN NaN NaN
120 NaN NaN NaN
120 NaN NaN NaN
120 NaN NaN NaN
120 NaN NaN NaN
120 NaN NaN NaN
120 NaN NaN NaN
120 NaN NaN NaN
120 NaN NaN NaN
120 NaN NaN NaN
120 NaN NaN NaN
120 NaN NaN NaN
120 NaN NaN NaN
120 529 326963 1058
120 NaN NaN NaN
120 NaN NaN NaN
120 NaN NaN NaN
120 NaN NaN NaN
140 NaN NaN NaN
140 NaN NaN NaN
140 NaN NaN NaN
140 NaN NaN NaN
140 NaN NaN NaN
140 NaN NaN NaN
140 NaN NaN NaN
140 NaN NaN NaN
140 NaN NaN NaN
