10 53 480 53
10 40 227 40
10 42 234 42
10 44 223 44
10 41 218 41
10 49 323 49
10 41 119 41
10 39 221 39
10 37 113 37
10 43 222 43
20 53 540 53
20 40 335 40
20 46 449 46
20 44 333 44
20 48 439 48
20 49 530 49
20 46 336 46
20 45 337 45
20 43 437 43
20 43 347 43
30 53 751 53
30 47 545 47
30 46 650 46
30 44 545 44
30 48 549 48
30 49 746 49
30 46 553 46
30 45 545 45
30 50 654 50
30 52 671 52
40 53 1068 53
40 47 778 47
40 46 782 46
40 46 858 46
40 49 863 48
40 49 864 49
40 46 659 46
40 45 676 45
40 50 863 50
40 52 872 52
50 53 1467 53
50 47 972 47
50 47 888 47
50 46 871 46
50 49 1081 48
50 49 990 49
50 46 973 46
50 45 873 45
50 50 982 50
50 52 985 52
60 53 1511 53
60 47 1189 47
60 47 1016 47
60 46 1087 46
60 49 1318 48
60 49 1292 49
60 46 1013 46
60 45 980 45
60 50 1295 50
60 52 1201 52
70 53 1808 53
70 47 1302 47
70 47 1241 47
70 49 1507 49
70 51 1536 50
70 51 1403 51
70 46 1207 46
70 45 1295 45
70 59 2050 59
70 54 1738 54
80 53 2038 53
80 47 1420 47
80 47 1538 47
80 49 1723 49
80 51 1726 50
80 51 1522 51
80 46 1311 46
80 45 1407 45
80 59 2331 59
80 54 1938 54
90 53 2148 53
90 51 1836 51
90 47 1545 47
90 49 1858 49
90 51 1867 50
90 51 1770 51
90 46 1446 46
90 55 2228 55
90 59 2934 59
90 54 2078 54
100 53 2358 53
100 51 1950 51
100 47 1655 47
100 49 2147 49
100 51 2261 50
100 51 2250 51
100 46 1539 46
100 55 2561 55
100 59 3003 59
100 54 2395 54
110 53 2601 53
110 51 2289 51
110 48 3336 47
110 49 2362 49
110 51 2487 50
110 54 4310 51
110 46 1685 46
110 55 2777 55
110 59 3197 59
110 54 3006 54
120 53 3394 53
120 51 2630 51
120 48 3729 47
120 49 2374 49
120 51 2600 50
120 54 4812 51
120 46 2071 46
120 55 3195 55
120 59 3597 59
120 54 3519 54
130 53 3132 53
130 51 2504 51
130 48 4019 47
130 51 2833 51
130 51 3105 50
130 54 5010 51
130 46 2677 46
130 55 3591 55
130 59 4073 59
130 54 3208 54
140 53 3465 53
140 51 3208 51
140 48 4633 47
140 51 2953 51
140 51 4025 50
140 54 5708 51
140 46 3098 46
140 55 3501 55
140 59 4673 59
140 54 3420 54
150 53 3646 53
150 51 4223 51
150 48 4848 47
150 51 4941 51
150 51 4338 50
150 54 5843 51
150 46 3026 46
150 55 4141 55
150 59 5487 59
150 54 8065 54
160 53 5657 53
160 51 6171 51
160 48 5667 47
160 51 4239 51
160 51 5763 50
160 54 10372 51
160 46 3669 46
160 55 5233 55
160 59 6708 59
160 54 6173 54
170 53 6596 53
170 51 7887 51
170 48 6710 47
170 51 9322 51
170 51 4905 50
170 54 15500 51
170 47 5298 46
170 55 5510 55
170 59 6899 59
170 54 8385 54
180 53 8325 53
180 51 19383 51
180 51 12457 50
180 51 8528 51
180 51 7412 50
180 54 7509 51
180 47 5311 46
180 55 6519 55
180 59 8096 59
180 54 7687 54
190 53 9866 53
190 51 14419 51
190 51 13213 50
190 51 13307 51
190 51 8798 50
190 54 8467 51
190 47 8519 46
190 55 5289 55
190 59 11829 59
190 54 7714 54
200 53 9266 53
200 51 15087 51
200 51 15590 50
200 51 12263 51
200 51 15574 50
200 54 14110 51
200 47 7260 47
200 55 5793 55
200 59 16059 59
200 54 11966 54
210 53 14952 53
210 51 30888 51
210 51 13295 50
210 51 23272 51
210 52 24595 50
210 54 15099 51
210 48 11022 47
210 55 9916 55
210 59 17879 59
210 54 12947 54
220 53 20125 53
220 51 31563 51
220 51 32913 50
220 51 38698 51
220 52 20745 50
220 54 26426 51
220 48 21317 47
220 55 19916 55
220 59 38706 59
220 54 20817 54
230 54 16469 53
230 51 48313 51
230 51 28998 51
230 51 62140 51
230 52 44877 50
230 54 41983 52
230 49 44819 47
230 55 14910 55
230 59 47751 59
230 54 38530 54
240 54 42717 53
240 51 111504 51
240 51 79449 51
240 51 75288 51
240 52 47326 50
240 54 80743 52
240 49 66984 47
240 55 33775 55
240 59 41435 59
240 54 93242 54
250 54 27987 53
250 51 94991 51
250 51 64542 51
250 51 77233 51
250 52 143559 50
250 54 68794 52
250 NaN NaN NaN
250 56 63707 55
250 59 66350 59
250 54 124041 54
