100 230 9513 210
100 230 8508 210
100 230 8306 211
100 195 8017 183
100 225 8268 208
100 225 8644 210
100 210 8413 196
100 221 9458 175
100 254 8600 204
100 197 8290 193
200 240 15244 210
200 237 14808 217
200 236 15448 211
200 248 17076 188
200 231 14749 208
200 270 17297 210
200 229 14984 202
200 260 17019 195
200 293 17771 204
200 205 14548 193
300 241 21557 218
300 244 21021 217
300 239 22172 211
300 269 25928 188
300 236 21897 208
300 303 27106 210
300 233 21727 202
300 277 25982 195
300 310 27282 224
300 214 20808 193
400 250 28171 221
400 256 29648 217
400 242 30063 211
400 243 30129 214
400 238 27996 208
400 307 36939 210
400 238 28431 202
400 294 36345 195
400 316 38198 224
400 238 27960 212
500 252 35360 221
500 254 36620 217
500 252 38749 212
500 254 37742 231
500 245 38045 208
500 312 47295 210
500 288 44414 202
500 288 44911 195
500 321 49163 225
500 245 36564 212
600 260 45790 221
600 258 46141 217
600 253 45761 222
600 259 46963 231
600 247 47659 208
600 315 58848 210
600 297 55242 202
600 299 56039 195
600 322 58807 225
600 302 56620 212
700 263 55566 221
700 259 54498 217
700 257 55740 222
700 277 59545 231
700 267 58700 236
700 318 69517 210
700 299 68483 205
700 304 64807 195
700 328 72150 225
700 308 69838 212
800 267 64411 221
800 263 68381 221
800 261 67704 222
800 277 72892 231
800 270 69312 236
800 321 85421 210
800 329 85196 206
800 305 80849 207
800 333 85209 225
800 309 79698 212
900 324 97661 221
900 330 101190 221
900 320 97579 222
900 276 83062 231
900 279 87724 236
900 329 96267 218
900 330 98068 206
900 322 94069 207
900 328 98569 225
900 313 95204 212
1000 327 111035 221
1000 329 113713 221
1000 272 93433 228
1000 283 95952 233
1000 280 94964 236
1000 329 110967 218
1000 332 113191 206
1000 323 108424 207
1000 333 113689 225
1000 319 109176 220
1100 276 107505 224
1100 340 134758 221
1100 273 106449 228
1100 285 107412 233
1100 292 114291 236
1100 350 133047 218
1100 344 129233 206
1100 324 124301 207
1100 341 134241 225
1100 331 132069 230
1200 275 121501 224
1200 342 155729 221
1200 276 124167 228
1200 344 155290 233
1200 343 155991 236
1200 347 155545 218
1200 351 152400 206
1200 347 144384 209
1200 350 151121 225
1200 347 153067 230
1300 304 145345 224
1300 347 176642 221
1300 349 176385 228
1300 347 175387 233
1300 351 180204 236
1300 357 174014 218
1300 354 175017 208
1300 355 169226 209
1300 354 176287 225
1300 364 175964 230
1400 306 166906 224
1400 362 204291 221
1400 359 206337 228
1400 353 203347 233
1400 376 222419 236
1400 375 197407 218
1400 365 207010 208
1400 369 188265 209
1400 353 196253 225
1400 379 205776 230
1500 372 220925 224
1500 380 238846 221
1500 365 227827 228
1500 369 232545 233
1500 387 236903 236
1500 388 238535 218
1500 395 249491 208
1500 374 219795 209
1500 363 230416 225
1500 383 240453 230
1600 378 282870 224
1600 374 272692 221
1600 379 282586 228
1600 373 271783 233
1600 385 291515 236
1600 394 269590 218
1600 402 283213 208
1600 383 266464 223
1600 373 254926 225
1600 387 264352 230
1700 381 274248 224
1700 386 353641 221
1700 386 372659 228
1700 390 306981 233
1700 390 290668 236
1700 396 280737 218
1700 391 294262 234
1700 385 274285 223
1700 376 255735 225
1700 389 319798 230
1800 382 332236 224
1800 388 327003 221
1800 384 324885 228
1800 396 391167 233
1800 390 316146 236
1800 399 346773 218
1800 393 359731 234
1800 391 333243 223
1800 376 447153 225
1800 389 353462 230
1900 382 406444 224
1900 392 448331 221
1900 388 681626 233
1900 401 415692 233
1900 391 413365 236
1900 403 446598 218
1900 397 412623 234
1900 386 417513 223
1900 376 374990 225
1900 395 404496 230
2000 383 691765 224
2000 392 559857 221
2000 388 466420 233
2000 397 930070 233
2000 395 588132 236
2000 402 552855 218
2000 397 682410 234
2000 390 591888 223
2000 377 802479 225
2000 397 510910 230
