20 91 1894 86
20 93 2168 89
20 100 3647 67
20 83 1544 77
20 95 1778 78
20 100 1831 89
20 103 1879 102
20 93 2231 78
20 96 1501 92
20 87 1814 81
20 97 1971 84
20 98 2418 98
20 104 3461 74
20 95 2691 88
20 108 1829 90
20 89 1545 72
20 103 2108 95
20 108 2212 76
20 99 2024 93
20 101 2259 101
20 88 1520 82
20 93 1850 93
20 97 2191 94
20 102 2038 77
20 79 1424 78
40 93 4022 86
40 103 6669 89
40 120 6506 82
40 109 3574 82
40 93 3458 90
40 106 4245 89
40 106 5371 102
40 109 5676 78
40 100 5756 92
40 95 4535 81
40 99 4267 88
40 104 4593 102
40 108 5227 88
40 105 5261 105
40 116 5647 90
40 102 4592 93
40 104 6310 95
40 111 4480 104
40 105 53505 94
40 106 5223 101
40 94 3741 82
40 99 34896 93
40 102 4841 94
40 102 4972 97
40 116 8917 95
60 93 6959 86
60 108 101446 89
60 120 10711 82
60 109 6695 91
60 95 5523 90
60 104 9064 101
60 111 8722 102
60 108 8381 82
60 105 21187 92
60 96 85118 93
60 107 7156 96
60 104 7504 102
60 106 7825 101
60 105 8452 105
60 117 8892 92
60 102 7777 93
60 106 29616 95
60 111 9586 104
60 113 60684 94
60 111 8932 101
60 104 11342 82
60 106 223607 93
60 112 9880 94
60 104 55594 97
60 117 15074 95
80 120 46264 115
80 108 42451 89
80 121 15572 82
80 112 12368 112
80 101 94980 96
80 105 34692 101
80 113 11298 102
80 122 18141 83
80 119 96833 113
80 95 302258 93
80 109 10427 96
80 104 9901 102
80 111 12802 101
80 114 11607 105
80 117 12779 92
80 103 9361 93
80 108 168342 95
80 111 12594 104
80 113 121582 94
80 111 13095 101
80 103 10225 96
80 109 11762 107
80 119 13666 94
80 104 86705 97
80 121 23409 95
100 120 129035 115
100 121 71520 90
100 121 18102 82
100 112 17193 112
100 101 237924 96
100 108 58442 101
100 113 13433 102
100 123 38525 83
100 119 261014 113
100 96 182186 93
100 109 13168 96
100 104 13922 102
100 119 20701 101
100 114 16563 105
100 117 14797 92
100 112 71965 101
100 108 91866 95
100 111 306250 104
100 113 75858 94
100 111 19425 101
100 105 13892 101
100 109 17584 107
100 119 14794 94
100 104 290085 97
100 125 27153 95
120 120 189490 115
120 120 53047 110
120 125 23731 95
120 112 19200 112
120 110 304920 96
120 112 24076 108
120 113 18758 102
120 123 30180 83
120 119 189169 113
120 96 142000 93
120 109 18139 96
120 113 21684 102
120 119 118559 101
120 114 26628 105
120 117 18578 92
120 112 161274 101
120 109 303498 95
120 111 308976 104
120 115 102351 97
120 111 21752 101
120 105 17402 101
120 109 25877 107
120 119 17995 94
120 105 307056 97
120 125 34392 95
140 120 270869 115
140 123 58597 110
140 125 28922 95
140 112 25320 112
140 110 305889 96
140 112 30425 108
140 113 23882 102
140 122 304011 97
140 126 309695 113
140 95 310002 93
140 109 21341 96
140 114 77689 102
140 119 132574 101
140 114 32130 105
140 121 25658 92
140 112 290838 101
140 109 310255 95
140 111 314934 104
140 112 306032 109
140 111 306202 101
140 105 24850 101
140 117 29038 107
140 119 25273 94
140 105 307470 97
140 125 41033 95
160 120 313538 115
160 123 73007 110
160 125 35535 95
160 112 28854 112
160 111 309407 96
160 112 74558 108
160 114 315208 102
160 127 312444 97
160 126 310499 113
160 100 278486 93
160 122 31746 96
160 124 90324 102
160 122 153141 101
160 114 34401 105
160 121 28963 92
160 111 313501 101
160 118 313227 95
160 114 29840 104
160 114 308517 109
160 111 312117 101
160 105 27657 101
160 117 34399 107
160 119 31347 94
160 113 317173 109
160 126 50496 95
180 126 312317 115
180 123 56084 110
180 122 94775 106
180 114 33011 112
180 117 311152 96
180 112 97635 108
180 114 314410 102
180 127 311871 97
180 126 325731 113
180 107 311842 93
180 123 36138 96
180 130 184828 102
180 121 312432 107
180 118 44551 106
180 121 140153 92
180 111 313389 101
180 112 317663 103
180 114 32317 104
180 124 309611 109
180 112 313464 101
180 105 103335 101
180 117 43656 107
180 118 184600 97
180 113 315208 109
180 126 58104 95
200 126 312185 115
200 123 123086 110
200 122 54908 106
200 114 60936 112
200 117 288316 96
200 112 316454 108
200 117 315080 109
200 129 314202 97
200 126 329416 113
200 109 313487 93
200 123 44880 96
200 130 198858 102
200 123 314970 107
200 118 316955 106
200 121 311315 92
200 111 314971 101
200 111 317788 103
200 114 38264 104
200 124 310680 109
200 112 312613 101
200 105 312913 101
200 117 53620 107
200 124 279570 97
200 115 318639 109
200 124 64039 102
220 126 316921 115
220 123 327274 110
220 122 314668 106
220 116 84081 112
220 121 311224 96
220 112 317098 108
220 117 322689 109
220 129 314306 97
220 129 330514 113
220 109 314083 93
220 122 316831 104
220 130 312917 102
220 131 324655 107
220 119 319748 106
220 123 269859 92
220 111 314602 101
