20 371 2135 369
20 355 2173 352
20 378 1856 376
20 366 2227 362
20 292 2000 290
20 308 2074 306
20 365 2655 363
20 377 1990 374
20 359 1954 354
20 341 1940 335
20 391 2195 389
20 355 2149 353
20 387 2169 380
20 346 1950 344
20 360 2004 356
20 383 1977 378
20 339 2139 334
20 383 2026 377
20 362 2215 356
20 353 1919 353
20 390 1911 382
20 368 2135 362
20 340 1950 338
20 371 1989 365
20 379 2149 379
40 377 2569 374
40 355 2656 352
40 378 2429 376
40 370 2347 365
40 328 2501 326
40 339 2381 337
40 384 2664 379
40 393 2540 393
40 359 2641 354
40 341 2505 335
40 391 2611 389
40 376 2753 372
40 387 2518 380
40 347 2360 344
40 360 2391 356
40 383 2553 378
40 358 2702 352
40 383 2608 377
40 362 2801 356
40 354 2423 353
40 390 2595 382
40 368 2674 366
40 359 2567 357
40 371 2476 365
40 379 2701 379
60 377 3495 374
60 360 3102 352
60 378 3055 376
60 383 2934 379
60 372 3070 369
60 364 3089 360
60 386 3317 379
60 393 3310 393
60 359 2954 354
60 361 2912 358
60 391 3056 389
60 380 3126 374
60 387 3023 380
60 360 2860 358
60 360 3232 356
60 383 3183 378
60 356 3207 352
60 383 3066 377
60 362 3185 356
60 354 3106 353
60 390 3145 382
60 374 3411 369
60 385 3038 379
60 371 3075 365
60 379 3187 379
80 389 4272 380
80 404 4078 395
80 378 3663 376
80 383 3563 379
80 373 4066 369
80 428 3711 413
80 386 4011 379
80 393 3967 393
80 391 3442 379
80 401 3662 397
80 391 3829 389
80 380 4026 374
80 391 3590 380
80 360 3584 358
80 362 4048 356
80 383 4204 378
80 357 4089 352
80 383 3817 377
80 364 4015 356
80 357 3810 353
80 390 3897 382
80 374 3865 369
80 388 3672 379
80 371 3485 365
80 379 3858 379
100 390 4841 380
100 404 4505 395
100 379 4193 376
100 391 4246 379
100 373 4840 369
100 428 5068 413
100 386 4835 379
100 398 4493 393
100 391 4486 379
100 405 4254 397
100 400 4570 389
100 381 4662 374
100 392 4419 380
100 364 4344 358
100 368 4638 356
100 383 5013 378
100 365 4858 352
100 393 4536 389
100 398 4760 391
100 394 4887 384
100 392 4601 382
100 376 5119 369
100 389 4437 379
100 417 4073 411
100 379 4622 379
120 394 6284 380
120 404 5762 395
120 380 5356 376
120 392 5569 379
120 373 5779 369
120 428 5983 413
120 393 6231 386
120 406 5929 393
120 420 5499 410
120 412 5387 402
120 400 6034 389
120 383 5647 374
120 388 5176 380
120 390 5712 380
120 378 5977 368
120 383 5749 378
120 365 5678 352
120 393 5356 389
120 398 5462 391
120 396 6570 384
120 399 5577 386
120 381 6425 369
120 391 5569 379
120 419 5550 411
120 381 5314 379
140 394 7440 380
140 404 7164 395
140 382 6037 376
140 399 5967 381
140 373 7126 369
140 428 8010 413
140 392 7060 386
140 406 8590 393
140 421 6784 410
140 412 6699 402
140 401 7795 389
140 383 6302 374
140 389 6287 380
140 390 6825 380
140 409 7334 395
140 385 7120 378
140 371 7003 352
140 393 6636 389
140 400 6839 391
140 399 8216 384
140 399 8050 386
140 381 8864 369
140 391 6434 379
140 420 6428 411
140 381 6625 379
160 396 9953 380
160 410 8433 395
160 382 7910 376
160 399 7786 381
160 375 8345 369
160 438 10674 413
160 393 8216 386
160 410 10121 393
160 425 8234 410
160 408 8372 402
160 405 10141 389
160 386 8042 374
160 388 7776 380
160 395 8022 380
160 409 9094 395
160 390 9493 378
160 374 9160 352
160 393 7785 389
160 403 8743 391
160 400 10083 384
160 401 10637 386
160 384 8536 369
160 393 7581 379
160 418 7807 411
160 380 8235 379
180 395 10836 380
180 411 11025 395
180 381 9256 376
180 400 10425 381
180 377 10397 369
180 438 12699 413
180 399 10340 386
180 410 12669 393
180 425 9169 410
180 411 11543 402
180 405 12459 389
180 392 12368 374
180 396 9072 386
180 395 10761 380
180 418 12642 399
180 393 12872 378
180 383 12745 352
180 400 10130 389
180 403 10741 391
180 398 13847 384
180 403 11972 386
180 410 13075 402
180 393 8927 379
180 418 10606 411
180 385 9896 379
200 397 14004 380
200 416 15117 395
200 387 11614 376
200 409 13240 388
200 379 11685 369
200 439 14958 413
200 408 15362 386
200 410 17961 393
200 427 12013 410
200 413 14934 402
200 405 15799 389
200 392 16023 374
200 398 11914 386
200 394 16160 380
200 419 14137 399
200 398 14494 378
200 389 14381 352
200 403 13105 389
200 404 13295 391
200 401 16206 384
200 411 13737 386
200 420 17172 402
200 386 12176 379
200 419 13510 411
200 385 13064 379
220 399 18605 380
220 416 18068 395
220 386 15804 376
220 408 15857 388
220 383 15519 369
220 437 20712 413
220 406 18952 386
220 410 27685 393
220 424 16141 410
220 417 21227 402
220 406 19183 389
220 392 20070 374
220 404 14390 386
220 408 22056 383
220 419 17893 399
220 408 18405 388
220 390 18862 352
220 403 16587 389
220 404 16267 391
220 408 19485 384
220 413 17111 386
220 421 23626 402
220 389 14284 379
220 426 15707 411
220 385 15477 379
240 400 20591 380
240 416 26427 395
240 389 19252 376
240 412 21117 388
240 380 19194 369
240 440 26881 413
240 418 23343 398
240 408 33206 393
240 422 19035 410
240 419 26544 402
240 406 28609 389
240 397 29564 374
240 409 19707 386
240 423 25213 396
240 424 25149 399
240 407 22603 388
240 390 25424 352
240 419 21898 394
240 403 19853 391
240 409 29320 384
240 415 20536 386
240 421 27421 402
240 391 17658 379
240 426 20237 411
240 395 18289 379
260 405 27885 380
260 417 28408 395
260 394 23203 376
260 412 25130 388
260 380 25229 369
260 436 31511 413
260 426 27084 398
260 414 30968 393
260 424 23540 410
260 423 31653 402
260 409 41634 389
260 436 33965 410
260 411 23189 386
260 417 29406 396
260 424 30568 399
260 409 26795 388
260 391 28595 352
260 417 25053 394
260 403 26579 391
260 416 35095 384
260 425 26332 393
260 419 33916 402
260 391 24902 379
260 429 25210 411
260 399 22690 379
280 404 34275 380
280 420 36459 395
280 391 28258 376
280 414 31049 388
280 384 31132 369
280 438 41049 413
280 423 39834 398
280 424 39014 393
280 427 29669 410
280 433 45632 402
280 413 44948 389
280 438 45605 410
280 407 28148 386
280 426 37720 396
280 427 39410 399
280 417 39693 388
280 418 46712 383
280 418 32849 394
280 405 30186 391
280 418 41776 384
280 431 35401 398
280 423 49989 402
280 395 27910 379
280 430 29011 411
280 401 27486 379
300 410 39651 380
300 421 45424 395
300 396 34090 376
300 420 38336 388
300 386 47616 369
300 444 48762 413
300 423 65982 398
300 422 55168 393
300 426 34115 410
300 429 46189 402
300 414 57368 389
300 449 57843 410
300 407 38618 386
300 427 42252 396
300 432 41121 399
300 421 51909 388
300 417 46947 383
300 428 40671 394
300 407 36715 391
300 420 52620 384
300 430 43460 398
300 424 51001 402
300 397 43341 379
300 429 39920 411
300 401 34757 379
320 417 58190 380
320 423 59603 395
320 402 38955 376
320 442 47524 410
320 384 56258 369
320 445 62532 413
320 432 62137 398
320 430 74971 393
320 430 46282 410
320 429 56528 402
320 426 65247 389
320 459 73934 410
320 436 53226 394
320 434 61434 396
320 437 51888 399
320 421 60643 388
320 414 57820 383
320 428 44673 394
320 407 42326 391
320 419 69100 384
320 431 46886 398
320 432 61626 402
320 399 66283 379
320 439 46001 411
320 399 45580 379
340 413 59497 380
340 419 70621 395
340 402 52736 376
340 444 60275 410
340 390 65947 369
340 446 79840 413
340 431 102659 398
340 437 92173 393
340 432 61859 410
340 431 70628 402
340 423 81370 389
340 453 94887 410
340 434 61690 394
340 436 75158 396
340 432 68725 399
340 424 84101 388
340 420 76186 383
340 427 57229 394
340 421 60462 391
340 424 88884 384
340 431 57916 398
340 433 85699 402
340 402 57964 379
340 445 73615 411
340 409 49275 379
360 417 113283 380
360 428 90806 395
360 408 66249 376
360 453 78789 410
360 414 83789 374
360 445 91051 413
360 431 95942 398
360 442 125598 397
360 426 68751 410
360 430 94091 402
360 438 98804 389
360 455 155872 410
360 434 75276 394
360 432 104325 396
360 430 83785 399
360 430 96697 388
360 434 86549 388
360 429 66836 394
360 421 76455 391
360 436 107495 384
360 433 96938 398
360 433 119193 402
360 408 94094 379
360 445 76783 411
360 409 60284 379
380 430 128414 387
380 446 125317 395
380 414 88247 376
380 458 111187 410
380 409 99524 374
380 441 99927 413
380 438 131334 398
380 447 207562 397
380 438 94321 410
380 431 112735 402
380 438 120559 389
380 470 209932 410
380 440 95610 394
380 436 125732 396
380 432 100233 399
380 431 125886 388
380 442 108725 388
380 440 101673 394
380 412 90810 391
380 439 122093 384
380 433 122057 398
380 435 142294 402
380 410 107465 379
380 445 100141 411
380 413 73401 379
400 433 193772 387
400 432 155804 395
400 417 103490 376
400 458 138052 410
400 430 120190 381
400 446 131090 413
400 442 193596 398
400 447 241948 397
400 430 113957 410
400 435 133708 402
400 434 129676 389
400 472 278525 410
400 438 172872 394
400 439 149266 396
400 432 116839 399
400 432 147330 388
400 442 193510 388
400 437 152674 394
400 413 90224 391
400 438 246726 384
400 435 122215 398
400 437 207027 402
400 410 160592 379
400 456 120123 411
400 427 89784 387
420 440 211149 387
420 449 178561 395
420 421 148583 376
420 460 201428 410
420 433 137412 389
420 448 155385 413
420 441 196706 398
420 443 268574 397
420 438 130693 410
420 441 172188 402
420 440 194711 389
420 404 320229 410
420 446 185045 394
420 454 170530 396
420 433 135000 399
420 434 174097 388
420 437 275006 388
420 443 172568 394
420 410 115355 391
420 434 234096 384
420 435 186931 398
420 437 233363 402
420 414 178127 379
420 457 170680 411
420 429 113392 387
440 430 218915 387
440 439 224744 395
440 453 183246 376
440 471 238758 410
440 435 180300 389
440 448 221014 413
440 451 272432 398
440 446 313210 397
440 441 158176 410
440 447 254839 402
440 443 205279 389
440 399 324547 410
440 445 215914 394
440 449 205714 396
440 447 178509 399
440 442 296647 388
440 445 291477 388
440 445 198605 394
440 419 142287 391
440 436 221587 384
440 436 206696 398
440 439 279969 402
440 415 187122 379
440 457 174449 411
440 428 126257 387
460 377 313989 387
460 447 312136 395
460 450 159228 386
460 465 243194 410
460 445 189295 389
460 394 313624 413
460 404 314549 398
460 394 314666 397
460 441 199433 410
460 450 256282 402
460 443 255720 389
460 409 312745 410
460 396 321377 394
460 445 231552 396
460 444 218024 399
460 435 268585 388
460 381 325410 390
460 453 215738 394
460 424 183491 391
460 422 260581 384
460 456 239099 398
460 387 314052 402
460 368 317563 379
460 460 218578 411
460 428 150482 387
480 434 244412 387
480 393 327992 395
480 453 210709 386
480 469 321410 410
480 443 278569 389
480 392 319303 413
480 409 315217 412
480 388 334197 397
480 443 207419 410
480 449 309334 402
480 444 284934 389
480 412 314519 410
480 394 324669 394
480 442 279596 396
480 445 237748 399
480 438 312937 388
480 382 329687 390
480 459 239085 394
480 435 193063 391
480 322 331200 384
480 463 257703 398
480 389 313436 402
480 369 318380 379
480 458 262197 411
480 435 235626 387
500 429 291916 387
500 291 338297 395
500 444 281656 386
500 360 326033 410
500 436 257714 389
500 343 322800 413
500 299 329186 412
500 334 319616 397
500 445 266112 410
500 457 306553 402
500 348 323965 389
500 410 323605 410
500 391 318730 394
500 386 322428 396
500 392 320475 399
500 335 328913 388
500 331 317224 390
500 404 323970 394
500 428 243361 391
500 288 334050 395
500 456 272424 398
500 403 315601 402
500 318 324186 379
500 417 314117 411
500 381 324929 387
