98148 53 34733 52 5104 57 50
604359 51 56873 50 7439 57 50
575359 56 97186 56 6109 60 55
429188 57 110401 54 45748 65 53
200156 54 42452 53 4195 58 50
28473 49 30599 50 5438 56 49
184992 52 66859 51 7172 56 50
100610 54 98831 53 67965 62 52
114627 54 50019 54 8423 58 54
344922 57 77151 57 5361 59 57

167615 55 100629 55 4798 57 55

62424 57 92483 57 5065 59 57
49876 52 31646 52 5749 59 52
437431 55 46228 55 4747 57 54

103151 55 274215 55 5696 57 55
327271 54 54649 52 4943 57 51
144146 51 62215 50 18069 56 50
154525 53 47875 53 8717 60 53
79363 54 49448 54 4070 58 53
113945 53 42402 53 3866 57 53
217720 52 63266 52 6614 59 51
481623 57 96610 56 5393 58 56
74821 52 61690 52 5691 57 52
86732 51 57917 52 5781 58 50
54443 55 51924 55 3722 56 54
125724 53 66870 53 7351 59 53
423215 53 56734 52 6637 58 51
90420 52 38599 53 5614 58 51

116399 55 125024 55 37229 62 55
168826 53 58426 54 3708 56 53
232152 52 222344 52 12515 60 52
504637 56 67876 56 4023 56 56
119315 57 93045 57 10090 61 57
65344 53 57155 53 5075 58 53

98644 55 68478 56 3668 57 53
124473 54 55222 53 4133 57 52
65319 59 66236 57 4236 58 56
145927 53 177997 54 17177 59 53
93513 54 25974 50 3217 55 50
150771 54 34108 52 3481 55 52
77565 55 73369 56 6208 58 55

