72468 56 56743 56 7303 60 56

132569 50 33318 52 3481 55 50

251055 57 40117 56 3290 56 56
65557 54 23830 51 3805 57 51
35565 54 19948 52 3519 59 52
20266 52 24115 52 2993 56 52
15489 52 17823 51 2741 54 51

34164 50 24518 52 3903 57 50
53342 57 31599 55 5566 58 54
42557 54 32503 54 7670 61 54
159518 55 25358 55 3357 56 55
528960 52 167374 51 9973 57 48
86446 56 33817 56 4393 59 54
12015 51 19536 51 2602 52 51
36479 52 33889 53 5995 60 52
48618 52 25432 52 3544 57 52
60607 59 72595 59 3816 59 57
61489 50 23740 50 4263 57 50
28389 53 35770 53 3510 56 53
100291 55 19917 53 3978 57 53

103301 57 37641 57 4489 59 52
112725 54 33843 54 3636 57 53
51019 55 32603 55 3249 56 55
20728 54 26327 54 2721 55 54
41243 53 32721 52 42039 62 49
14688 52 25833 52 3074 55 51
60579 52 20993 50 3317 56 47
40514 54 25692 54 2703 55 54
146475 55 26516 54 11134 59 54
33240 51 31343 50 3151 53 50
42374 53 25998 53 4885 60 51
408084 55 40981 54 7003 60 53
12537 51 23564 52 3188 54 49
29691 57 48775 56 3822 58 55
24045 53 32806 53 4074 57 53
62877 56 37159 56 4091 58 56
54028 53 20459 52 9657 57 52
41730 51 27519 52 3359 56 51
63237 53 38045 53 5947 59 53
23669 50 13431 50 3163 55 49
133909 54 38848 55 4798 59 54
19451 52 28195 53 3552 57 50
95085 54 35372 54 3545 58 54
42761 57 38828 57 4696 59 57

14905 50 19491 53 3821 57 50
