16376 49 12067 50 3919 56 49
15907 53 35949 53 3843 59 50
59976 52 24423 52 3407 57 52
100619 55 27651 55 11662 62 55
77675 58 30860 56 3235 57 56
47734 54 29188 54 4569 59 50
15291 54 14540 50 2953 55 49
55867 51 46643 52 4737 57 50
62703 55 33760 55 6191 61 55
14890 51 20559 52 3818 56 51
412370 54 11514 49 2858 55 49
10032 51 18861 52 3176 55 49
26535 47 14333 48 2892 54 46
14789 52 21412 52 3083 57 52
23126 53 20967 53 6759 61 52
11149 52 12363 50 2765 54 49
37108 56 24508 56 3696 57 56
17517 53 21068 53 3354 57 51
19199 57 28528 57 3254 58 57
43363 53 21316 51 3895 57 51
42439 54 19975 53 3419 56 53
57400 55 22494 56 3240 57 55
16421 50 21946 52 5046 57 50
23772 55 22567 53 4873 59 53

42966 53 45569 53 138667 60 50
43377 55 33188 54 4308 59 53
14101 52 22916 52 2840 55 52
51240 53 16141 52 13929 58 51
58428 55 17198 51 2907 55 50
58038 52 23863 52 3684 57 51
11418 53 15488 52 2315 55 51
18735 54 22406 55 5212 60 54
29453 51 17203 52 4377 58 51
20164 51 15581 51 3074 55 49
25385 50 27809 53 3834 58 50
18166 53 23118 53 3326 56 53
15169 51 28783 52 5195 59 51
30902 55 28410 55 3984 58 53
19372 52 20459 52 4731 57 52
26303 54 25703 54 3309 59 54
64787 59 35345 55 3957 58 55
39950 50 18277 50 2371 54 50
16662 59 84699 59 5273 60 55
180010 56 18261 51 4064 58 49
25870 57 26776 54 3052 56 54
23634 51 11802 48 2420 52 48

34307 53 15510 52 3134 54 51
93556 52 19270 52 3011 56 52
