9709 50 11076 49 2526 53 49
10190 50 9812 48 2441 54 48
9106 50 20454 51 3488 54 48
12139 53 20697 53 2609 56 53
15854 55 17951 55 2794 57 55
69251 53 23719 52 43970 65 51
26749 55 18621 55 6506 59 55
69073 54 22426 54 3675 57 54
250513 55 27155 54 3246 59 53
24910 53 12865 52 2407 55 52
520837 52 20852 52 4153 59 52
51169 50 14251 49 2994 54 47
10734 53 18307 51 3278 57 51
42967 53 22194 53 2429 55 53
10159 51 12134 52 3075 57 50

223774 59 8673 48 2817 55 48
27328 54 12532 52 2117 54 52
10168 52 12093 52 3475 58 52
15497 47 15256 48 2156 54 47
9147 57 19827 57 3418 58 57
12224 50 14707 52 2958 57 49
10698 51 14280 51 2225 54 49
8634 55 25313 56 3171 58 55
21154 55 15762 55 2430 56 55
18239 52 13602 52 2043 54 52
22923 49 11043 48 2474 54 48
37355 56 52225 55 4683 61 55
18315 55 19144 55 4246 59 55
14928 55 17788 54 3604 59 54
14199 53 13545 52 5739 60 52
14152 52 11900 51 4367 59 51
12436 51 10915 50 2238 54 50
39863 55 19943 55 4799 59 55
16076 52 15445 52 2583 56 51
28147 54 16153 53 2274 54 53
35291 48 19722 48 3082 56 45

10334 53 18419 54 2810 57 53
42744 56 19545 56 2848 57 52
108359 58 22753 53 8617 62 52
25537 53 26163 53 3125 56 50
15434 54 15891 53 2356 54 51
12086 53 14278 53 2522 56 53

10431 53 14027 53 3126 56 53

15580 51 15427 52 2702 56 50
21638 56 18383 54 2672 56 54
54435 58 24838 55 7828 60 54
2123 73 14923 52 2752 55 52
2046 76 20812 56 5775 58 56
3929 72 26637 51 6493 56 49
