165622 56 157498 52 5293 57 52

332383 49 58751 50 6725 57 48

110963 55 227792 55 327316 62 53
135882 53 168180 53 6938 57 53

437898 57 226841 57 7428 60 57
100035 52 57132 52 4836 56 52

186451 55 297830 55 7097 57 54
131980 52 104534 52 5813 57 52
399432 56 169917 56 7644 58 56

336181 53 67894 53 5904 58 52
341743 55 370964 54 19989 64 52

170532 51 58827 52 7366 56 50

281277 53 55897 53 5038 58 53
100838 54 120321 54 6533 59 54
443425 58 171231 55 20146 64 54

103014 54 160444 56 5489 60 54
308237 54 274825 54 11486 60 54

419073 52 485715 54 8392 61 51
249472 57 101180 52 12537 59 52
210057 52 63739 52 6483 57 51

271859 53 62220 53 6614 58 53
134860 54 561426 53 6658 59 53
102151 51 54282 52 7625 58 51
467359 57 176928 57 7472 62 57

