100 247 13197 162
100 230 11716 194
100 232 10800 192
100 226 10859 188
100 219 9866 184
100 231 12362 204
100 235 10898 200
100 233 10858 203
100 222 10335 187
100 226 9450 186
100 223 9554 160
100 237 10390 168
100 242 10603 180
100 219 9502 177
100 237 11048 202
100 232 10958 198
100 232 10273 182
100 214 9599 167
100 219 10987 177
100 224 12596 181
100 234 11074 181
100 224 9317 178
100 240 11487 194
100 236 10868 210
100 244 11630 213
200 261 24579 168
200 232 23639 194
200 247 25403 209
200 238 22081 188
200 236 20615 200
200 238 22276 204
200 242 21836 200
200 235 22179 203
200 240 22271 188
200 226 22648 186
200 251 26407 219
200 252 25250 196
200 252 25383 201
200 225 20439 177
200 243 24760 204
200 249 22631 198
200 234 22371 182
200 228 23061 185
200 240 23688 177
200 226 21016 183
200 248 25285 206
200 232 22008 180
200 240 23830 194
200 251 25737 215
200 268 28384 213
300 246 41527 182
300 246 37459 194
300 251 39853 209
300 239 34416 190
300 244 36366 211
300 238 35240 204
300 245 34195 200
300 247 40409 210
300 253 38027 188
300 252 41849 223
300 256 39521 219
300 252 37167 196
300 260 40769 201
300 240 34671 188
300 243 38161 204
300 266 40851 221
300 234 35277 182
300 244 39530 210
300 259 38464 198
300 227 32240 183
300 256 39607 206
300 243 35294 180
300 240 36881 194
300 252 40395 215
300 271 43146 213
400 249 55553 182
400 248 51711 194
400 249 51309 209
400 239 48455 190
400 245 50485 211
400 239 51374 204
400 246 51342 200
400 247 54077 210
400 255 52543 188
400 252 57261 223
400 263 52364 219
400 249 53492 199
400 262 56472 201
400 243 49445 188
400 243 52715 204
400 266 56940 221
400 249 53253 185
400 245 54921 210
400 259 53718 198
400 235 49088 200
400 257 55133 206
400 243 52781 193
400 241 50895 194
400 252 55738 215
400 272 61106 213
500 250 72012 182
500 248 66573 194
500 249 65268 209
500 247 65500 190
500 247 65793 211
500 243 69519 204
500 255 70707 200
500 250 72893 210
500 272 70439 188
500 252 66093 223
500 264 68054 219
500 253 65082 199
500 265 74768 201
500 243 63262 188
500 246 73703 205
500 266 77484 221
500 263 76423 190
500 248 69193 210
500 259 64108 198
500 235 66875 200
500 276 73299 206
500 243 67234 193
500 245 69632 196
500 253 72579 215
500 272 79344 213
600 244 88254 194
600 251 79500 195
600 249 81152 209
600 248 89215 190
600 248 79483 211
600 245 89734 210
600 257 82704 200
600 253 91375 217
600 272 81760 188
600 264 87385 223
600 265 85525 219
600 255 80203 199
600 265 93539 201
600 243 79287 188
600 246 87069 205
600 266 93508 221
600 274 97000 190
600 248 80536 210
600 261 80966 198
600 249 89579 200
600 276 90830 206
600 250 83882 216
600 248 87356 204
600 253 86923 215
600 273 98276 213
700 254 110430 207
700 252 94362 195
700 264 103316 209
700 250 113021 190
700 252 97192 211
700 255 107018 210
700 263 103910 200
700 265 120648 217
700 272 97656 188
700 264 106455 223
700 283 107366 219
700 264 96555 199
700 268 109319 201
700 257 95417 188
700 247 104416 205
700 266 112238 221
700 274 119236 190
700 254 103116 210
700 263 101493 198
700 254 119029 200
700 275 108137 214
700 251 101400 216
700 259 109219 204
700 255 104189 215
700 273 114949 213
800 269 135905 207
800 253 112825 195
800 266 128280 209
800 286 145695 190
800 257 120131 220
800 268 132746 210
900 272 165303 207
900 276 153866 201
900 276 147289 209
900 292 167827 190
900 267 144918 220
900 268 155860 210
900 301 147580 213
900 290 168634 217
900 282 141266 188
900 298 157484 223
1000 296 193029 207
1000 296 181782 215
1000 276 165581 209
1000 313 199487 190
1000 267 165804 220
1000 277 191474 210
1000 308 179208 213
1000 292 180832 217
1000 284 161089 188
1000 313 181751 223
1100 290 201040 207
1100 298 217221 215
1100 285 203192 209
1100 313 220882 193
1100 268 198014 220
1100 313 224231 210
1100 321 221922 213
1100 306 216044 217
1100 316 222883 188
1100 313 219101 223
1200 303 246494 207
1200 305 240495 215
1200 288 243352 209
1200 328 282735 193
1200 287 265163 220
1200 306 236763 210
1200 321 276164 213
1200 308 246845 217
1200 316 255430 188
1200 313 253848 223
