10 40 805 40
10 62 1399 62
10 57 1225 57
10 56 1126 56
10 50 922 50
10 57 1225 57
10 49 922 49
10 57 1523 57
10 70 1835 70
10 63 1728 63
10 54 1246 54
10 51 922 51
10 59 1823 59
10 63 1799 63
10 46 621 46
10 46 619 46
10 68 2132 68
10 62 2104 62
10 56 1275 56
10 78 3341 78
10 50 1451 50
10 68 2630 68
10 63 1725 63
10 59 1337 59
10 64 1428 64
20 54 2540 54
20 62 3305 62
20 57 3143 57
20 65 4257 65
20 66 5498 66
20 68 4959 68
20 62 3150 62
20 57 2824 57
20 75 5260 75
20 63 3764 63
20 58 2845 58
20 63 3946 63
20 59 3262 59
20 64 4598 64
20 61 3248 61
20 59 3199 59
20 68 4914 68
20 77 7004 77
20 70 5868 70
20 78 7883 78
20 75 8782 75
20 68 5672 68
20 69 5787 69
20 59 2646 59
20 64 3233 64
30 54 4041 54
30 85 16576 85
30 75 11901 75
30 69 8264 69
30 74 11382 74
30 68 7600 68
30 76 11249 76
30 57 4487 57
30 75 8820 75
30 63 5879 63
30 63 5851 63
30 64 6345 64
30 70 9217 70
30 64 7039 64
30 61 5296 61
30 70 9040 70
30 68 8646 68
30 77 12516 77
30 70 9613 70
30 78 12501 78
30 75 11504 75
30 68 8831 68
30 86 14943 86
30 62 5431 62
30 73 8543 73
40 54 5641 54
40 85 23705 85
40 75 15368 75
40 69 11873 69
40 74 14844 74
40 68 10679 68
40 76 17014 76
40 57 6142 57
40 75 13757 75
40 63 7499 63
40 76 15296 76
40 64 9681 64
40 70 12466 70
40 64 10374 64
40 69 10984 69
40 70 11778 70
40 68 11860 68
40 77 16753 77
40 70 11848 70
40 78 18249 78
40 75 14906 75
40 72 13546 72
40 86 22201 86
40 62 7399 62
40 73 11523 73
50 54 6845 54
50 85 32112 85
50 75 17346 75
50 71 17517 71
50 74 17386 74
50 68 14054 68
50 76 21855 76
50 70 16321 70
50 75 17100 75
50 66 13586 66
50 76 18750 76
50 64 11165 64
50 70 17785 70
50 77 19970 77
50 69 13468 69
50 70 17053 70
50 68 13645 68
50 77 19617 77
50 70 16256 70
50 78 22606 78
50 75 18122 75
50 72 16405 72
50 86 31480 86
50 62 9759 62
50 73 15097 73
60 61 11999 61
60 85 38393 85
60 80 28404 80
60 71 21667 71
60 74 21636 74
60 68 17718 68
60 76 27243 76
60 70 19206 70
60 75 22679 75
60 66 16513 66
60 78 26466 78
60 64 13483 64
60 70 19950 70
60 77 25846 77
60 69 16854 69
60 70 20460 70
60 68 17138 68
60 77 24471 77
60 70 21448 70
60 78 26126 78
60 75 22492 75
60 72 21108 72
60 86 36548 86
60 66 14568 66
60 73 21611 73
70 61 14499 61
70 85 45996 85
70 80 34445 80
70 71 24964 71
70 74 27844 74
70 68 20461 68
70 76 33053 76
70 70 22603 70
70 75 28799 75
70 66 17682 66
70 80 33191 80
70 67 22899 67
70 70 22967 70
70 77 32583 77
70 80 36996 80
70 70 22280 70
70 68 22819 68
70 77 29207 77
70 75 26705 75
70 78 33805 78
70 75 27451 75
70 72 25880 72
70 86 46596 86
70 66 20061 66
70 73 22466 73
80 73 30235 73
80 85 54172 85
80 80 44894 80
80 71 26777 71
80 74 35134 74
80 68 24611 68
80 76 37448 76
80 70 25933 70
80 75 34968 75
80 66 21204 66
80 80 40582 80
80 67 24047 67
80 70 29209 70
80 77 36771 77
80 82 46318 82
80 70 25429 70
80 68 27612 68
80 78 35562 78
80 75 34725 75
80 78 37369 78
80 75 34028 75
80 72 26381 72
80 86 54959 86
80 66 20659 66
80 73 30270 73
90 78 45501 78
90 85 64098 85
90 80 50158 80
90 74 35603 74
90 74 39499 74
90 68 27911 68
90 76 42016 76
90 70 29899 70
90 75 38631 75
90 66 24311 66
90 80 46918 80
90 67 26582 67
90 70 34433 70
90 77 42340 77
90 82 52689 82
90 70 32324 70
90 75 38154 75
90 78 44282 78
90 75 35039 75
90 78 44736 78
90 75 37045 75
90 72 33254 72
90 86 62720 86
90 66 25032 66
90 73 33584 73
100 78 51783 78
100 85 72990 85
100 80 57713 80
100 74 43646 74
100 74 40907 74
100 68 34226 68
100 76 46017 76
100 70 37163 70
100 75 41289 75
100 66 30186 66
100 80 50453 80
100 78 50823 78
100 70 38961 70
100 77 51519 77
100 82 60558 82
100 70 37184 70
100 75 40965 75
100 78 49547 78
100 75 42024 75
100 78 48714 78
100 75 44535 75
100 72 35358 72
100 86 69442 86
100 71 39062 71
100 73 34269 73
110 78 60395 78
110 85 79339 85
110 80 62464 80
110 74 48410 74
110 74 45206 74
110 73 46523 73
110 76 54290 76
110 70 39339 70
110 75 50308 75
110 78 55246 78
110 80 58632 80
110 78 56138 78
110 70 41879 70
110 77 57857 77
110 82 69063 82
110 70 41903 70
110 80 62421 80
110 78 55308 78
110 75 47233 75
110 78 55927 78
110 75 49551 75
110 72 38408 72
110 86 78152 86
110 71 42648 71
110 73 37576 73
120 80 70067 80
120 85 87545 85
120 80 70064 80
120 74 54654 74
120 74 54053 74
120 73 52315 73
120 76 59762 76
120 70 46570 70
120 75 49379 75
120 78 60971 78
120 80 69511 80
120 78 62345 78
120 70 47395 70
120 77 62184 77
120 82 76774 82
120 70 45084 70
120 80 71791 80
120 78 60980 78
120 75 53451 75
120 78 64234 78
120 75 54982 75
120 72 46497 72
120 86 86238 86
120 71 48188 71
120 73 41855 73
130 80 80824 80
130 85 100112 85
130 80 78639 80
130 76 65325 76
130 78 70571 78
130 73 56824 73
130 80 75440 80
130 85 99412 85
130 75 60778 75
130 78 68356 78
130 80 73471 80
130 78 69370 78
130 75 65883 75
130 77 67259 77
130 82 82288 82
130 70 48949 70
130 80 76013 80
130 78 68485 78
130 75 59102 75
130 78 70219 78
130 75 58597 75
130 72 50420 72
130 86 95790 86
130 71 51498 71
130 73 49531 73
140 80 85658 80
140 85 114103 85
140 80 81896 80
140 76 73177 76
140 78 75470 78
140 73 62402 73
140 80 81174 80
140 85 108138 85
140 75 66706 75
140 78 76733 78
140 80 81832 80
140 78 80728 78
140 75 72082 75
140 77 78073 77
140 82 89841 82
140 70 53756 70
140 80 86508 80
140 79 80121 79
140 75 62995 75
140 78 75892 78
140 75 63816 75
140 73 55918 73
140 86 110283 86
140 71 58535 71
140 78 71582 78
150 80 92368 80
150 85 148386 85
150 80 91244 80
150 76 76460 76
150 78 85519 78
150 73 65866 73
150 80 90603 80
150 85 117091 85
150 75 72625 75
150 78 81957 78
150 80 90950 80
150 78 84082 78
150 75 80875 75
150 77 80769 77
150 82 103446 82
150 70 55721 70
150 80 91156 80
150 NaN NaN NaN
150 75 65873 75
150 78 82757 78
150 75 69001 75
150 73 58884 73
150 86 118314 86
150 71 62825 71
150 78 75644 78
160 80 101351 80
160 85 125860 85
160 80 100783 80
160 76 82898 76
160 78 85936 78
160 73 69381 73
160 80 96010 80
160 85 122262 85
160 75 75865 75
160 78 89727 78
160 80 99092 80
160 78 91999 78
160 75 86435 75
160 77 92202 77
160 82 112727 82
160 71 64452 71
160 80 98027 80
160 NaN NaN NaN
160 75 71206 75
160 78 90611 78
160 75 74703 75
160 73 68095 73
160 86 130787 86
160 71 68286 71
160 78 82631 78
170 80 115909 80
170 85 150470 85
170 80 104069 80
170 76 90396 76
170 78 99666 78
170 73 76924 73
170 80 107328 80
170 85 147535 85
170 75 81226 75
170 78 94989 78
170 80 109845 80
170 78 99810 78
170 75 101192 75
170 77 95375 77
170 82 122789 82
170 71 72155 71
170 80 108434 80
170 NaN NaN NaN
170 75 79355 75
170 78 105435 78
170 75 83461 75
170 73 72276 73
170 86 151551 86
170 71 72253 71
170 78 93515 78
180 80 124821 80
180 85 169958 85
180 80 116660 80
180 76 102643 76
180 78 110494 78
180 73 82048 73
180 80 119716 80
180 85 161650 85
180 78 108969 78
180 78 111007 78
180 84 156052 84
180 89 204706 89
180 75 113606 75
180 77 107898 77
180 82 141406 82
180 71 80044 71
180 80 125658 80
180 NaN NaN NaN
180 81 122578 81
180 78 116132 78
180 75 91843 75
180 73 77726 73
180 86 171183 86
180 78 113524 78
180 86 168388 86
190 80 136244 80
190 85 196771 85
190 80 129321 80
190 76 113632 76
190 78 121025 78
190 73 92301 73
190 80 128016 80
190 85 181667 85
190 78 109875 78
190 78 122287 78
190 84 167334 84
190 89 257800 89
190 75 124667 75
190 77 120330 77
190 82 162343 82
190 71 80137 71
190 80 131731 80
190 79 128554 79
190 81 132141 81
190 78 129509 78
190 79 124875 79
190 73 85157 73
190 86 187112 86
190 78 120946 78
190 86 181915 86
200 80 145420 80
200 85 211544 85
200 80 133269 80
200 76 126439 76
200 78 130777 78
200 73 96089 73
200 NaN NaN NaN
200 85 190982 85
200 78 122754 78
200 78 131042 78
200 84 183570 84
