10 53 103 53
10 40 102 40
10 42 101 42
10 44 102 44
10 41 102 41
10 49 102 49
10 41 102 41
10 39 103 39
10 37 101 37
10 43 102 43
20 53 304 53
20 40 101 40
20 46 203 46
20 44 203 44
20 48 203 48
20 49 101 49
20 46 102 46
20 45 102 45
20 43 102 43
20 43 102 43
30 53 303 53
30 47 101 47
30 46 303 46
30 44 203 44
30 48 303 48
30 49 101 49
30 46 202 46
30 45 203 45
30 50 103 50
30 52 202 52
40 53 404 53
40 47 102 47
40 46 403 46
40 46 302 46
40 48 303 48
40 49 203 49
40 46 201 46
40 45 202 45
40 50 203 50
40 52 203 52
50 53 405 53
50 47 303 47
50 47 504 47
50 46 505 46
50 48 405 48
50 49 203 49
50 46 303 46
50 45 304 45
50 50 303 50
50 52 303 52
60 53 504 53
60 47 405 47
60 47 606 47
60 46 707 46
60 48 605 48
60 49 404 49
60 46 404 46
60 45 404 45
60 50 406 50
60 52 504 52
70 53 707 53
70 47 607 47
70 47 806 47
70 49 808 49
70 50 1210 50
70 51 808 51
70 46 605 46
70 45 605 45
70 59 1010 59
70 55 707 54
80 53 908 53
80 47 908 47
80 47 1308 47
80 49 1109 49
80 50 1511 50
80 51 1109 51
80 46 907 46
80 45 907 45
80 59 1413 59
80 55 1009 54
90 53 1227 53
90 51 1209 51
90 47 1714 47
90 49 1211 49
90 50 1914 50
90 51 1310 51
90 46 1311 46
90 55 1713 55
90 59 1613 59
90 54 1613 54
100 53 1512 53
100 51 1512 51
100 47 2017 47
100 49 1915 49
100 50 2419 50
100 51 1915 51
100 46 1814 46
100 55 2317 55
100 59 2319 59
100 54 2419 54
110 53 2117 53
110 51 2016 51
110 47 2316 47
110 49 2116 49
110 50 2823 50
110 51 2518 51
110 46 2217 46
110 55 2618 55
110 59 2722 59
110 54 2721 54
120 53 2923 53
120 51 2722 51
120 47 2921 47
120 49 2620 49
120 50 3829 50
120 51 3225 51
120 46 2620 46
120 55 3123 55
120 59 3828 59
120 54 3225 54
130 53 3928 53
130 51 3225 51
130 47 4131 47
130 52 3327 51
130 50 4836 50
130 51 4032 51
130 46 3223 46
130 55 3628 55
130 59 4936 59
130 54 3930 54
140 53 4635 53
140 51 5038 51
140 47 5237 47
140 52 4533 51
140 50 6044 50
140 51 4635 51
140 46 4030 46
140 55 4937 55
140 59 5844 59
140 54 4837 54
150 53 5643 53
150 51 5944 51
150 47 6145 47
150 52 6448 51
150 50 6953 50
150 51 5741 51
150 46 5341 46
150 55 6650 55
150 59 6952 59
150 54 6549 54
160 55 7153 53
160 51 7052 51
160 47 7252 47
160 52 8260 51
160 50 7959 50
160 51 6850 51
160 46 6145 46
160 55 8160 55
160 59 7959 59
160 54 8059 54
170 55 8765 53
170 51 8664 51
170 47 8663 47
170 52 9872 51
170 50 9974 50
170 51 8964 51
170 46 7657 46
170 55 9470 55
170 59 9067 59
170 54 10376 54
180 55 11081 53
180 51 10074 51
180 50 10173 50
180 52 12087 51
180 50 11284 50
180 51 10376 51
180 46 8563 46
180 55 10678 55
180 59 12288 59
180 54 12895 54
190 55 12088 53
190 51 11988 51
190 50 12996 50
190 53 14607 51
190 50 13001 50
190 51 12994 51
190 47 9974 46
190 55 12996 55
190 59 14406 59
190 54 14806 54
200 54 14608 53
200 51 13801 51
200 50 14807 50
200 53 17729 51
200 50 16824 50
200 51 15311 51
200 49 12090 47
200 55 15816 55
200 59 17224 59
200 54 16013 54
