100 17033 1845 8200
100 17002 2163 8427
100 17332 2165 8807
100 14939 2212 7318
100 17057 1910 8888
100 17227 2665 8526
100 16371 1754 9238
100 14848 1537 8530
100 16730 1621 8484
100 16463 2231 9806
100 17783 1913 9560
100 15322 1828 8168
100 17248 1743 8222
100 17170 1680 8601
100 16128 1872 8520
100 15641 1277 7667
100 16953 1749 8884
100 15685 1629 8345
100 17747 1743 8247
100 16762 1957 8866
100 16691 1917 8994
100 16277 2288 8921
100 17157 1952 8895
100 18175 2228 9195
100 16438 1734 7958
150 25648 2900 12577
150 26462 4334 13257
150 26031 4168 13288
150 23328 3767 11858
150 25566 4212 13272
150 25887 4198 12872
150 24957 3426 13230
150 22551 3300 12728
150 25067 3533 12631
150 24489 4244 14048
150 26504 3669 13775
150 25280 3979 12822
150 26937 3800 12380
150 25649 3175 12562
150 24207 4044 12845
150 26376 3390 12122
150 25276 3305 12858
150 23451 3427 12298
150 26645 4029 12451
150 24969 4685 12757
150 25010 3572 13387
150 24708 3937 13364
150 25895 4229 13795
150 28726 4254 13657
150 24716 5476 12104
200 34293 6575 17058
200 35101 9248 17102
200 34734 7384 17747
200 31243 7634 16228
200 34036 9738 17481
200 34453 7322 16950
200 33246 7978 17532
200 32167 7745 16650
200 33924 8257 17140
200 32717 12274 18339
200 35297 6871 18265
200 33650 8394 16929
200 35893 8894 16397
200 34176 7996 16679
200 32167 7242 16719
200 35103 7940 15981
200 33589 6634 16775
200 31428 5693 16874
200 35391 10131 16182
200 37010 11267 17369
200 33256 6898 17549
200 34901 7609 17708
200 34443 8482 18048
200 38246 9853 18065
200 33042 8377 16363
250 44096 15403 21216
250 43909 14282 21435
250 43268 15987 21739
250 39111 12205 20446
250 42765 16641 22503
250 43105 13508 21272
250 41247 15403 20985
250 40171 13469 20622
250 42412 15867 21436
250 41026 20088 22476
250 43973 13646 22364
250 41929 17937 20745
250 45004 15455 20907
250 46583 15388 21167
250 42265 13728 21019
250 43956 14685 20153
250 42137 12038 21407
250 39279 12890 21013
250 44353 21546 20527
250 46313 20982 21884
250 41543 12732 21806
250 43688 12026 22301
250 43000 14250 22412
250 47617 17163 22041
250 41400 14465 20714
300 52795 31145 25074
300 52601 23970 25445
300 51918 26156 26078
300 46893 20394 24410
300 51302 31551 26914
300 51703 23151 25424
300 49564 24045 25336
300 48211 24082 24758
300 54456 27684 25577
300 49024 36110 26335
300 52827 22150 26971
300 50178 26361 24465
300 53986 27618 25018
300 55908 26244 25437
300 50852 20862 25600
300 52850 24279 24473
300 50448 25478 25332
300 47012 25404 24796
300 53315 36463 24852
300 55891 38618 26302
300 49943 24732 26404
300 52162 24643 25895
300 51407 23755 26314
300 57064 27795 26045
300 49671 26667 24776
350 63437 52272 29505
350 61405 34905 29720
350 60427 45998 29952
350 58120 36525 28222
350 59883 50950 31375
350 60415 40794 29931
350 57792 41330 29431
350 56394 43832 29318
350 63692 58101 30305
350 57230 51383 30830
350 61477 41824 31401
350 59197 39880 28400
350 62982 39137 29129
350 65137 40618 29356
350 59399 37442 30038
350 61854 36968 29064
350 58814 41030 29385
350 56570 46032 28866
350 62263 50953 29161
350 64932 55632 30883
350 58139 45397 30753
350 60950 38231 30472
350 63422 38672 30587
350 67235 48266 30266
350 57991 43518 28945
400 72524 83650 33706
400 70227 58039 34076
400 69169 69094 34516
400 68918 53245 32570
400 68332 75597 35456
400 68974 64053 33977
400 66094 67041 33757
400 64508 74637 33659
400 72836 74093 34751
400 70407 79464 34575
400 70023 68094 35083
400 68507 60245 32526
400 71982 68363 33247
400 74462 68399 33593
400 68156 62168 33878
400 70757 55323 33367
400 68843 65576 33656
400 74496 82257 33716
400 71220 83710 33443
400 74957 86513 35095
400 66521 69609 35219
400 69687 66574 34864
400 72325 66931 34466
400 76787 88803 34417
400 66817 60194 33479
450 81674 112563 38160
450 79112 81359 38606
450 77781 98314 38701
450 77573 72654 36685
450 76969 108263 40156
450 77669 95216 38337
450 74433 87895 38143
450 72543 102514 37754
450 81991 103916 39194
450 79214 112000 38881
450 78730 105882 39240
450 77245 92824 37024
450 81076 105408 37638
450 83915 97725 38158
450 77066 100130 37901
450 79600 93247 37493
450 77436 86643 37763
450 83789 120484 37872
450 80548 122575 37528
450 84245 119423 39179
450 74636 111450 38956
450 78476 93374 39437
450 81339 110437 38683
450 86299 131161 38433
450 75077 88145 37365
500 90608 157028 41885
500 87989 122481 43035
500 87362 137815 42718
500 93805 121468 41023
500 85477 147507 44415
500 86147 133867 42102
500 82863 127099 42738
500 80614 133944 41891
500 92658 138751 43626
500 88062 168912 43277
500 87537 134215 43711
500 86036 121294 41704
500 90157 149970 41970
500 93280 134478 42520
500 85642 135223 42141
500 88566 136022 41939
500 86086 123752 42027
500 93312 164934 42606
500 89599 156726 41928
500 93676 148864 43689
500 92310 173851 42909
500 88186 138994 43677
500 90369 166786 42828
500 95916 191300 42669
500 84792 141339 41024
550 100538 211787 45350
550 96661 199872 46925
550 101068 188428 47005
550 103503 171975 46040
