10 232 128 232
10 192 116 190
10 204 113 204
10 260 110 259
10 204 113 203
10 218 106 216
10 226 104 225
10 213 105 211
10 184 104 184
10 278 105 276
20 475 122 473
20 421 124 415
20 484 109 482
20 426 208 414
20 519 109 515
20 423 107 417
20 468 109 464
20 477 108 471
20 392 107 392
20 506 107 502
30 722 112 719
30 663 110 650
30 691 213 687
30 631 214 611
30 715 218 699
30 651 116 640
30 616 210 608
30 654 110 645
30 679 113 676
30 747 112 738
40 963 215 939
40 904 224 885
40 903 114 895
40 853 214 831
40 955 218 934
40 880 221 860
40 909 218 888
40 833 213 799
40 936 216 914
40 1015 128 1001
50 1131 317 1113
50 1099 219 1066
50 1183 217 1163
50 1111 228 1074
50 1207 319 1176
50 1099 217 1067
50 1121 325 1079
50 1068 215 1029
50 1179 218 1142
50 1220 219 1189
60 1354 321 1325
60 1336 324 1288
60 1475 224 1446
60 1320 320 1282
60 1482 320 1432
60 1372 220 1311
60 1347 420 1291
60 1261 318 1233
60 1393 325 1341
60 1475 323 1434
70 1574 444 1526
70 1582 326 1515
70 1724 324 1673
70 1586 325 1536
70 1717 631 1657
70 1646 526 1545
70 1579 524 1480
70 1529 423 1462
70 1696 830 1605
70 1766 430 1709
80 1819 528 1757
80 1802 428 1719
80 1966 327 1899
80 1816 528 1750
80 1946 1134 1856
80 1951 635 1819
80 1788 830 1656
80 1735 529 1650
80 1962 832 1850
80 2055 531 1958
90 2187 636 2106
90 2132 633 2018
90 2243 634 2125
90 2099 735 2001
90 2202 633 2112
90 2217 734 2045
90 2057 1035 1895
90 1995 836 1898
90 2191 935 2070
90 2311 638 2193
100 2440 736 2324
100 2364 837 2221
100 2545 740 2388
100 2278 1138 2138
100 2463 944 2340
100 2453 1041 2211
100 2320 1237 2130
100 2261 1035 2129
100 2427 1041 2286
100 2593 1349 2423
110 2693 1042 2556
110 2610 1143 2429
110 2830 780 2646
110 2510 1245 2356
110 2741 1043 2587
110 2771 1443 2480
110 2590 1442 2367
110 2473 1644 2318
110 2730 1444 2507
110 2823 1651 2609
120 2928 1145 2758
120 2857 1855 2626
120 3105 1046 2878
120 2762 1445 2581
120 2977 1551 2781
120 2977 1851 2682
120 2883 1655 2613
120 2681 1948 2491
120 3034 1650 2770
120 3121 2256 2864
130 3212 1552 2983
130 3116 2154 2856
130 3392 1556 3097
130 3066 2457 2813
130 3259 2156 3012
130 3235 2255 2903
130 3184 2255 2854
130 2989 2558 2763
130 3307 2561 2975
130 3383 2662 3095
140 3485 2260 3202
140 3310 2861 3027
140 3612 2161 3269
140 3392 2965 3049
140 3553 2963 3209
140 3583 2964 3169
140 3487 4475 3082
140 3224 3565 2952
140 3548 3468 3188
140 3597 3873 3271
150 3700 2764 3378
150 3585 3470 3253
150 3875 2666 3473
150 3678 4677 3254
150 3788 3873 3399
150 3876 4075 3362
150 3725 4377 3287
150 3463 4877 3141
150 3788 4381 3380
150 3913 5592 3452
160 3996 3789 3621
160 3868 4077 3488
160 4177 3576 3701
160 3966 5585 3475
160 4041 4584 3586
160 4220 5085 3634
160 4039 8625 3514
160 3760 5687 3310
160 4097 5590 3647
160 4144 7806 3659
170 4294 4684 3829
170 4164 5188 3718
170 4343 4485 3829
170 4347 6899 3757
170 4287 5894 3766
170 4570 7906 3827
170 4294 7807 3689
170 4065 7705 3545
170 4379 6501 3871
170 4402 9421 3821
180 4593 7306 4007
180 4490 6098 3949
180 4807 9624 4110
180 4674 8213 3979
180 4621 7508 4011
180 4885 10128 4021
180 4699 7806 3953
180 4400 10728 3759
180 4644 8717 4066
180 4662 10532 3978
190 4867 7913 4233
190 4761 9525 4129
190 5074 11542 4290
190 5022 11841 4213
190 4920 9222 4242
190 5176 13250 4230
190 4991 9531 4169
190 4595 13348 3936
190 4962 11539 4294
190 4936 13254 4191
200 5177 10836 4388
200 5035 9729 4319
200 5402 12959 4516
200 5375 13454 4454
200 5154 11843 4367
