20 24 143 20
20 25 117 19
20 26 216 22
20 30 226 26
20 26 107 20
20 26 111 22
20 24 107 20
20 23 107 21
20 23 109 19
20 23 108 21
20 24 107 18
20 24 224 22
20 30 216 26
20 23 115 17
20 28 212 22
20 24 226 20
20 22 112 17
20 25 110 21
20 26 224 24
20 24 109 20
20 28 212 26
20 26 130 20
20 28 209 26
20 31 239 24
20 24 124 21
40 24 220 20
40 27 232 22
40 27 321 22
40 30 326 26
40 26 216 20
40 26 213 22
40 26 220 20
40 26 328 22
40 27 212 24
40 23 230 21
40 25 213 23
40 27 327 22
40 30 335 26
40 27 323 21
40 28 222 22
40 24 230 20
40 28 330 24
40 26 219 22
40 26 318 24
40 26 219 20
40 28 337 26
40 31 338 26
40 28 222 26
40 31 437 25
40 24 231 21
60 28 428 26
60 27 327 22
60 27 449 22
60 30 453 26
60 27 344 20
60 26 343 22
60 26 315 20
60 26 333 22
60 27 333 24
60 24 319 21
60 28 336 23
60 27 441 22
60 30 489 26
60 27 330 21
60 29 332 24
60 26 329 21
60 28 337 24
60 26 347 22
60 27 898 24
60 26 335 22
60 28 455 26
60 31 439 26
60 29 344 26
60 31 541 25
60 24 330 21
80 28 424 26
80 28 525 26
80 27 552 25
80 30 559 26
80 27 680 21
80 27 537 22
80 28 438 26
80 27 851 22
80 27 973 24
80 26 561 21
80 28 769 23
80 27 473 22
80 30 3617 26
80 28 774 22
80 29 458 24
80 31 809 27
80 28 563 24
80 26 571 22
80 27 1210 24
80 26 560 23
80 28 555 26
80 31 671 26
80 29 422 26
80 31 1095 25
80 26 665 25
100 29 1518 26
100 28 2923 26
100 27 1334 25
100 30 3269 26
100 27 4125 21
100 27 5403 22
100 29 2281 26
100 27 2474 22
100 30 13533 26
100 27 2957 21
100 28 2958 23
100 27 3133 22
100 30 5343 27
100 28 3312 22
100 30 1527 25
100 31 4695 27
100 28 6307 24
100 29 4278 25
100 27 8028 24
100 26 1205 23
100 28 2307 26
100 31 5451 26
100 29 3411 26
100 31 4686 25
100 26 981 25
120 29 12341 26
120 31 22070 28
120 27 17160 25
120 30 25462 26
120 30 53361 24
120 31 58125 25
120 29 21206 26
120 27 18910 25
120 30 26519 26
120 28 32271 21
120 28 30637 23
120 28 33663 22
120 30 68879 27
120 28 20526 22
120 30 31118 25
120 31 15215 27
120 28 24894 24
120 29 68318 25
120 NaN NaN NaN
120 26 11927 25
120 28 21289 26
120 31 28839 26
120 29 34251 26
120 31 60148 25
120 26 6985 25
140 NaN NaN NaN
140 NaN NaN NaN
140 NaN NaN NaN
140 NaN NaN NaN
140 NaN NaN NaN
140 NaN NaN NaN
140 NaN NaN NaN
140 NaN NaN NaN
140 NaN NaN NaN
140 NaN NaN NaN
140 NaN NaN NaN
140 NaN NaN NaN
140 NaN NaN NaN
140 NaN NaN NaN
140 NaN NaN NaN
140 NaN NaN NaN
140 NaN NaN NaN
140 NaN NaN NaN
140 NaN NaN NaN
140 NaN NaN NaN
140 NaN NaN NaN
140 NaN NaN NaN
140 NaN NaN NaN
140 NaN NaN NaN
140 NaN NaN NaN
160 NaN NaN NaN
160 NaN NaN NaN
160 NaN NaN NaN
160 NaN NaN NaN
160 NaN NaN NaN
160 NaN NaN NaN
160 NaN NaN NaN
160 NaN NaN NaN
