10 40 483 40
10 62 504 62
10 57 430 57
10 56 332 56
10 50 330 50
10 57 363 57
10 49 327 49
10 57 432 57
10 70 438 70
10 63 434 63
10 54 326 54
10 51 329 51
10 59 426 59
10 63 438 63
10 46 226 46
10 46 229 46
10 68 534 68
10 62 530 62
10 56 431 56
10 78 638 78
10 50 323 50
10 68 632 68
10 63 552 63
10 59 332 59
10 64 432 64
20 54 748 54
20 62 868 62
20 57 946 57
20 65 1055 65
20 66 1070 66
20 68 1155 68
20 62 860 62
20 57 751 57
20 75 1169 75
20 63 957 63
20 58 854 58
20 63 963 63
20 59 949 59
20 64 1055 64
20 61 956 61
20 59 850 59
20 68 1058 68
20 77 1496 77
20 70 1158 70
20 78 1471 78
20 75 1456 75
20 68 1261 68
20 70 1566 69
20 59 767 59
20 64 871 64
30 54 1068 54
30 85 3409 85
30 75 2295 75
30 70 2305 69
30 74 2693 74
30 68 1793 68
30 76 2448 76
30 57 1513 57
30 75 1922 75
30 63 1382 63
30 63 1481 63
30 64 1584 64
30 70 1981 70
30 64 1617 64
30 61 1590 61
30 70 1888 70
30 68 1786 68
30 77 2390 77
30 70 1897 70
30 78 2400 78
30 75 2284 75
30 68 1877 68
30 86 3369 86
30 62 1289 62
30 73 1805 73
40 54 1534 54
40 85 4455 85
40 75 3554 75
40 70 3111 69
40 74 2737 74
40 68 2420 68
40 76 3319 76
40 57 1736 57
40 75 2728 75
40 63 1844 63
40 76 3370 76
40 64 2115 64
40 70 2639 70
40 64 2255 64
40 69 2611 69
40 70 2636 70
40 68 2548 68
40 77 3320 77
40 70 2435 70
40 78 3434 78
40 75 2988 75
40 72 2977 72
40 86 4267 86
40 62 1947 62
40 73 2628 73
50 54 1932 54
50 85 5790 85
50 75 4385 75
50 71 4233 71
50 74 3658 74
50 68 3824 68
50 76 4322 76
50 70 3535 70
50 75 3554 75
50 66 2739 66
50 76 4906 76
50 64 2838 64
50 70 3330 70
50 77 4515 77
50 69 3164 69
50 70 3305 70
50 68 3255 68
50 77 4226 77
50 70 3179 70
50 78 4496 78
50 75 4848 75
50 72 3737 72
50 86 5465 86
50 62 2569 62
50 73 4013 73
60 61 2997 61
60 85 7006 85
60 80 6333 80
60 71 5195 71
60 74 5073 74
60 68 3956 68
60 76 5266 76
60 70 4848 70
60 75 4516 75
60 66 3819 66
60 78 5254 78
60 64 3461 64
60 70 4207 70
60 77 5413 77
60 69 4083 69
60 70 4177 70
60 68 4101 68
60 77 5152 77
60 70 5325 70
60 78 5445 78
60 75 4598 75
60 72 4614 72
60 86 6644 86
60 66 4478 66
60 73 4346 73
70 61 3544 61
70 85 8172 85
70 80 8051 80
70 71 5228 71
70 74 5521 74
70 68 4769 68
70 76 7054 76
70 70 5032 70
70 75 5404 75
70 66 4723 66
70 80 7893 80
70 67 4491 67
70 70 4960 70
70 77 6657 77
70 80 8352 80
70 70 4947 70
70 68 4927 68
70 77 6069 77
70 75 5787 75
70 78 6995 78
70 75 5702 75
70 72 5369 72
70 86 7983 86
70 66 4831 66
70 73 6361 73
80 73 6370 73
80 85 9785 85
80 80 8115 80
80 71 7670 71
80 74 6150 74
80 68 5464 68
80 76 7093 76
80 70 5902 70
80 75 7474 75
80 66 5084 66
80 80 7914 80
80 67 4785 67
80 70 5636 70
80 77 9178 77
80 82 8724 82
80 70 5822 70
80 68 5640 68
80 78 7380 78
80 75 6520 75
80 78 9249 78
80 75 6409 75
80 72 6314 72
80 86 8997 86
80 66 5764 66
80 73 7225 73
90 78 8796 78
90 85 11164 85
90 80 9235 80
90 74 9331 74
90 74 7234 74
90 68 6082 68
90 76 7876 76
90 70 6959 70
90 75 7202 75
90 66 7143 66
90 80 9046 80
90 67 5495 67
90 70 6424 70
90 77 8684 77
90 82 10207 82
90 70 8320 70
90 75 7573 75
90 78 8596 78
90 75 7190 75
90 78 8790 78
90 75 7108 75
90 72 8533 72
90 86 10278 86
90 66 6305 66
90 73 6585 73
100 78 9757 78
100 85 14857 85
100 80 10264 80
100 74 8430 74
100 74 7550 74
100 68 7060 68
100 76 11414 76
100 70 7705 70
100 75 7963 75
100 66 6530 66
100 80 10542 80
100 78 11235 78
100 70 7155 70
100 77 9871 77
100 82 11662 82
100 70 7695 70
100 75 10818 75
100 78 9376 78
100 75 8170 75
100 78 9725 78
100 76 11746 75
100 72 9797 72
100 86 11681 86
100 71 7607 71
100 73 7430 73
110 78 10784 78
110 85 16207 85
110 80 11383 80
110 74 8951 74
110 74 8728 74
110 73 10778 73
110 76 9759 76
110 70 9115 70
110 75 9065 75
110 78 10460 78
110 80 14011 80
110 78 10234 78
110 70 8613 70
110 77 10826 77
110 82 14692 82
110 70 8523 70
110 80 11863 80
110 78 10917 78
110 75 9455 75
110 78 12595 78
110 76 13019 75
110 72 9046 72
110 86 12811 86
110 71 10869 71
110 73 8095 73
120 80 12950 80
120 85 15009 85
120 80 14590 80
120 74 9961 74
120 74 9849 74
120 73 9861 73
120 76 12442 76
120 70 10093 70
120 75 9932 75
120 78 11392 78
120 80 14983 80
120 78 11305 78
120 70 9253 70
120 77 11557 77
120 82 16121 82
120 70 9173 70
120 80 12925 80
120 78 11819 78
120 75 12642 75
120 78 12362 78
120 76 14382 75
120 72 9297 72
120 86 16590 86
120 71 9323 71
120 73 9051 73
130 80 14223 80
130 85 19395 85
130 80 13969 80
130 76 12157 76
130 78 14091 78
130 73 11708 73
130 80 13574 80
130 85 18653 85
130 75 11267 75
130 78 11891 78
130 80 13951 80
130 78 14914 78
130 75 11583 75
130 77 11971 77
130 82 17170 82
130 70 9578 70
130 80 13707 80
130 78 12866 78
130 75 13614 75
130 78 13578 78
130 76 16385 75
130 72 10628 72
130 86 18074 86
130 71 9760 71
130 73 14247 73
140 80 15364 80
140 85 20725 85
140 80 15125 80
140 76 13465 76
140 78 15762 78
140 73 12454 73
140 80 14710 80
140 85 19844 85
140 75 11939 75
140 78 13560 78
140 80 17729 80
140 78 14107 78
140 75 12531 75
140 77 15379 77
140 82 16744 82
140 70 10582 70
140 80 14532 80
140 79 15817 79
140 75 11441 75
140 78 14503 78
140 76 19111 75
140 73 12107 73
140 86 17313 86
140 71 10768 71
140 78 14800 78
150 80 16673 80
150 85 20123 85
150 80 18469 80
150 76 14978 76
150 78 13806 78
150 73 15675 73
150 80 15608 80
150 85 19006 85
150 75 16035 75
150 78 13875 78
150 80 16407 80
150 78 17222 78
150 75 13123 75
150 77 14372 77
150 82 21031 82
150 70 12693 70
150 80 15710 80
150 79 18467 79
150 75 12629 75
150 78 15964 78
150 76 21027 75
150 73 12956 73
150 86 19111 86
150 71 13777 71
150 78 14026 78
160 80 18512 80
160 85 24658 85
160 80 17986 80
160 76 15359 76
160 78 18503 78
160 73 14380 73
160 80 17587 80
160 85 23435 85
160 75 14183 75
160 78 15684 78
160 80 20648 80
160 78 16091 78
160 75 13598 75
160 77 18497 77
160 82 20341 82
160 71 14066 71
160 80 20179 80
160 79 17524 79
160 75 14233 75
160 78 19551 78
160 76 19947 75
160 73 14219 73
160 86 22488 86
160 71 12570 71
160 78 14193 78
170 80 21450 80
170 85 24179 85
170 80 21233 80
170 76 16968 76
170 78 17158 78
170 73 17363 73
170 80 18422 80
170 85 23029 85
170 75 17886 75
170 78 17146 78
170 80 19139 80
170 78 20392 78
170 75 15301 75
170 77 30319 77
170 82 23910 82
170 71 15102 71
170 80 19020 80
170 79 21403 79
170 75 15555 75
170 78 17810 78
170 76 24155 75
170 73 15191 73
170 86 22943 86
170 71 16321 71
170 78 16062 78
180 80 21132 80
180 85 27929 85
180 80 20399 80
180 76 19499 76
180 78 18337 78
180 73 15624 73
180 80 22310 80
180 85 24130 85
180 78 20349 78
180 78 18246 78
180 84 26023 84
180 89 27611 89
180 75 19950 75
180 77 18379 77
180 82 22470 82
180 71 18217 71
180 80 20725 80
180 79 19985 79
180 81 22249 81
180 78 18993 78
180 76 25614 75
180 73 16016 73
180 86 24310 86
180 78 20919 78
180 86 23798 86
190 80 25613 80
190 85 28068 85
190 80 24152 80
190 76 19453 76
190 78 19200 78
190 73 18529 73
190 80 21403 80
190 85 28349 85
190 78 19391 78
190 78 21763 78
190 84 25579 84
190 89 32129 89
190 75 18523 75
190 77 22555 77
190 82 24402 82
190 71 16798 71
190 80 24152 80
190 79 20690 79
190 81 23813 81
190 78 21647 78
190 79 23682 79
190 73 16957 73
190 86 29155 86
190 78 20622 78
190 86 27996 86
200 80 24286 80
200 85 31443 85
200 80 24096 80
200 76 23258 76
200 78 20159 78
200 73 18044 73
200 80 25369 80
200 85 27613 85
200 78 23803 78
200 78 20122 78
200 84 29317 84
200 89 30925 89
200 75 22774 75
200 77 20935 77
200 82 28595 82
200 71 27926 71
200 80 54101 80
200 79 22851 79
200 81 25100 81
200 78 22742 78
200 79 25061 79
200 73 17905 73
200 86 30359 86
200 78 21606 78
200 86 29982 86
210 80 28973 80
210 85 34789 85
210 80 29041 80
210 76 25209 76
210 78 23138 78
210 75 21764 75
210 80 27157 80
210 85 29630 85
210 78 27022 78
210 78 23298 78
210 84 30500 84
210 89 37366 89
210 75 28187 75
210 77 24609 77
210 82 27187 82
210 82 29607 82
210 80 25570 80
210 79 27809 79
210 81 25365 81
210 78 26973 78
210 79 23460 79
210 73 22163 73
210 86 29240 86
210 78 25650 78
210 86 29242 86
220 80 30949 80
220 85 32689 85
220 80 29020 80
220 76 21929 76
220 78 27246 78
220 75 19926 75
220 80 29412 80
220 85 29627 85
220 78 26813 78
220 78 23576 78
220 84 32941 84
220 89 38807 89
220 75 22964 75
220 77 26321 77
220 82 30244 82
220 82 31845 82
220 80 53670 80
220 79 28520 79
220 81 27070 81
220 78 28280 78
220 79 24768 79
220 73 23030 73
220 86 31677 86
220 78 27159 78
220 86 31073 86
230 80 31762 80
230 85 34417 85
230 80 29086 80
230 76 25154 76
230 78 27108 78
230 75 21759 75
230 80 30098 80
230 85 32357 85
230 78 27004 78
230 78 25071 78
230 84 32969 84
230 89 82967 89
230 75 21099 75
230 77 27200 77
230 82 30000 82
230 82 32300 82
230 80 27981 80
230 79 28664 79
230 81 27077 81
230 78 28372 78
230 79 24774 79
230 73 24149 73
230 86 32813 86
230 78 26684 78
230 86 32237 86
240 80 31909 80
240 85 38462 85
240 80 28044 80
240 76 26730 76
240 78 26641 78
240 75 24668 75
240 80 29487 80
240 85 35448 85
240 78 25458 78
240 78 28757 78
240 84 34274 84
240 89 41210 89
240 75 26088 75
240 77 25316 77
240 82 34948 82
240 82 31148 82
240 80 31385 80
240 79 28942 79
240 81 123554 81
240 78 28739 78
240 79 28599 79
240 73 22312 73
240 86 37768 86
240 78 26184 78
240 86 35960 86
250 80 181690 80
250 85 161052 85
250 80 30825 80
250 76 29982 76
250 78 27479 78
250 75 25120 75
250 80 31668 80
250 85 37150 85
250 78 73852 78
250 78 27332 78
250 84 36155 84
250 89 122128 89
250 75 26100 75
250 77 29023 77
250 82 34847 82
250 82 33079 82
250 80 32401 80
250 79 29522 79
250 81 163711 81
250 78 29519 78
250 79 31007 79
250 73 61020 73
250 86 38915 86
250 78 29920 78
250 86 36063 86
