13314 159 10819 192 144
15266 171 10655 173 144
15464 167 11085 187 145
13713 162 10639 183 149
14179 165 10309 194 134
14812 176 10369 182 139
17390 174 10849 185 156
15182 169 10461 183 161
15627 165 10719 184 153
15321 172 10519 180 149
13090 160 10827 182 142
15396 162 11079 193 142
14585 157 10751 190 140
15159 166 10738 182 153
15251 169 11006 186 161
14628 176 10774 184 151
16573 181 10975 191 168
14178 168 10864 185 155
15283 168 11156 184 161
14305 165 10579 189 149
12418 159 9928 171 131
13401 160 10728 188 148
14512 160 10662 184 138
15769 168 10900 189 157
15471 178 10901 180 160
13474 154 10359 175 140
14887 175 10494 184 154
12505 153 10371 194 134
14612 163 10671 193 150
14008 161 11046 187 149
14645 164 10078 177 151
14419 165 10570 190 149
14806 161 10682 180 145
14657 167 10782 189 148
15238 163 10871 191 152
14753 176 10551 191 154
13832 156 10905 187 140
12686 154 10270 177 130
15196 168 10883 183 158
14858 170 10335 190 142
15238 156 10567 180 141
13847 155 10483 201 134
15457 171 10657 192 164
15206 174 10722 179 151
15298 172 10051 190 148
15038 160 10691 188 148
14807 170 11070 190 161
13760 153 10335 188 144
14084 165 10689 184 140
13406 154 10719 195 138
