71275 184 24533 199 160
56191 174 25439 200 153
63844 175 25348 211 154
53967 177 23916 197 159
46098 176 24225 199 155
77710 176 24482 201 157
73296 174 24906 199 154
51197 176 28834 199 151
52516 174 25136 203 153
66610 180 27355 205 163
54670 180 24280 201 167
46108 172 26990 203 149
48136 176 26918 204 160
48235 175 29753 199 152
63497 179 24050 202 159
55580 187 25068 208 171
47466 174 24890 200 153
53486 181 24103 202 153
56488 180 24552 199 161
54499 178 24146 200 159
48958 176 25375 197 148
59677 182 25412 206 169
676483 176 26148 200 155
66877 170 23684 199 151
46383 166 24071 204 143
48383 175 28889 204 157
55864 182 26871 207 161
65725 173 24084 199 156
64594 175 24451 202 157
52993 177 27917 194 157
55723 184 23858 200 163
61800 179 23907 204 161
56173 180 23929 202 166
55288 178 24508 204 164
51155 171 24011 206 151
52291 175 28347 204 156
53682 174 24459 200 150
59837 182 24559 205 168
46222 170 25667 210 141
53603 176 24202 196 157
124820 182 25085 200 153
51120 174 24743 207 155
55980 175 26488 202 158
51604 182 24676 196 152
57320 179 26811 204 154
60456 180 24507 205 166
52554 182 25472 205 159
54944 172 27819 204 150
54128 173 24352 208 145
67850 171 23666 197 148
