39977 174 22786 201 152
38897 169 19743 205 144
41559 173 19524 195 157
38158 178 19874 205 167
45050 178 20669 201 161
39826 173 19709 197 160
42612 182 20091 198 164
40990 166 20605 193 141
39180 169 21362 196 146
37451 173 19989 196 160
46663 177 20965 205 168
42470 169 20969 198 155
38100 171 20458 197 154
36391 177 20267 201 152
36711 172 21222 198 157
35011 164 19371 207 141
43737 175 20067 196 157
43535 169 20985 203 152
40094 180 20085 199 162
37382 171 20893 202 151
40658 177 22851 205 166
62624 170 19954 195 152
41191 177 20326 202 162
35883 177 20557 196 159
42392 174 20054 196 155
44937 175 21421 199 160
43267 184 23248 208 171
40118 176 20510 205 159
54670 182 22559 208 174
43059 177 20640 203 166
36274 174 21107 200 158
35221 166 19222 195 141
33478 173 19845 195 147
39935 170 19899 197 147
33832 168 20479 198 146
44016 169 21170 204 153
38689 176 19963 202 158
40382 167 20536 190 141
40425 175 20019 195 158
39894 174 20942 197 152
35257 167 20078 198 150
45919 187 20493 202 154
35593 174 19681 209 143
42326 177 20156 200 160
55599 185 21819 209 172
38093 175 21689 201 160
37460 179 19856 195 161
34037 167 19827 197 140
35679 176 20610 198 150
