8792 151 8401 172 144
8813 158 7868 175 150
10244 163 8370 175 152
9130 160 8522 172 139
8995 161 8460 186 152
9167 165 8286 181 157
9287 157 8484 175 149
9494 165 8905 178 159
8341 153 8598 173 140
9122 163 8467 177 150
9112 163 8377 183 149
8684 158 8318 189 145
8395 153 7907 188 144
9515 171 8479 182 161
9194 163 8150 170 142
8722 151 8070 176 142
9258 161 8248 175 149
8401 159 8169 176 141
9022 160 8546 180 150
8744 163 8350 174 151
9059 167 8413 180 160
9154 161 7941 181 150
8395 153 8130 187 141
9902 160 8304 178 141
9164 154 8593 178 145
9489 160 8436 175 149
8174 148 8565 182 145
8694 160 8555 179 144
9355 168 8473 188 167
10399 181 8487 188 169
10171 178 8747 191 160
10342 165 8429 180 152
8810 157 8373 170 147
9107 163 8289 188 154
10287 149 8492 169 135
9492 164 8591 172 155
9246 156 8419 166 137
9166 167 8551 180 151
9575 157 8285 176 145
9625 165 8607 177 156
9726 160 8416 179 148
7840 149 8430 177 131
8679 160 8570 182 152
9075 159 8530 174 142
9305 160 8560 173 148
8554 166 8404 173 154
9076 163 8669 179 154
8456 150 8595 172 141
8497 145 8350 168 125
9103 168 8701 182 148
