100 257 18371 210
100 263 19740 210
100 232 18005 211
100 242 17592 183
100 248 18153 208
100 231 18017 210
100 249 20075 196
100 245 17952 175
100 244 17974 204
100 237 18419 193
200 280 20837 210
200 285 22754 217
200 273 21173 211
200 259 20420 188
200 272 21024 208
200 278 20807 210
200 278 23169 202
200 273 22498 195
200 259 20931 204
200 263 21306 193
300 283 24297 218
300 298 26314 217
300 283 24398 211
300 261 23879 188
300 294 24771 208
300 305 23986 210
300 282 25625 202
300 278 25676 195
300 259 24443 224
300 284 24498 193
400 290 27584 221
400 305 30366 217
400 288 27974 211
400 269 27623 214
400 300 29043 208
400 316 27768 210
400 289 30205 202
400 316 29376 195
400 266 28207 224
400 275 28474 212
500 295 32276 221
500 320 34858 217
500 292 33021 212
500 281 32939 231
500 302 33597 208
500 316 32593 210
500 310 33711 202
500 322 33823 195
500 272 33046 225
500 289 33687 212
600 322 38999 221
600 321 40009 217
600 294 37351 222
600 283 38728 231
600 309 39248 208
600 341 39946 210
600 313 38927 202
600 324 38943 195
600 287 37292 225
600 297 36858 212
700 322 43969 221
700 327 45263 217
700 303 42276 222
700 286 43077 231
700 318 46443 236
700 346 44435 210
700 315 46168 205
700 326 44739 195
700 286 41991 225
700 301 43067 212
800 325 51625 221
800 331 52009 221
800 303 47049 222
800 290 49040 231
800 325 53846 236
800 346 51691 210
800 317 51720 206
800 316 48342 207
800 296 47968 225
800 302 47731 212
900 326 57604 221
900 341 59314 221
900 307 54672 222
900 296 56502 231
900 326 60934 236
900 329 58513 218
900 318 58071 206
900 323 55005 207
900 298 55395 225
900 326 56111 212
1000 333 66189 221
1000 344 66015 221
1000 307 61328 228
1000 305 63985 233
1000 331 68523 236
1000 331 65204 218
1000 320 65255 206
1000 322 61315 207
1000 304 61797 225
1000 297 60754 220
1100 302 67589 224
1100 350 72317 221
1100 311 67371 228
1100 305 72757 233
1100 329 76180 236
1100 337 73601 218
1100 321 70667 206
1100 350 72827 207
1100 303 68883 225
1100 300 67357 230
1200 302 75158 224
1200 350 79453 221
1200 311 78917 228
1200 306 82380 233
1200 333 85589 236
1200 338 81534 218
1200 324 80991 206
1200 352 81998 209
1200 307 74778 225
1200 309 73677 230
1300 301 81394 224
1300 352 86608 221
1300 314 85677 228
1300 306 87623 233
1300 331 91688 236
1300 341 89125 218
1300 337 87327 208
1300 359 91307 209
1300 308 86360 225
1300 314 83160 230
1400 303 91018 224
1400 355 100220 221
1400 322 92413 228
1400 312 98632 233
1400 337 98127 236
1400 348 95024 218
1400 340 96105 208
1400 361 96129 209
1400 310 88347 225
1400 323 88428 230
1500 312 96407 224
1500 363 104270 221
1500 325 101931 228
1500 313 103818 233
1500 338 106727 236
1500 346 103372 218
1500 341 103112 208
1500 365 106987 209
1500 309 97620 225
1500 329 96270 230
1600 313 106246 224
1600 366 112415 221
1600 355 115294 228
1600 316 111113 233
1600 338 115391 236
1600 349 112161 218
1600 344 109186 208
1600 330 109156 223
1600 339 111153 225
1600 328 105186 230
1700 314 113744 224
1700 361 121654 221
1700 355 124461 228
1700 314 126164 233
1700 345 121785 236
1700 350 119545 218
1700 347 123100 234
1700 327 120204 223
1700 342 124225 225
1700 332 114361 230
1800 318 129495 224
1800 367 128906 221
1800 356 128736 228
1800 320 131006 233
1800 350 131993 236
1800 351 128874 218
1800 358 131415 234
1800 332 128903 223
1800 349 131767 225
1800 333 124090 230
1900 317 133033 224
1900 375 145269 221
1900 357 144124 233
1900 321 142489 233
1900 351 144659 236
1900 354 141945 218
1900 356 146484 234
1900 333 134258 223
1900 348 146503 225
1900 363 142315 230
2000 318 149855 224
2000 371 150882 221
2000 356 154551 233
2000 331 183057 233
2000 352 154558 236
2000 358 154584 218
2000 370 154116 234
2000 338 159553 223
2000 349 159108 225
2000 362 151371 230
