20 22 349 20
20 23 218 19
20 26 314 22
20 28 342 26
20 23 209 20
20 26 209 22
20 22 212 20
20 23 212 21
20 22 219 19
20 23 222 21
20 22 219 18
20 24 208 22
20 28 216 26
20 21 105 17
20 26 207 22
20 22 105 20
20 21 106 17
20 24 217 21
20 25 323 24
20 24 217 20
20 28 322 26
20 24 215 20
20 28 214 26
20 28 318 24
20 23 216 21
40 22 322 20
40 24 334 22
40 26 322 22
40 28 425 26
40 24 324 20
40 26 317 22
40 23 323 20
40 26 436 22
40 26 313 24
40 23 335 21
40 25 321 23
40 25 448 22
40 28 419 26
40 25 325 21
40 26 323 22
40 22 308 20
40 28 534 24
40 24 330 22
40 25 434 24
40 24 313 20
40 28 431 26
40 30 543 26
40 28 416 26
40 28 421 25
40 23 311 21
60 28 628 26
60 24 522 22
60 26 631 22
60 28 631 26
60 25 429 20
60 26 521 22
60 23 413 20
60 26 539 22
60 26 539 24
60 23 424 21
60 25 542 23
60 25 544 22
60 29 730 26
60 25 456 21
60 27 553 24
60 24 543 21
60 28 658 24
60 24 448 22
60 25 567 24
60 24 435 22
60 28 548 26
60 30 743 26
60 28 548 26
60 28 1074 25
60 23 439 21
80 28 769 26
80 28 656 26
80 27 832 25
80 28 2619 26
80 25 978 21
80 26 766 22
80 28 1547 26
80 26 2425 22
80 26 1894 24
80 24 657 21
80 25 777 23
80 25 1104 22
80 29 4737 26
80 26 548 22
80 27 1632 24
80 29 879 27
80 28 783 24
80 24 769 22
80 25 3312 24
80 25 554 23
80 28 771 26
80 30 2071 26
80 28 788 26
80 29 1000 25
80 25 672 25
100 28 3006 26
100 28 9360 26
100 27 9878 25
100 28 8671 26
100 25 6610 21
100 26 7196 22
100 28 995 26
100 26 14662 22
100 28 18130 26
100 25 5578 21
100 25 3161 23
100 25 5479 22
100 30 9816 27
100 26 4698 22
100 27 3076 25
100 29 1096 27
100 28 22190 24
100 29 17038 25
100 25 23859 24
100 25 7149 23
100 28 5136 26
100 30 9059 26
100 28 8385 26
100 29 102983 25
100 25 2761 25
120 28 23819 26
120 30 190111 28
120 27 74295 25
120 28 80997 26
120 27 135664 24
120 29 78214 25
120 28 37397 26
120 27 74162 25
120 28 28333 26
120 25 29780 21
120 25 22573 23
120 26 60318 22
120 30 209877 27
120 26 20342 22
120 27 163253 25
120 29 205896 27
120 28 133434 24
120 29 230718 25
120 25 57865 24
120 25 14454 25
120 28 23774 26
120 30 135164 26
120 28 102496 26
120 NaN NaN NaN
120 25 21392 25
140 NaN NaN NaN
140 NaN NaN NaN
140 NaN NaN NaN
140 NaN NaN NaN
140 NaN NaN NaN
140 NaN NaN NaN
140 NaN NaN NaN
140 NaN NaN NaN
140 NaN NaN NaN
