10 193 105 424
10 152 102 405
10 157 101 286
10 160 101 382
10 424 31629 424
10 425 4422 424
10 407 4402 405
10 424 32936 424
10 405 34051 405
10 286 5741 286
10 382 39889 382
10 454 65979 454
10 431 70212 429
10 415 41198 415
10 316 37870 314
10 336 32026 336
10 427 87133 427
20 424 37873 424
20 405 52680 405
20 410 39583 410
20 400 65270 400
20 454 137289 454
20 431 106060 429
20 441 131346 441
20 316 60160 314
20 392 53083 392
20 427 191282 427
30 424 94884 424
30 405 97298 405
30 435 94181 435
30 400 78293 400
30 454 178994 454
30 443 164186 438
30 441 378371 441
30 449 165596 449
30 475 173654 473
30 427 254153 427
40 424 203363 424
40 501 283683 499
40 435 117546 435
40 400 97703 400
40 454 254445 454
40 443 333824 438
