10 242 1156 232
10 203 921 190
10 215 624 204
10 285 728 259
10 215 526 203
10 230 736 216
10 238 514 225
10 221 425 211
10 194 439 184
10 NaN NaN NaN
10 NaN NaN NaN
10 215 512 205
10 210 511 200
10 255 713 245
10 255 512 245
10 220 510 205
10 NaN NaN NaN
10 273 638 253
10 255 614 245
10 229 776 219
10 175 408 165
10 251 623 238
10 276 738 266
10 236 411 226
10 201 414 191
20 494 1986 473
20 455 1682 415
20 525 1287 482
20 451 1136 414
20 552 1474 515
20 441 1611 417
20 488 1350 464
20 493 1151 471
20 421 1251 392
20 524 1232 502
20 506 1041 478
20 439 1034 402
20 444 1144 409
20 465 1986 444
20 537 1159 510
20 495 1566 424
20 452 1564 431
20 507 1121 472
20 532 1333 480
20 520 1384 477
20 364 737 344
20 450 1464 425
20 462 1351 441
20 508 2850 476
20 437 1237 407
30 752 3015 719
30 710 2279 650
30 740 2085 687
30 681 2156 611
30 747 2265 699
30 678 2353 640
30 642 2110 608
30 722 1992 645
30 723 2382 676
30 782 2811 738
30 720 1548 677
30 684 1720 626
30 658 1656 595
30 732 3172 697
30 802 1571 739
30 704 2481 616
30 714 2254 683
30 760 1767 667
30 768 2377 689
30 828 2160 743
30 553 1455 521
30 652 2153 606
30 717 2204 664
30 804 4144 724
30 736 2975 680
40 999 4522 939
40 962 3081 885
40 962 2804 895
40 946 3038 831
40 1042 3117 934
40 918 3480 860
40 962 2885 888
40 935 3161 799
40 1002 3445 914
40 1064 3896 1001
40 1080 4403 932
40 963 2179 870
40 904 4240 804
40 967 5056 898
40 1048 3949 952
40 955 3365 830
40 980 2983 903
40 1022 2430 879
40 1069 4231 930
40 1042 3410 969
40 748 2045 688
40 856 2866 800
40 978 2988 874
40 1082 5513 959
40 989 4012 875
50 1193 5934 1113
50 1183 5784 1066
50 1381 6821 1163
50 1243 3895 1074
50 1306 4185 1176
50 1197 5511 1067
50 1203 4121 1079
50 1203 4094 1029
50 1266 4481 1142
50 1297 4961 1189
50 1322 3072 1167
50 1231 4488 1133
50 1185 5846 1019
50 1192 7163 1108
50 1342 5557 1219
50 1193 4333 1040
50 1199 4033 1099
50 1291 3183 1097
50 1281 6143 1118
50 1290 4529 1189
50 1037 2418 920
50 1098 3739 1022
50 1222 7016 1072
50 1332 8678 1172
50 1240 5389 1098
60 1458 10824 1325
60 1468 8509 1288
60 1732 8502 1446
60 1478 4890 1282
60 1594 5666 1432
60 1518 7079 1311
60 1444 11307 1291
60 1430 5129 1233
60 1491 5926 1341
60 1577 6277 1434
60 1595 5337 1410
60 1497 5401 1336
60 1389 7815 1184
60 1501 13478 1382
60 1555 5960 1414
60 1399 5611 1231
60 1459 5200 1319
60 1530 4146 1313
60 1569 7627 1369
60 1478 5341 1362
60 1302 7149 1160
60 1336 4472 1246
60 1500 12467 1315
60 1610 9704 1423
60 1461 7047 1273
70 1713 16697 1526
70 1784 12567 1515
70 2038 10031 1673
70 1746 7914 1536
70 1831 13916 1657
70 1778 7970 1545
70 1659 50326 1480
70 1746 11492 1462
70 1834 11681 1605
70 1871 8354 1709
70 1870 7436 1603
70 1695 6981 1518
70 1662 13393 1423
70 1803 18317 1634
70 1834 7752 1648
70 1686 11021 1421
70 1692 5811 1525
70 1877 11943 1608
70 1833 9524 1555
70 1795 6257 1642
70 1598 14125 1382
70 1642 9194 1439
70 1723 12806 1511
70 1867 12038 1667
70 1670 9991 1460
80 1988 16829 1757
80 2053 17263 1719
80 2316 14671 1899
80 2010 9470 1750
80 2114 17842 1856
80 2112 8754 1819
80 1895 46067 1656
80 1974 12241 1650
80 2122 14660 1850
80 2207 10165 1958
80 2122 10474 1799
80 2046 11980 1785
80 1919 23814 1637
80 2071 31786 1866
80 2058 11959 1796
80 1983 14811 1645
80 1960 6851 1769
80 2240 19342 1860
80 2144 14965 1812
80 1981 8489 1801
80 1837 18721 1572
80 1886 10338 1657
80 1954 14090 1711
80 2106 16324 1830
80 1936 13208 1678
90 2515 31611 2106
90 2382 30352 2018
90 2486 61119 2125
90 2323 20828 2001
90 2401 21399 2112
90 2369 12097 2045
90 2207 80320 1895
90 2177 26088 1898
90 2356 18578 2070
90 2546 24002 2193
90 2354 14052 1991
90 2227 12588 1978
90 2217 21479 1890
90 2462 28973 2137
90 2287 15531 1978
90 2250 28768 1850
90 2165 8322 1938
90 2580 77940 2137
90 2403 12316 2027
90 2287 29852 2073
90 2019 27158 1719
90 2241 16306 1906
90 2255 12320 1947
90 2382 19745 2068
90 2220 17544 1935
100 2788 141003 2324
100 2628 35258 2221
100 2828 71033 2388
100 2549 32594 2138
100 2707 41182 2340
100 2582 17134 2211
100 2530 94780 2130
100 2448 22695 2129
100 2642 36825 2286
100 2853 123443 2423
100 2636 16209 2194
100 2400 19359 2136
100 2496 20674 2128
100 2711 50284 2333
100 2577 28105 2226
100 NaN NaN NaN
100 2439 18265 2095
100 2836 63148 2325
100 2717 15120 2266
100 2528 36349 2282
100 2287 31283 1956
100 2545 28691 2131
100 2498 20999 2140
100 2694 10464 2323
100 2424 25347 2096
