10 162 8730 160
10 156 6370 152
10 216 19084 210
10 119 2376 117
10 196 14134 190
10 157 6828 155
10 191 13871 187
10 165 6507 161
10 154 6747 153
10 146 4763 140
10 185 8528 179
10 186 10819 184
10 137 3043 137
10 185 11947 183
10 125 1765 125
10 142 4603 136
10 207 17430 203
10 136 4083 136
10 156 4903 152
10 201 14424 199
10 132 4270 128
10 201 12154 195
10 211 18972 209
10 149 3835 143
10 174 9929 170
20 198 39558 194
20 168 19188 164
20 216 55072 210
20 183 26477 179
20 196 33088 190
20 157 12830 155
20 191 25445 187
20 165 16228 161
20 154 12922 153
20 167 15238 163
20 185 19199 179
20 186 23411 184
20 137 7592 137
20 185 24418 183
20 156 10778 156
20 142 12421 136
20 207 50207 203
20 146 13979 141
20 178 17683 174
20 208 28246 202
20 149 10003 145
20 201 31762 195
20 211 54796 209
20 157 13056 153
20 174 18600 170
30 198 59091 194
30 190 54402 188
30 216 101495 210
30 186 49252 182
30 209 71652 207
30 157 22072 155
30 191 44141 187
30 168 26882 162
30 154 22017 153
30 181 32162 177
30 185 39693 179
30 186 43824 184
30 161 22462 155
30 185 39142 183
30 156 20186 156
30 170 35100 166
30 207 66194 203
30 175 32567 171
30 178 29370 174
30 208 61253 202
30 186 48535 180
30 201 51751 195
30 211 96753 209
30 157 17590 153
30 174 30720 170
40 198 105747 194
40 190 93940 188
40 190 NaN 188
40 186 76852 182
40 209 171917 207
40 209 NaN 207
40 209 177716 207
40 209 NaN 207