20 928 14541 924
20 787 11445 785
20 925 12413 921
20 824 11743 818
20 999 11646 995
20 1000 12093 996
20 931 11237 927
20 909 10985 907
20 995 12191 989
20 839 11601 831
20 1002 13752 998
20 866 13193 862
20 971 10801 967
20 1047 12474 1043
20 936 11607 930
20 837 13029 833
20 939 10771 939
20 943 14073 937
20 1030 15716 1024
20 934 11670 928
20 877 11316 873
20 896 13595 888
20 867 11165 861
20 960 12173 954
20 939 11292 935
40 928 16531 924
40 870 13545 868
40 925 13873 921
40 824 13932 818
40 1020 14673 1018
40 1009 15606 1003
40 931 14476 927
40 909 15034 907
40 995 15851 989
40 844 13887 839
40 1002 15187 998
40 1008 15967 1000
40 971 14610 967
40 1047 17251 1043
40 972 14605 964
40 837 14740 833
40 939 15257 939
40 1127 22130 1121
40 1030 19009 1024
40 1078 14439 1068
40 959 21122 955
40 896 16103 888
40 951 14314 945
40 1025 13663 1020
40 939 14776 935
60 930 19718 924
60 870 15843 868
60 925 16374 921
60 835 16818 831
60 1022 24035 1018
60 1009 23211 1003
60 968 17945 964
60 983 19798 973
60 995 19491 989
60 930 17946 926
60 1002 18232 998
60 1008 21334 1000
60 1020 16105 1013
60 1047 26048 1043
60 1031 17222 1027
60 842 23077 833
60 942 20483 939
60 1129 30442 1121
60 1030 29917 1024
60 1078 19186 1068
60 965 24544 955
60 898 21658 888
60 961 17539 957
60 1025 16981 1020
60 992 20569 986
80 932 26452 924
80 914 24055 908
80 1005 23555 999
80 880 21315 871
80 1040 28834 1034
80 1012 27339 1003
80 968 24110 964
80 983 23406 973
80 1036 23331 1026
80 937 24728 926
80 1004 21627 998
80 1090 26501 1081
80 1020 26864 1013
80 1047 31474 1043
80 1031 23407 1027
80 842 26402 833
80 942 26049 939
80 1129 37584 1121
80 1030 34216 1024
80 1078 32940 1068
80 1064 30464 1058
80 956 27579 944
80 966 21189 963
80 1044 22748 1036
80 992 26889 986
100 1023 32360 1017
100 915 28804 908
100 1005 33018 999
100 1011 27994 1005
100 1040 34623 1034
100 1012 38135 1003
100 968 28810 964
100 1007 33149 1005
100 1036 29392 1026
100 995 28589 987
100 1004 32907 998
100 1090 32934 1081
100 1020 31290 1013
100 1047 35384 1043
100 1031 31571 1027
100 986 32460 982
100 984 29316 974
100 1129 42467 1121
100 1030 43904 1024
100 1078 42037 1068
100 1064 36136 1058
100 966 38296 955
100 966 32684 963
100 1064 28240 1058
100 1045 40945 1037
120 1053 38255 1040
120 915 35451 908
120 1005 40129 999
120 1011 40887 1005
120 1040 47825 1034
120 1021 43294 1010
120 970 35977 964
120 1007 39563 1005
120 1063 38094 1054
120 995 40472 987
120 1004 40397 998
120 1090 41231 1081
120 1025 40129 1013
120 1047 40253 1043
120 1031 38383 1027
120 1044 39318 1036
120 997 38666 990
120 1129 50934 1121
120 1030 55789 1024
120 1105 50880 1092
120 1064 47178 1058
120 976 45946 974
120 966 39795 963
120 1064 37658 1058
120 1045 45525 1037
140 1053 44382 1040
140 1001 41456 993
140 1005 47905 999
140 1011 49454 1005
140 1040 61625 1034
140 1021 52733 1010
140 970 44975 964
140 1007 53310 1005
140 1063 49455 1054
140 995 58335 987
140 1010 47662 999
140 1093 51121 1081
140 1025 42777 1013
140 1047 46540 1043
140 1031 44910 1027
140 1044 52804 1036
140 997 44958 990
140 1131 62345 1121
140 1034 65841 1024
140 1105 69263 1092
140 1064 52329 1058
140 978 56412 974
140 967 45417 963
140 1064 45922 1058
140 1045 54768 1037
160 1053 56701 1040
160 1001 49520 993
160 1063 55837 1049
160 1011 57285 1005
160 1040 73182 1034
160 1021 67944 1010
160 970 55501 964
160 1007 66595 1005
160 1063 65981 1054
160 1036 63455 1023
160 1014 84158 999
160 1093 84540 1081
160 1025 54129 1013
160 1047 54784 1043
160 1031 63323 1027
160 1044 60201 1036
160 1001 60122 990
160 1131 89007 1121
160 1036 74652 1024
160 1106 87365 1092
160 1064 70053 1058
160 978 79324 974
160 969 62542 963
160 1064 59766 1058
160 1047 77136 1037
180 1053 72382 1040
180 1001 63196 993
180 1063 69379 1049
180 1011 73460 1005
180 1040 84563 1034
180 1020 83121 1010
180 970 72319 964
180 1007 81730 1005
180 1063 71835 1054
180 1036 71171 1023
180 1014 100826 999
180 1093 89211 1081
180 1053 74321 1042
180 1049 71058 1043
180 1031 72972 1027
180 1044 79809 1036
180 1001 74283 990
180 1131 103306 1121
180 1034 99024 1024
180 1107 100650 1092
180 1070 83981 1059
180 979 110958 974
180 994 71179 986
180 1066 73688 1058
180 1049 91727 1037
200 1055 103144 1040
200 1005 91265 993
200 1063 83900 1049
200 1011 92839 1005
200 1040 109770 1034
200 1020 91352 1010
200 972 89982 964
200 1014 97575 1007
200 1063 93823 1054
200 1052 101831 1023
200 1016 108868 999
200 1095 125295 1081
200 1053 96692 1042
200 1049 84062 1043
200 1061 95140 1050
200 1044 92282 1036
200 1001 99604 990
200 1131 119214 1121
200 1038 122309 1024
200 1107 128550 1092
200 1070 98849 1059
200 995 114766 984
200 994 94437 986
200 1066 97587 1058
200 1049 109944 1037
220 1056 141019 1040
220 1023 109746 1008
220 1063 117231 1049
220 1013 107317 1005
220 1040 138144 1034
220 1021 118815 1010
220 972 118943 964
220 1014 107272 1007
220 1065 105277 1054
220 1052 126076 1023
220 1014 129263 999
220 1095 147457 1081
220 1053 125234 1042
220 1049 104324 1043
220 1061 229377 1050
220 1046 130582 1036
220 1003 114578 990
220 1135 145922 1121
220 1038 149483 1024
220 1107 163595 1092
220 1072 129258 1059
220 995 143968 984
220 996 116085 986
220 1066 111997 1058
220 1047 137191 1037
240 1056 168620 1040
240 1024 132515 1008
240 1063 132826 1049
240 1013 129343 1005
240 1046 160743 1034
240 1024 135205 1010
240 972 135290 964
240 1020 134232 1007
240 1065 137674 1054
240 1054 155430 1023
240 1014 152275 999
240 1095 176411 1081
240 1056 151903 1042
240 1053 129627 1043
240 1061 212408 1050
240 1047 161232 1036
240 1003 141202 990
240 1139 193379 1121
240 1040 191879 1024
240 1107 185479 1092
240 1074 157554 1059
240 997 161795 984
240 1039 140287 1029
240 1066 137209 1058
240 1049 161936 1037
260 1058 195910 1040
260 1023 152762 1008
260 1063 184441 1049
260 1021 178545 1005
260 1048 188674 1034
260 1026 166643 1010
260 972 167301 964
260 1022 166882 1007
260 1067 180527 1054
260 1054 198600 1023
260 1014 174958 999
260 1095 200902 1081
260 1056 177703 1042
260 1053 158387 1043
260 1063 218312 1050
260 1046 200613 1036
260 1010 166281 990
260 1141 205087 1121
260 1040 227819 1024
260 1109 217069 1092
260 1074 182091 1059
260 998 182382 984
260 1041 189477 1029
260 1077 158511 1063
260 1052 193627 1037
280 1058 233863 1040
280 1024 208410 1008
280 1065 207836 1049
280 1019 195032 1005
280 1044 215448 1034
280 1026 211307 1010
280 996 212891 983
280 1022 192555 1007
280 1067 217665 1054
280 1054 263779 1023
280 1014 207572 999
280 1095 239081 1081
280 1056 214965 1042
280 1053 187437 1043
280 1063 302232 1050
280 1047 222318 1036
280 1010 193813 990
280 1143 243050 1121
280 1040 261045 1024
280 1110 264462 1092
280 1074 226121 1059
280 1000 207451 984
280 1041 216471 1029
280 1077 186212 1063
280 1052 209430 1037
300 1058 287555 1040
300 1070 256131 1054
300 1067 256725 1049
300 1021 241067 1005
300 1044 245074 1034
300 1028 243909 1010
300 996 237592 983
300 1020 269792 1007
300 1068 279244 1054
300 1055 287112 1023
300 1015 280941 999
300 1095 270672 1081
300 1056 262366 1042
300 1055 219131 1043
300 884 348943 1050
300 1048 295308 1036
300 1008 217879 990
300 1145 262206 1121
300 1040 283651 1024
300 1112 302691 1092
300 1074 260821 1059
300 1002 247956 984
300 1043 234494 1029
300 1077 234906 1063
300 1054 260594 1037
