20 88 13602 86
20 91 14924 89
20 69 4957 67
20 78 7275 77
20 80 10455 78
20 89 12437 89
20 104 20650 102
20 78 7236 78
20 94 13281 92
20 81 9043 81
20 86 9362 84
20 100 19054 98
20 76 5778 74
20 90 11485 88
20 92 16356 90
20 74 5297 72
20 95 16491 95
20 78 7308 76
20 93 12165 93
20 101 18635 101
20 84 10785 82
20 93 15447 93
20 96 17253 94
20 79 7668 77
20 80 11665 78
40 88 30181 86
40 91 26497 89
40 82 21089 82
40 84 20623 82
40 92 37183 90
40 89 25474 89
40 104 49037 102
40 78 15891 78
40 94 29100 92
40 81 22048 81
40 90 23738 88
40 104 50278 102
40 90 30921 88
40 107 53603 105
40 92 33620 90
40 95 30027 93
40 95 35772 95
40 104 49203 104
40 94 31623 94
40 101 38051 101
40 84 26575 82
40 93 35678 93
40 96 32982 94
40 99 40303 97
40 97 41039 95
60 88 46922 86
60 91 44297 89
60 82 30625 82
60 93 52776 91
60 92 54149 90
60 103 76879 101
60 104 81018 102
60 84 34321 82
60 94 49153 92
60 95 61124 93
60 98 50287 96
60 104 79256 102
60 101 70320 101
60 107 89241 105
60 94 51862 92
60 95 52188 93
60 95 54617 95
60 104 78529 104
60 94 53425 94
60 101 62703 101
60 84 41462 82
60 93 50363 93
60 96 55286 94
60 99 68002 97
60 97 64853 95
20 88 13207 86
20 91 15255 89
20 69 5272 67
20 78 7385 77
20 80 9908 78
20 89 12356 89
20 104 19201 102
20 78 6871 78
20 94 13225 92
20 81 8712 81
20 86 10904 84
20 100 18787 98
20 76 5825 74
20 90 11605 88
20 92 16920 90
20 74 5332 72
20 95 16724 95
20 78 7580 76
20 93 14006 93
20 101 17195 101
20 84 12077 82
20 93 17454 93
20 96 18948 94
20 79 8753 77
20 80 12919 78
40 88 29107 86
40 91 28961 89
40 82 17944 82
40 84 21037 82
40 92 35501 90
40 89 27340 89
40 104 49266 102
40 78 14338 78
40 94 32461 92
40 81 20861 81
40 90 26598 88
40 104 48648 102
40 90 33595 88
40 107 54586 105
40 92 34409 90
40 95 30763 93
40 95 36782 95
40 104 50237 104
40 94 31634 94
40 101 38717 101
40 84 27420 82
40 93 36621 93
40 96 34006 94
40 99 40926 97
40 97 42402 95
60 88 47345 86
60 91 44306 89
60 82 30887 82
60 93 53773 91
60 92 55084 90
60 103 74935 101
60 104 82706 102
60 84 35524 82
60 94 50681 92
60 95 58384 93
60 98 51210 96
60 104 79834 102
60 101 73480 101
60 107 92147 105
60 94 52760 92
60 95 54315 93
60 95 56019 95
60 104 80076 104
60 94 53427 94
60 101 60443 101
60 84 42218 82
60 93 51852 93
60 96 56828 94
60 99 72083 97
60 97 65340 95
