20 89 2965 86
20 91 3312 89
20 74 1975 67
20 89 2603 77
20 84 2870 78
20 90 3148 89
20 118 4245 102
20 95 4008 78
20 92 2586 92
20 85 2755 81
20 87 3499 84
20 99 3691 98
20 96 4907 74
20 92 3025 88
20 102 3358 90
20 102 5382 72
20 95 3508 95
20 84 2333 76
20 93 3427 93
20 101 3751 101
20 86 2457 82
20 93 2853 93
20 94 3208 94
20 95 2485 77
20 84 2395 78
40 89 6926 86
40 92 6242 89
40 84 4286 82
40 92 5953 82
40 90 4957 90
40 95 6268 89
40 118 9777 102
40 104 8876 78
40 95 6076 92
40 85 4292 81
40 91 8656 88
40 102 6087 102
40 101 7935 88
40 107 8759 105
40 112 8398 90
40 107 10061 93
40 97 6706 95
40 104 5748 104
40 94 6520 94
40 101 6852 101
40 86 4622 82
40 106 7032 93
40 96 5480 94
40 118 9750 97
40 97 6690 95
60 95 7888 86
60 96 8777 89
60 85 6264 82
60 92 7740 91
60 90 7300 90
60 102 11963 101
60 121 13811 102
60 103 12019 82
60 98 8670 92
60 94 9075 93
60 99 9459 96
60 102 9201 102
60 103 11704 101
60 107 11709 105
60 111 12184 92
60 107 12134 93
60 98 15443 95
60 111 13291 104
60 94 8812 94
60 110 12974 101
60 92 8552 82
60 111 10312 93
60 102 9814 94
60 119 107757 97
60 97 10242 95
80 116 82022 115
80 97 14239 89
80 86 8247 82
80 112 18350 112
80 96 14404 96
80 102 15533 101
80 121 18492 102
80 113 16710 83
80 116 316968 113
80 94 13297 93
80 100 24184 96
80 104 14920 102
80 103 16739 101
80 116 18802 105
80 111 16085 92
80 107 16162 93
80 98 53093 95
80 111 17945 104
80 95 13573 94
80 111 17184 101
80 101 15451 96
80 110 19487 107
80 106 13178 94
80 119 145713 97
80 97 15312 95
100 116 100332 115
100 99 18091 90
100 95 12173 82
100 112 23243 112
100 96 20084 96
100 102 150746 101
100 121 25578 102
100 115 20049 83
100 122 321402 113
100 94 16669 93
100 100 47579 96
100 104 18114 102
100 111 24095 101
100 116 24864 105
100 111 20674 92
100 105 40469 101
100 98 55621 95
100 111 23896 104
100 95 17717 94
100 111 23785 101
100 118 24507 101
100 110 24107 107
100 106 16558 94
100 119 300274 97
100 97 17433 95
120 116 295231 115
120 110 27894 110
120 109 28352 95
120 112 28139 112
120 100 25807 96
120 113 328062 108
120 121 31491 102
120 115 27170 83
120 122 324136 113
120 94 23971 93
120 100 106368 96
120 106 111874 102
120 111 25522 101
120 116 28772 105
120 111 27474 92
120 105 46975 101
120 102 138050 95
120 111 319142 104
120 99 134599 97
120 111 29800 101
120 118 30284 101
120 113 29980 107
120 107 21961 94
120 119 277706 97
120 97 194498 95
140 115 339034 115
140 110 34707 110
140 109 46846 95
140 112 33030 112
140 106 33371 96
140 113 331877 108
140 121 40537 102
140 113 31691 97
140 122 328664 113
140 94 28117 93
140 100 163426 96
140 106 92201 102
140 111 32767 101
140 116 35264 105
140 121 35733 92
140 105 74316 101
140 105 448837 95
140 112 324212 104
140 110 115268 109
140 111 34233 101
140 118 36835 101
140 113 32017 107
140 107 27873 94
140 119 316820 97
140 97 104574 95
160 115 348798 115
160 112 48378 110
160 109 49824 95
160 112 37286 112
160 106 38376 96
160 113 334489 108
160 121 46174 102
160 113 36309 97
160 122 337435 113
160 94 29597 93
160 106 279724 96
160 106 128199 102
160 111 34954 101
160 116 43914 105
160 121 40076 92
160 105 330352 101
160 105 567155 95
160 112 326773 104
160 110 232159 109
160 111 38040 101
160 118 38856 101
160 113 38884 107
160 107 31892 94
160 126 336405 109
160 98 238745 95
180 123 363417 115
180 112 49136 110
180 111 335740 106
180 121 50222 112
180 110 44192 96
180 113 343961 108
180 121 51299 102
180 113 42537 97
180 122 344016 113
180 99 39575 93
180 109 333820 96
180 106 128332 102
180 110 346010 107
180 117 55750 106
180 121 47363 92
180 105 177682 101
180 111 338750 103
180 112 334287 104
180 115 224083 109
180 111 47174 101
180 118 48131 101
180 113 44704 107
180 108 43190 97
180 126 340749 109
180 111 143667 95
200 123 370636 115
200 112 80629 110
200 111 169449 106
200 121 355420 112
200 110 49943 96
200 113 361651 108
200 125 94859 109
200 116 54021 97
200 122 352105 113
200 99 55486 93
200 109 348532 96
200 108 141972 102
200 110 353085 107
200 118 73803 106
200 121 54377 92
200 105 336828 101
200 111 351900 103
200 112 349891 104
200 114 634390 109
200 111 56351 101
200 118 59096 101
200 113 49383 107
200 122 71026 97
200 126 361102 109
200 114 57920 102
