10 53 569 53
10 40 326 40
10 42 329 42
10 44 231 44
10 41 213 41
10 49 316 49
10 41 217 41
10 39 217 39
10 37 217 37
10 43 217 43
10 40 218 40
10 40 214 40
10 37 214 37
10 48 323 48
10 38 218 38
10 39 218 39
10 31 115 31
10 44 219 44
10 45 320 45
10 45 315 45
10 30 110 30
10 41 217 41
10 46 228 46
10 38 216 38
10 31 112 30
15 53 424 53
15 40 318 40
15 42 322 42
15 44 426 44
15 45 327 45
15 49 426 49
15 46 323 46
15 39 221 39
15 43 322 43
15 43 323 43
15 40 322 40
15 40 319 40
15 41 318 41
15 48 420 48
15 38 222 38
15 39 321 39
15 31 132 31
15 44 319 44
15 45 325 45
15 45 428 45
15 30 220 30
15 41 324 41
15 46 452 46
15 46 325 46
15 42 330 42
20 53 627 53
20 40 425 40
20 46 529 46
20 44 527 44
20 48 530 48
20 49 526 49
20 46 533 46
20 45 427 45
20 43 424 43
20 43 430 43
20 40 328 40
20 40 426 40
20 41 431 41
20 54 729 54
20 43 331 43
20 50 525 50
20 47 638 47
20 44 528 44
20 45 532 45
20 45 427 45
20 30 218 30
20 41 426 41
20 46 530 46
20 46 457 46
20 42 433 42
25 53 859 53
25 47 632 47
25 46 636 46
25 44 629 44
25 48 535 48
25 49 734 49
25 46 639 46
25 45 631 45
25 47 632 47
25 52 755 52
25 40 534 40
25 40 528 40
25 41 529 41
25 54 832 54
25 43 435 43
25 50 728 50
25 47 656 47
25 44 631 44
25 45 636 45
25 45 536 45
25 38 428 38
25 45 631 45
25 46 631 46
25 46 535 46
25 42 534 42
30 53 942 53
30 47 737 47
30 46 842 46
30 44 637 44
30 48 758 48
30 49 840 49
30 46 763 46
30 45 736 45
30 50 841 50
30 52 945 52
30 40 641 40
30 40 670 40
30 41 636 41
30 54 1047 54
30 43 652 43
30 50 836 50
30 47 742 47
30 44 739 44
30 45 740 45
30 45 645 45
30 38 529 38
30 45 749 45
30 46 745 46
30 46 642 46
30 50 863 50
35 53 1048 53
35 47 951 47
35 46 847 46
35 44 957 44
35 48 848 48
35 49 945 49
35 46 844 46
35 45 943 45
35 50 1047 50
35 52 1171 52
35 40 643 40
35 40 779 40
35 43 742 43
35 54 1148 54
35 43 749 43
35 50 1075 50
35 47 870 47
35 44 745 44
35 45 850 45
35 49 850 49
35 38 632 38
35 45 943 45
35 46 844 46
35 46 749 46
35 50 1045 50
40 53 1357 53
40 47 885 47
40 46 964 46
40 46 1049 46
40 48 967 48
40 49 1155 49
40 46 953 46
40 45 1160 45
40 50 1055 50
40 52 1259 52
40 42 753 42
40 40 864 40
40 43 948 43
40 54 1384 54
40 52 1160 52
40 50 1148 50
40 47 952 47
40 44 957 44
40 45 856 45
40 49 1058 49
40 38 738 38
40 45 974 45
40 46 950 46
40 46 962 46
40 50 1154 50
45 53 1664 53
45 47 1059 47
45 46 1192 46
45 46 1055 46
45 48 1061 48
45 49 1514 49
45 46 1163 46
45 45 1164 45
45 50 1198 50
45 52 1369 52
45 42 859 42
45 50 1363 50
45 43 951 43
45 54 1560 54
45 52 1270 52
45 50 1250 50
45 47 1060 47
45 44 1056 44
45 45 960 45
45 49 1165 49
45 38 744 38
45 45 1062 45
45 46 1079 46
45 46 970 46
45 50 1260 50
50 53 1772 53
50 47 1362 47
50 47 1211 47
50 46 1060 46
50 48 1369 48
50 49 1363 49
50 46 1162 46
50 45 1269 45
50 50 1410 50
50 52 1472 52
50 44 1066 44
50 50 1367 50
50 43 958 43
50 54 1675 54
50 52 1472 52
50 50 1362 50
50 47 1203 47
50 44 1066 44
50 45 1092 45
50 49 1267 49
50 38 851 38
50 45 1274 45
50 46 1160 46
50 46 1063 46
50 50 1365 50
55 53 1977 53
55 47 1468 47
55 47 1371 47
55 46 1584 46
55 48 1276 48
55 49 1388 49
55 46 1270 46
55 45 1267 45
55 50 1475 50
55 52 1677 52
55 44 1181 44
55 50 1532 50
55 43 1065 43
55 54 1675 54
55 52 1677 52
55 50 1564 50
55 47 1270 47
55 44 1171 44
55 45 1172 45
55 49 1474 49
55 38 855 38
55 45 1271 45
55 46 1268 46
55 46 1172 46
55 50 1578 50
60 53 1981 53
60 47 1578 47
60 47 1484 47
60 46 1274 46
60 48 1381 48
60 49 1608 49
60 46 1392 46
60 45 1571 45
60 50 1681 50
60 52 1887 52
60 44 1281 44
60 50 1609 50
60 43 1066 43
60 54 1892 54
60 52 1787 52
60 50 1673 50
60 47 1382 47
60 44 1279 44
60 46 1984 45
60 49 1601 49
60 50 1769 50
60 45 1379 45
60 46 1277 46
60 46 1322 46
60 50 1573 50
65 53 3493 53
65 47 2731 47
65 47 2996 47
65 49 1993 49
65 50 2031 50
65 51 2004 51
65 46 1697 46
65 45 1579 45
65 59 2909 59
65 52 2305 52
65 44 2019 44
65 50 1816 50
65 43 1290 43
65 54 2030 54
65 52 1992 52
65 50 1782 50
65 47 1481 47
65 48 1687 48
65 46 2109 45
65 49 1919 49
65 50 2085 50
65 52 2084 52
65 46 1509 46
65 46 1389 46
65 50 1718 50
70 53 2392 53
70 47 2530 47
70 47 1797 47
70 49 2103 49
70 50 1695 50
70 51 1788 51
70 46 1586 46
70 45 1801 45
70 59 2829 59
70 54 2200 54
70 49 1991 49
70 50 1910 50
70 44 1597 44
70 54 2597 54
70 52 2313 52
70 50 1983 50
70 47 1589 47
70 48 1795 48
70 46 2294 45
70 49 1831 49
70 50 2102 50
70 52 2315 52
70 46 1689 46
70 46 1393 46
70 50 1886 50
75 53 2601 53
75 47 2095 47
75 47 1902 47
75 49 2117 49
75 50 2002 50
75 51 2129 51
75 46 1687 46
75 45 1822 45
75 59 3123 59
75 54 2347 54
75 49 2403 49
75 50 1898 50
75 44 1718 44
75 54 2660 54
75 52 2403 52
75 50 2820 50
75 47 1793 47
75 48 1801 48
75 46 2305 45
75 49 2197 49
75 50 2195 50
75 52 2493 52
75 46 1828 46
75 46 1600 46
75 50 1994 50
80 53 2663 53
80 47 2200 47
80 47 2034 47
80 49 2123 49
80 50 2009 50
80 51 2207 51
80 46 1798 46
80 45 2095 45
80 59 3812 59
80 54 2622 54
80 49 2520 49
80 51 2221 51
80 44 1794 44
80 54 2813 54
80 52 2636 52
80 50 2215 50
80 47 2102 47
80 48 1908 48
80 46 2713 45
80 49 2306 49
80 50 2392 50
80 52 2599 52
80 46 1795 46
80 46 1724 46
80 50 2200 50
85 53 2946 53
85 47 2314 47
85 47 2115 47
85 49 2333 49
85 50 2218 50
85 51 3650 51
85 46 3550 46
85 55 3429 55
85 59 3891 59
85 54 3346 54
85 49 3053 49
85 51 2414 51
85 44 1900 44
85 54 2766 54
85 52 2822 52
85 50 2401 50
85 47 2304 47
85 48 2218 48
85 46 2622 45
85 49 2426 49
85 50 2498 50
85 52 2937 52
85 46 2001 46
85 46 1908 46
85 50 2305 50
90 53 3046 53
90 51 2919 51
90 47 2343 47
90 49 2417 49
90 50 2551 50
90 51 2419 51
90 46 2208 46
90 55 3073 55
90 59 3658 59
90 54 2727 54
90 49 2361 49
90 51 2552 51
90 44 2045 44
90 54 3127 54
90 52 3116 52
90 50 2406 50
90 47 2414 47
90 48 3089 48
90 46 2923 45
90 56 3443 56
90 50 2740 50
90 52 3036 52
90 47 2148 47
90 46 2116 46
90 50 2415 50
95 53 3272 53
95 51 2929 51
95 47 2329 47
95 49 2546 49
95 50 2541 50
95 51 2722 51
95 46 2244 46
95 55 3420 55
95 59 3861 59
95 54 3058 54
95 49 2436 49
95 51 2619 51
95 44 2117 44
95 54 3279 54
95 52 3371 52
95 50 2610 50
95 47 2314 47
95 48 2445 48
95 46 2944 45
95 56 3663 56
95 50 2807 50
95 52 3257 52
95 47 2339 47
95 49 2329 49
95 50 2620 50
100 53 4571 53
100 51 3038 51
100 47 2537 47
100 49 2728 49
100 50 2758 50
100 51 2860 51
100 46 2527 46
100 55 3626 55
100 59 4056 59
100 54 3298 54
100 49 2623 49
100 51 2925 51
100 44 2018 44
100 54 3539 54
100 52 3337 52
100 50 2718 50
100 47 2420 47
100 48 2756 48
100 46 3159 45
100 56 3962 56
100 50 3057 50
100 52 3529 52
100 47 2523 47
100 49 2538 49
100 50 2531 50
105 53 3641 53
105 51 3236 51
105 47 2641 47
105 49 2835 49
105 50 2947 50
105 51 2945 51
105 46 2733 46
105 55 4942 55
105 59 4449 59
105 54 3350 54
105 49 2730 49
105 51 2830 51
105 45 2438 45
105 54 3747 54
105 52 3511 52
105 50 3024 50
105 47 2525 47
105 48 3084 48
105 46 3184 45
105 56 3979 56
105 50 3025 50
105 52 3333 52
105 47 2532 47
105 49 2672 49
105 50 2929 50
110 53 3866 53
110 51 3342 51
110 47 2764 47
110 49 4307 49
110 50 3179 50
110 51 3261 51
110 46 2837 46
110 55 4190 55
110 59 4773 59
110 54 3559 54
110 49 2844 49
110 51 3337 51
110 45 2339 45
110 54 4055 54
110 52 3889 52
110 50 3179 50
110 47 2629 47
110 48 2774 48
110 49 3173 49
110 56 4535 56
110 50 3306 50
110 52 3762 52
110 47 2749 47
110 49 2665 49
110 50 3135 50
115 53 4060 53
115 51 3689 51
115 47 4070 47
115 49 3272 49
115 50 3252 50
115 51 3451 51
115 46 2944 46
115 55 4146 55
115 59 7744 59
115 54 4796 54
115 49 3270 49
115 51 4457 51
115 45 2442 45
115 54 4256 54
115 52 4016 52
115 50 3281 50
115 47 2737 47
115 48 3358 48
115 49 3076 49
115 56 4667 56
115 50 3547 50
115 52 3999 52
115 47 2965 47
115 49 2862 49
115 50 3273 50
120 53 4972 53
120 51 3854 51
120 47 2998 47
120 49 3453 49
120 50 3363 50
120 51 3556 51
120 46 3051 46
120 55 4448 55
120 59 7944 59
120 54 4103 54
120 49 4965 49
120 51 4656 51
120 45 3451 45
120 54 4452 54
120 52 4083 52
120 50 3442 50
120 47 2795 47
120 48 5105 48
120 49 3506 49
120 56 4794 56
120 50 3546 50
120 52 4258 52
120 47 3065 47
120 49 3285 49
120 50 3604 50
125 53 4472 53
125 51 3956 51
125 47 4517 47
125 51 3992 51
125 50 3571 50
125 51 3568 51
125 46 3385 46
125 55 4952 55
125 59 9129 59
125 54 4400 54
125 49 3367 49
125 51 5677 51
125 45 2888 45
125 54 4470 54
125 52 6039 52
125 50 3679 50
125 47 2969 47
125 48 4619 48
125 49 3586 49
125 56 4890 56
125 52 4654 52
125 52 4375 52
125 47 3153 47
125 49 3084 49
125 50 3755 50
130 53 4812 53
130 51 4517 51
130 47 5189 47
130 51 4033 51
130 50 3778 50
130 51 3796 51
130 46 3472 46
130 55 5172 55
130 59 10259 59
130 54 4600 54
130 49 5989 49
130 51 6991 51
130 45 2801 45
130 54 4978 54
130 52 4501 52
130 50 3755 50
130 47 3316 47
130 48 4684 48
130 49 3874 49
130 56 5314 56
130 52 5727 52
130 52 4635 52
130 47 5586 47
130 49 3574 49
130 51 4177 51
135 53 4826 53
135 51 4580 51
135 47 5157 47
135 51 4297 51
135 50 4082 50
135 51 5888 51
135 46 3572 46
135 55 5447 55
135 59 6105 59
135 54 6164 54
135 49 7453 49
135 51 7829 51
135 45 6041 45
135 54 4952 54
135 52 4730 52
135 50 3845 50
135 47 3222 47
135 48 5416 48
135 49 4179 49
135 56 5733 56
135 52 6746 52
135 52 4511 52
135 47 4612 47
135 49 3533 49
135 51 5620 51
140 53 5391 53
140 51 6335 51
140 47 6421 47
140 51 4383 51
140 50 7109 50
140 51 6110 51
140 46 7457 46
140 55 10487 55
140 59 6231 59
140 54 5016 54
140 49 6106 49
140 51 6337 51
140 45 7330 45
140 54 6774 54
140 52 5414 52
140 50 4832 50
140 47 4501 47
140 48 6252 48
140 49 6201 49
140 56 5799 56
140 52 9456 52
140 52 9093 52
140 47 4147 47
140 51 7731 51
140 51 5101 51
145 53 6949 53
145 51 4897 51
145 47 6839 47
145 51 6075 51
145 50 6563 50
145 51 7517 51
145 46 9340 46
145 55 6717 55
145 59 6784 59
145 54 5855 54
145 49 8872 49
145 51 8837 51
145 45 5406 45
145 54 5517 54
145 52 7055 52
145 50 6470 50
145 47 6088 47
145 48 10365 48
145 49 6457 49
145 56 6210 56
145 52 9369 52
145 52 7549 52
145 47 5796 47
145 51 7715 51
145 51 6760 51
150 53 9460 53
150 51 4860 51
150 47 6343 47
150 51 4971 51
150 50 16664 50
150 51 13966 51
150 46 8710 46
150 55 6760 55
150 59 9470 59
150 54 5617 54
150 49 8826 49
150 51 4823 51
150 45 12470 45
150 54 6186 54
150 52 7540 52
150 50 5641 50
150 47 8018 47
150 48 6975 48
150 49 10499 49
150 56 6359 56
150 52 12875 52
150 52 8181 52
150 47 6846 47
150 51 7156 51
150 51 5202 51
155 53 5959 53
155 51 7628 51
155 47 6784 47
155 51 5028 51
155 50 5624 50
155 51 7837 51
155 46 6221 46
155 55 6579 55
155 59 11034 59
155 54 5427 54
155 49 8462 49
155 51 14281 51
155 45 7415 45
155 54 13897 54
155 52 5443 52
155 50 5426 50
155 47 7767 47
155 48 6939 48
155 49 9593 49
155 56 7499 56
155 52 15579 52
155 52 10510 52
155 47 7918 47
155 51 13780 51
155 51 10345 51
160 53 15225 53
160 51 7154 51
160 47 8697 47
160 51 8780 51
160 50 13380 50
160 51 9239 51
160 46 8674 46
160 55 6607 55
160 59 10334 59
160 54 5637 54
160 49 12672 49
160 51 14838 51
160 45 16585 45
160 54 14826 54
160 52 7148 52
160 50 7537 50
160 47 4712 47
160 48 8602 48
160 49 5043 49
160 56 6733 56
160 52 16833 52
160 52 5653 52
160 47 13417 47
160 51 7751 51
160 51 9762 51
165 53 13397 53
165 51 5621 51
165 47 9873 47
165 51 12488 51
165 50 9967 50
165 51 10773 51
165 46 13677 46
165 55 6930 55
165 59 10496 59
165 54 40201 54
165 49 17190 49
165 51 5144 51
165 46 14075 46
165 54 15466 54
165 52 6070 52
165 50 10381 50
165 47 7984 47
165 48 13193 48
165 49 9953 49
165 56 14632 56
165 52 16017 52
165 52 5619 52
165 47 10273 47
165 51 11823 51
165 51 8959 51
170 53 9043 53
170 51 11882 51
170 47 10482 47
170 51 6545 51
170 50 22563 50
170 51 8929 51
170 46 13274 46
170 55 7064 55
170 59 22488 59
170 54 32494 54
170 49 28314 49
170 51 5572 51
170 46 13283 46
170 54 6510 54
170 52 8347 52
170 50 10154 50
170 47 11676 47
170 48 10704 48
170 49 15237 49
170 56 24088 56
170 52 17742 52
170 52 13467 52
170 47 12583 47
170 51 15372 51
170 51 6352 51
175 53 8550 53
175 51 11309 51
175 50 12996 50
175 51 33269 51
175 50 17118 50
175 51 5641 51
175 46 18128 46
175 55 7300 55
175 59 8179 59
175 54 52260 54
175 49 18230 49
175 51 5410 51
175 46 18656 46
175 54 6414 54
175 52 7976 52
175 50 9402 50
175 47 15738 47
175 48 13711 48
175 49 27369 49
175 56 26242 56
175 52 31226 52
175 52 6135 52
175 47 7057 47
175 51 17796 51
175 51 6343 51
180 53 12560 53
180 51 5941 51
180 50 16124 50
180 51 28945 51
180 50 24070 50
180 51 13940 51
180 46 23582 46
180 55 13382 55
180 59 13024 59
180 54 58906 54
180 49 31212 49
180 51 5872 51
180 46 15448 46
180 54 28392 54
180 52 8799 52
180 50 5784 50
180 47 14738 47
180 48 18862 48
180 49 42118 49
180 56 12149 56
180 52 34204 52
180 52 67336 52
180 47 37761 47
180 51 20168 51
180 51 12603 51
185 53 11885 53
185 51 6231 51
185 50 21064 50
185 51 45468 51
185 50 50120 50
185 51 19025 51
185 46 29325 46
185 55 30952 55
185 59 43091 59
185 54 52576 54
185 49 25282 49
185 51 6160 51
185 46 35265 46
185 54 7162 54
185 52 10177 52
185 50 14202 50
185 47 21936 47
185 48 19419 48
185 49 54615 49
185 56 29604 56
185 52 34038 52
185 52 26562 52
185 47 17962 47
185 51 23395 51
185 51 16901 51
190 53 58438 53
190 51 40779 51
190 50 29612 50
190 51 80557 51
190 50 13013 50
190 51 25520 51
190 46 23786 46
190 55 31515 55
190 59 42089 59
190 54 97996 54
190 49 28284 49
190 51 6899 51
190 46 34303 46
190 54 48442 54
190 52 11291 52
190 50 18891 50
190 47 22862 47
190 48 15964 48
190 49 33091 49
190 56 29608 56
190 52 41155 52
190 52 31521 52
190 47 23467 47
190 51 25955 51
190 51 25824 51
195 53 21657 53
195 51 74345 51
195 50 14107 50
195 51 54558 51
195 50 32160 50
195 51 29525 51
195 46 91440 46
195 55 33539 55
195 59 64082 59
195 54 236541 54
195 49 23347 49
195 51 22109 51
195 46 26303 46
195 54 7631 54
195 52 33832 52
195 50 24885 50
195 47 47194 47
195 48 25002 48
195 49 29650 49
195 56 39240 56
195 52 97392 52
195 52 42193 52
195 47 37639 47
195 51 33729 51
195 51 23494 51
200 53 31810 53
200 51 79580 51
200 50 27328 50
200 51 168513 51
200 50 35193 50
200 51 31717 51
200 47 117416 47
200 55 47342 55
200 59 69725 59
200 54 289892 54
200 49 24621 49
200 51 30899 51
200 46 35867 46
200 54 62723 54
200 52 13382 52
200 50 19908 50
200 47 42530 47
200 48 34630 48
200 49 27425 49
200 56 63953 56
200 52 51084 52
200 52 42182 52
200 47 36270 47
200 51 56189 51
200 51 25165 51
205 53 43300 53
205 51 187012 51
205 50 40163 50
205 51 116480 51
205 50 40311 50
205 51 33917 51
205 47 146493 47
205 55 40894 55
205 59 62361 59
205 54 151893 54
205 49 137603 49
205 51 25361 51
205 46 29936 46
205 54 67134 54
205 52 46688 52
205 50 21540 50
205 47 45344 47
205 48 56218 48
205 49 32541 49
205 56 65230 56
205 52 56073 52
205 52 54561 52
205 47 85696 47
205 51 44030 51
205 51 55597 51
210 53 42633 53
210 51 95139 51
210 50 81593 50
210 51 197250 51
210 50 66631 50
210 51 34823 51
210 NaN NaN NaN
210 55 77199 55
210 59 114471 59
210 NaN NaN NaN
210 49 62581 49
210 51 51900 51
210 46 42668 46
210 54 118183 54
210 52 44679 52
210 50 33043 50
210 47 152858 47
210 48 61323 48
210 49 56993 49
210 56 66585 56
210 52 114613 52
210 52 42123 52
210 47 99605 47
210 51 182909 51
210 51 38142 51
215 53 42005 53
215 51 114389 51
215 50 67734 50
215 51 282390 51
215 50 65234 50
215 51 55438 51
215 47 114395 47
215 55 65880 55
215 59 100867 59
215 NaN NaN NaN
215 49 154456 49
215 51 40110 51
215 46 30404 46
215 54 90290 54
215 52 49257 52
215 50 42905 50
215 47 107307 47
215 48 121309 48
215 51 117855 51
215 56 90465 56
215 NaN NaN NaN
215 52 57443 52
215 48 111276 48
215 51 48871 51
215 51 56187 51
220 53 39024 53
220 51 285313 51
220 50 96213 50
220 51 247022 51
220 50 275174 50
220 51 52834 51
220 47 160668 47
220 55 105098 55
220 59 138355 59
220 54 219852 54
220 49 95149 49
220 51 67063 51
220 46 87066 46
220 54 106659 54
220 52 81301 52
220 50 47471 50
220 47 151873 47
220 48 87135 48
220 51 138380 51
220 56 183698 56
220 NaN NaN NaN
220 NaN NaN NaN
220 48 137794 48
220 51 143176 51
220 52 45652 51
225 53 48208 53
225 NaN NaN NaN
225 51 86991 51
225 NaN NaN NaN
225 50 119453 50
225 52 58214 52
225 47 285167 47
225 NaN NaN NaN
225 59 147492 59
225 NaN NaN NaN
225 49 102301 49
225 51 50443 51
225 46 133622 46
225 54 113326 54
225 52 56783 52
225 50 40889 50
225 NaN NaN NaN
225 48 95014 48
225 NaN NaN NaN
225 56 100662 56
225 NaN NaN NaN
225 NaN NaN NaN
225 48 207585 48
225 NaN NaN NaN
225 52 53888 51
230 53 36290 53
230 51 239824 51
230 51 102517 51
230 51 258545 51
230 50 123217 50
230 52 109704 52
230 NaN NaN NaN
230 55 127365 55
230 NaN NaN NaN
230 NaN NaN NaN
230 49 144643 49
230 51 65424 51
230 NaN NaN NaN
230 NaN NaN NaN
230 52 117618 52
230 50 52761 50
230 NaN NaN NaN
230 48 142416 48
230 NaN NaN NaN
230 56 167960 56
230 NaN NaN NaN
230 53 272540 52
230 NaN NaN NaN
230 NaN NaN NaN
230 52 103396 51
235 53 57280 53
235 NaN NaN NaN
235 51 178361 51
235 NaN NaN NaN
235 NaN NaN NaN
235 52 100356 52
235 NaN NaN NaN
235 NaN NaN NaN
235 NaN NaN NaN
235 NaN NaN NaN
235 49 149747 49
235 51 57462 51
235 46 204559 46
235 54 289942 54
235 52 130353 52
235 50 92194 50
235 NaN NaN NaN
235 48 202629 48
235 NaN NaN NaN
235 NaN NaN NaN
235 NaN NaN NaN
235 NaN NaN NaN
235 NaN NaN NaN
235 51 132089 51
235 52 86821 51
240 53 124304 53
240 NaN NaN NaN
240 51 177050 51
10 53 570 53
10 40 324 40
10 42 332 42
10 44 218 44
10 41 214 41
10 49 320 49
10 41 224 41
10 39 218 39
10 37 228 37
10 43 217 43
20 53 632 53
20 40 426 40
20 46 640 46
20 44 550 44
20 48 431 48
20 49 549 49
20 46 529 46
20 45 427 45
20 43 425 43
20 43 438 43
30 53 972 53
30 47 740 47
30 46 874 46
30 44 636 44
30 48 743 48
30 49 841 49
30 46 745 46
30 45 750 45
30 50 839 50
30 52 945 52
40 53 1305 53
40 47 962 47
40 46 953 46
40 46 1049 46
40 48 955 48
40 49 1151 49
40 46 1060 46
40 45 1048 45
40 50 1052 50
40 52 1162 52
50 53 1796 53
50 47 1362 47
50 47 1168 47
50 46 1094 46
50 48 1369 48
50 49 1408 49
50 46 1161 46
50 45 1257 45
50 50 1425 50
50 52 1549 52
60 53 1979 53
60 47 1676 47
60 47 1685 47
60 46 1273 46
60 48 1382 48
60 49 1678 49
60 46 1397 46
60 45 1571 45
60 50 1680 50
60 52 1800 52
70 53 2425 53
70 47 1987 47
70 47 1797 47
70 49 1887 49
70 50 1830 50
70 51 1898 51
70 46 1582 46
70 45 1882 45
70 59 2839 59
70 54 2312 54
80 53 3209 53
80 47 2316 47
80 47 1908 47
80 49 2503 49
80 50 2216 50
80 51 2204 51
80 46 1901 46
80 45 2006 45
80 59 3424 59
80 54 2620 54
90 53 3396 53
90 51 2923 51
90 47 2332 47
90 49 2418 49
90 50 2451 50
90 51 2462 51
90 46 2311 46
90 55 3216 55
90 59 3853 59
90 54 3015 54
100 53 3640 53
100 51 3136 51
100 47 2539 47
100 49 2832 49
100 50 2776 50
100 51 2940 51
100 46 2556 46
100 55 3837 55
100 59 4263 59
100 54 3294 54
110 53 4787 53
110 51 3373 51
110 47 2756 47
110 49 3154 49
110 50 3186 50
110 51 3149 51
110 46 2938 46
110 55 4145 55
110 59 4758 59
110 54 3860 54
120 53 4874 53
120 51 3874 51
120 47 3067 47
120 49 3303 49
120 50 3462 50
120 51 3499 51
120 46 3266 46
120 55 4610 55
120 59 8048 59
120 54 5061 54
130 53 4690 53
130 51 4611 51
130 47 5192 47
130 51 3968 51
130 50 3805 50
130 51 3817 51
130 46 3466 46
130 55 5269 55
130 59 8620 59
130 54 5399 54
140 53 5339 53
140 51 4732 51
140 47 6456 47
140 51 4241 51
140 50 7164 50
140 51 6001 51
140 46 7658 46
140 55 10377 55
140 59 6292 59
140 54 4860 54
150 53 9503 53
150 51 5955 51
150 47 6314 47
150 51 4922 51
150 50 15155 50
150 51 10100 51
150 46 6212 46
150 55 6836 55
150 59 8828 59
150 54 5853 54
160 53 13189 53
160 51 7252 51
160 47 9281 47
160 51 8817 51
160 50 13540 50
160 51 9346 51
160 46 8563 46
160 55 6713 55
160 59 10351 59
160 54 5956 54
170 53 9176 53
170 51 10113 51
170 47 11328 47
170 51 6430 51
170 50 22547 50
170 51 8781 51
170 46 13285 46
170 55 7058 55
170 59 22514 59
170 54 32585 54
180 53 10598 53
180 51 5877 51
180 50 16456 50
180 51 30374 51
180 50 24825 50
180 51 14580 51
180 46 23714 46
180 55 13607 55
180 59 14177 59
180 54 59246 54
190 53 59390 53
190 51 40129 51
190 50 30180 50
190 51 81566 51
190 50 13334 50
190 51 26310 51
190 46 24185 46
190 55 32437 55
190 59 43219 59
190 54 99512 54
200 53 32268 53
200 51 81034 51
200 50 28435 50
200 51 171097 51
200 50 35586 50
200 51 32205 51
200 47 119586 47
200 55 48754 55
200 59 71699 59
200 54 292695 54
