20 57 1347 53
20 40 576 40
20 48 736 46
20 48 760 44
20 49 1063 48
20 49 865 49
20 48 801 46
20 47 722 45
20 45 773 43
20 45 534 43
20 42 452 40
20 42 581 40
20 41 555 41
20 54 878 54
20 45 592 43
20 50 774 50
20 47 649 47
20 44 554 44
20 45 538 45
20 47 651 45
20 30 319 30
20 43 553 41
20 46 655 46
20 46 570 46
20 42 551 42
40 57 2426 53
40 47 1404 47
40 48 1319 46
40 48 1738 46
40 49 1969 48
40 49 1513 49
40 48 1484 46
40 47 1306 45
40 52 1772 50
40 52 1741 52
40 43 1013 42
40 42 1079 40
40 45 1192 43
40 54 1872 54
40 52 1738 52
40 50 1577 50
40 47 1302 47
40 44 1095 44
40 45 1230 45
40 49 1411 49
40 42 1066 38
40 45 1319 45
40 46 1333 46
40 46 1123 46
40 50 1646 50
60 57 3393 53
60 47 2103 47
60 49 2085 47
60 48 2217 46
60 49 2851 48
60 49 2209 49
60 48 2202 46
60 47 2103 45
60 52 2734 50
60 52 2547 52
60 47 2568 44
60 50 2332 50
60 45 1857 43
60 54 2811 54
60 52 2745 52
60 50 2477 50
60 47 2004 47
60 45 2225 44
60 45 1648 45
60 49 2264 49
60 50 2501 50
60 45 1875 45
60 46 2074 46
60 46 1796 46
60 50 2400 50
80 57 4682 53
80 47 2705 47
80 49 2851 47
80 51 4035 49
80 52 3714 50
80 51 3051 51
80 48 3173 46
80 47 2876 45
80 59 5886 59
80 54 3872 54
80 49 3561 49
80 51 3406 51
80 45 2348 44
80 54 3876 54
80 52 3771 52
80 50 3398 50
80 47 2876 47
80 48 3123 48
80 46 2624 45
80 49 2950 49
80 50 3446 50
80 52 3908 52
80 46 2687 46
80 46 2536 46
80 50 3295 50
100 57 6837 53
100 51 4485 51
100 49 3742 47
100 51 4799 49
100 52 5020 50
100 51 4312 51
100 48 4104 46
100 55 7326 55
100 59 6693 59
100 54 5370 54
100 49 4496 49
100 51 4371 51
100 45 3059 44
100 55 5309 54
100 52 4963 52
100 50 4731 50
100 47 3560 47
100 49 4101 48
100 46 3214 45
100 56 5932 56
100 50 4550 50
100 52 4630 52
100 47 3681 47
100 49 4107 49
100 50 4281 50
120 57 8083 53
120 51 5322 51
120 49 18027 47
120 51 6475 49
120 52 5796 50
120 51 5409 51
120 48 10921 46
120 55 6994 55
120 59 8115 59
120 54 5923 54
120 49 4977 49
120 51 5399 51
120 45 5945 45
120 55 7081 54
120 52 5926 52
120 50 7012 50
120 47 6766 47
120 51 7962 48
120 49 5067 49
120 56 7167 56
120 50 6672 50
120 52 6059 52
120 47 5319 47
120 49 4885 49
120 50 5407 50
140 57 10134 53
140 51 7406 51
140 49 5651 47
140 53 103674 51
140 52 7264 50
140 51 6306 51
140 48 15735 46
140 55 8793 55
140 59 10527 59
140 54 7303 54
140 49 17796 49
140 51 23112 51
140 45 8396 45
140 55 7980 54
140 54 61311 52
140 50 14361 50
140 47 11723 47
140 51 9908 48
140 49 7108 49
140 56 35523 56
140 52 7754 52
140 52 7355 52
140 47 18617 47
140 51 6181 51
140 53 7452 51
160 57 12784 53
160 51 97308 51
160 49 6986 47
160 53 122103 51
160 52 9256 50
160 51 31408 51
160 48 29111 46
160 55 36581 55
160 59 11781 59
160 54 9131 54
160 51 66290 49
160 51 51625 51
160 45 25933 45
160 55 9644 54
160 54 89365 52
160 50 23501 50
160 47 25556 47
160 51 70169 48
160 49 30612 49
160 56 52184 56
160 52 74892 52
160 52 8121 52
160 47 22808 47
160 51 20752 51
160 53 9109 51
180 57 16438 53
180 NaN NaN NaN
180 50 9718 50
180 53 285863 51
180 52 71622 50
180 51 95652 51
180 48 70185 46
180 55 11498 55
180 59 14863 59
180 54 118847 54
180 51 219676 49
180 51 8401 51
180 46 48812 46
180 55 24872 54
180 54 216641 52
180 50 31351 50
180 47 93352 47
180 51 139724 48
180 49 107290 49
180 56 14404 56
180 52 196714 52
180 52 115283 52
180 47 29410 47
180 51 52845 51
180 53 11749 51
200 NaN NaN NaN
200 NaN NaN NaN
200 50 167690 50
200 NaN NaN NaN
200 52 122932 50
200 51 217719 51
200 49 242719 47
200 55 14048 55
200 NaN NaN NaN
200 NaN NaN NaN
200 NaN NaN NaN
200 51 9798 51
200 46 84107 46
200 NaN NaN NaN
200 NaN NaN NaN
200 50 56585 50
200 47 231531 47
200 NaN NaN NaN
200 49 122758 49
200 NaN NaN NaN
200 NaN NaN NaN
200 52 259196 52
200 47 77177 47
200 51 11125 51
200 53 230150 51
