10 232 104 232
10 188 102 190
10 204 102 204
10 255 101 259
10 201 101 203
10 216 102 216
10 223 102 225
10 211 104 211
10 232 202 232
10 190 100 190
10 204 102 204
10 259 101 259
10 204 100 203
10 218 101 216
10 226 101 225
10 213 101 211
10 184 100 184
10 276 101 276
10 262 100 262
10 207 100 205
10 200 100 200
10 245 101 245
10 245 101 245
10 206 101 205
10 192 100 190
10 253 100 253
10 245 100 245
10 219 101 219
10 165 101 165
10 238 100 238
10 266 101 266
10 226 100 226
10 191 101 191
20 475 301 473
20 419 101 415
20 482 202 482
20 418 100 414
20 517 201 515
20 419 202 417
20 468 101 464
20 476 201 471
20 392 100 392
20 502 201 502
20 479 201 478
20 407 101 402
20 411 100 409
20 446 201 444
20 513 101 510
20 425 101 424
20 435 100 431
20 473 101 472
20 482 202 480
20 479 201 477
20 346 102 344
20 426 101 425
20 442 201 441
20 476 102 476
20 407 100 407
30 721 403 719
30 662 201 650
30 688 202 687
30 617 302 611
30 703 302 699
30 642 201 640
30 612 302 608
30 654 201 645
30 678 101 676
30 742 200 738
30 679 202 677
30 631 201 626
30 600 202 595
30 706 202 697
30 742 303 739
30 627 201 616
30 687 100 683
30 674 301 667
30 698 202 689
30 746 200 743
30 523 102 521
30 609 202 606
30 667 202 664
30 727 201 724
30 681 203 680
40 943 402 939
40 898 201 885
40 899 403 895
40 839 302 831
40 941 201 934
40 865 302 860
40 895 303 888
40 809 302 799
40 922 201 914
40 1005 201 1001
40 939 303 932
40 877 201 870
40 811 201 804
40 911 201 898
40 956 504 952
40 845 201 830
40 910 302 903
40 888 302 879
40 946 303 930
40 975 402 969
40 693 202 688
40 806 201 800
40 880 203 874
40 967 200 959
40 886 202 875
50 1122 603 1113
50 1085 402 1066
50 1170 403 1163
50 1088 402 1074
50 1189 403 1176
50 1080 303 1067
50 1093 404 1079
50 1044 402 1029
50 1160 302 1142
50 1201 402 1189
50 1183 403 1167
50 1157 302 1133
50 1048 302 1019
50 1129 402 1108
50 1230 604 1219
50 1067 403 1040
50 1113 301 1099
50 1112 303 1097
50 1142 403 1118
50 1204 503 1189
50 928 302 920
50 1030 202 1022
50 1082 201 1072
50 1190 505 1172
50 1120 302 1098
60 1342 705 1325
60 1312 503 1288
60 1460 504 1446
60 1297 604 1282
60 1451 503 1432
60 1346 403 1311
60 1307 503 1291
60 1251 504 1233
60 1368 503 1341
60 1451 603 1434
60 1438 605 1410
60 1360 604 1336
60 1209 503 1184
60 1413 503 1382
60 1434 806 1414
60 1264 504 1231
60 1341 503 1319
60 1333 403 1313
60 1401 503 1369
60 1387 604 1362
60 1171 402 1160
60 1258 202 1246
60 1329 301 1315
60 1445 705 1423
60 1300 403 1273
70 1552 1006 1526
70 1556 705 1515
70 1703 805 1673
70 1560 807 1536
70 1679 806 1657
70 1607 906 1545
70 1502 705 1480
70 1494 604 1462
70 1644 1108 1605
70 1737 806 1709
70 1637 805 1603
70 1552 805 1518
70 1457 705 1423
70 1678 604 1634
70 1676 1107 1648
70 1470 1108 1421
70 1566 706 1525
70 1634 603 1608
70 1609 1007 1555
70 1668 705 1642
70 1412 604 1382
70 1458 403 1439
70 1545 705 1511
70 1700 805 1667
70 1495 706 1460
80 1789 1208 1757
80 1771 1007 1719
80 1935 1208 1899
80 1780 1007 1750
80 1894 1108 1856
80 1892 1108 1819
80 1715 1108 1656
80 1687 907 1650
80 1895 1411 1850
80 2007 1007 1958
80 1843 1209 1799
80 1832 1108 1785
80 1676 805 1637
80 1928 806 1866
80 1843 1410 1796
80 1715 1309 1645
80 1819 906 1769
80 1912 1007 1860
80 1879 1109 1812
80 1833 1208 1801
80 1604 907 1572
80 1690 705 1657
80 1763 1007 1711
80 1874 1007 1830
80 1724 1107 1678
90 2147 1410 2106
90 2085 1310 2018
90 2200 1813 2125
90 2042 1309 2001
90 2157 1410 2112
90 2134 1511 2045
90 1966 1511 1895
90 1972 1612 1898
90 2125 1611 2070
90 2262 1310 2193
90 2045 1510 1991
90 2048 1612 1978
90 1934 1007 1890
90 2245 1208 2137
90 2041 1712 1978
90 1929 2316 1850
90 2004 1511 1938
90 2201 1309 2137
90 2125 1410 2027
90 2111 1712 2073
90 1763 1310 1719
90 1961 906 1906
90 2021 1309 1947
90 2124 1511 2068
90 1991 1409 1935
100 2388 1913 2324
100 2303 1813 2221
100 2483 2116 2388
100 2194 2115 2138
100 2398 1814 2340
100 2320 1914 2211
100 2220 2116 2130
100 2191 2316 2129
100 2352 2317 2286
100 2506 2216 2423
100 2290 2821 2194
100 2210 2316 2136
100 2184 1511 2128
100 2453 1914 2333
100 2301 2114 2226
100 2178 2920 2080
100 2184 2015 2095
100 2409 1914 2325
100 2403 1612 2266
100 2326 2418 2282
100 2020 1711 1956
100 2213 1410 2131
100 2245 1914 2140
100 2413 2014 2323
100 2167 2216 2096
110 2637 3021 2556
110 2520 2316 2429
110 2752 2518 2646
110 2427 2317 2356
110 2658 2216 2587
110 2587 2620 2480
110 2475 2920 2367
110 2403 2821 2318
110 2586 3022 2507
110 2712 2819 2609
110 2582 3425 2444
110 2468 2719 2361
110 2418 1914 2351
110 2688 2417 2538
110 2601 2619 2499
110 2391 2921 2278
110 2421 2216 2316
110 2703 2417 2582
110 2586 2518 2462
110 2599 3022 2539
110 2234 2216 2150
110 2477 1813 2360
110 2482 2316 2363
110 2659 2921 2532
110 2397 2656 2311
120 2877 3729 2758
120 2754 3223 2626
120 2997 3123 2878
120 2665 2820 2581
120 2876 2922 2781
120 2817 3122 2682
120 2752 3425 2613
120 2609 3727 2491
120 2866 3826 2770
120 2995 3424 2864
120 2893 4230 2705
120 2758 3021 2613
120 2625 2720 2523
120 2922 3425 2747
120 2870 3524 2731
120 2683 3525 2542
120 2694 2819 2576
120 2999 3122 2852
120 2868 3224 2713
120 2864 4432 2779
120 2466 3222 2356
120 2743 2417 2604
120 2725 2820 2584
120 2928 3323 2780
120 2579 2920 2478
130 3135 4734 2983
130 2996 3524 2856
130 3295 4633 3097
130 2924 3727 2813
130 3135 4130 3012
130 3055 3828 2903
130 3042 4131 2854
130 2898 4432 2763
130 3106 4734 2975
130 3247 4532 3095
130 3171 5036 2971
130 2990 3526 2844
130 2871 4531 2728
130 3139 4231 2978
130 3191 4431 3023
130 2911 4332 2745
130 2959 3424 2807
130 3218 4532 3048
130 3179 4532 2935
130 3008 5238 2910
130 2782 4029 2630
130 3015 3424 2837
130 3004 3726 2829
130 3198 4130 3002
130 2941 3424 2828
140 3380 6345 3202
140 3206 4332 3027
140 3508 6043 3269
140 3209 5339 3049
140 3385 5742 3209
140 3356 4734 3169
140 3291 5641 3082
140 3114 5438 2952
140 3347 5439 3188
140 3485 5841 3271
140 3399 6043 3152
140 3233 5036 3031
140 3129 5539 2954
140 3396 5540 3226
140 3465 5539 3278
140 3142 4940 2945
140 3243 4028 3058
140 3522 6445 3292
140 3329 5943 3099
140 3271 6446 3132
140 3099 4936 2924
140 3336 4029 3140
140 3303 5439 3061
140 3426 5137 3217
140 3172 4632 3022
150 3594 7454 3378
150 3462 5137 3253
150 3725 7189 3473
150 3469 6473 3254
150 3598 6950 3399
150 3584 6344 3362
150 3539 6547 3287
150 3347 7253 3141
150 3574 7252 3380
150 3748 7953 3452
150 3655 7653 3344
150 3491 6447 3262
150 3374 6446 3169
150 3663 6747 3465
150 3766 7756 3492
150 3388 6245 3150
150 3481 5237 3265
150 3728 7856 3472
150 3665 7352 3328
150 3495 7756 3312
150 3394 6043 3173
150 3570 5338 3334
150 3498 7450 3206
150 3682 6648 3413
150 3419 5741 3244
160 3852 9166 3621
160 3738 5742 3488
160 4012 8560 3701
160 3727 8460 3475
160 3835 7755 3586
160 3927 8259 3634
160 3807 7857 3514
160 3588 11282 3310
160 3870 8259 3647
160 3996 9870 3659
160 3942 9065 3588
160 3723 7856 3463
160 3588 8360 3337
160 3937 12792 3666
160 4035 9366 3724
160 3646 7756 3389
160 3723 6243 3465
160 4031 11382 3711
160 3931 8458 3556
160 3735 8562 3531
160 3691 7052 3407
160 3825 7455 3545
160 3736 9568 3416
160 3905 8258 3608
160 3691 7252 3460
170 4086 11984 3829
170 4014 7554 3718
170 4178 10577 3829
170 4041 9367 3757
170 4063 10072 3766
170 4214 11181 3827
170 4027 9568 3689
170 3903 14202 3545
170 4139 9869 3871
170 4203 11382 3821
170 4242 11684 3793
170 3912 9268 3632
170 3868 9870 3579
170 4208 13599 3868
170 4315 10877 3932
170 3879 9468 3578
170 3980 8360 3631
170 4416 13396 3995
170 4151 11381 3749
170 4053 10374 3760
170 3983 7856 3662
170 4148 10073 3789
170 3976 12271 3646
170 4168 10475 3793
170 3961 8562 3694
180 4387 17727 4007
180 4299 8964 3949
180 4500 12894 4110
180 4332 11282 3979
180 4343 11684 4011
180 4448 13194 4021
180 4349 10577 3953
180 4163 16016 3759
180 4385 13096 4066
180 4448 14704 3978
180 4452 13900 3995
180 4176 11282 3843
180 4119 11180 3794
180 4476 14606 4069
180 4633 13397 4179
180 4088 10979 3768
180 4233 10073 3798
180 4698 15848 4224
180 4394 14704 3939
180 4294 12893 3932
180 4294 11484 3904
180 4421 11584 4013
180 4354 14404 3930
180 4373 13095 3961
180 4260 10577 3933
190 4671 21554 4233
190 4552 11684 4129
190 4763 16015 4290
190 4674 16218 4213
190 4649 14808 4242
190 4725 17224 4230
190 4609 12892 4169
190 4450 20348 3936
190 4653 15813 4294
190 4719 17827 4191
190 4741 15914 4234
190 4474 14705 4051
190 4465 12994 4063
190 4777 19540 4301
190 4928 15713 4399
190 4334 12465 3986
190 4493 13294 3996
190 5017 20146 4445
190 4726 18836 4153
190 4485 16014 4109
190 4565 13295 4116
190 4765 14807 4277
190 4548 17727 4070
190 4674 15815 4195
190 4505 14605 4112
200 4872 25685 4388
200 4807 15512 4319
200 5091 19037 4516
200 4992 19541 4454
200 4862 18633 4367
200 4956 20749 4428
200 4888 15916 4427
200 4742 23368 4152
200 4900 18031 4462
200 5019 20447 4410
200 5002 22265 4423
200 4731 18028 4264
200 4736 15613 4270
200 5094 20950 4526
200 5130 18735 4564
200 4643 15310 4224
200 4777 15713 4234
200 5305 23066 4691
200 5085 25182 4399
200 4721 18937 4301
200 4878 17832 4338
200 5006 17024 4464
200 4875 20044 4313
200 4978 19615 4419
200 4746 18734 4266
