10 174 3538 175 
10 177 5133 178 
10 167 2891 168 
10 150 3103 151 
10 154 4320 153 
10 182 5176 183 
10 137 1790 128 
10 162 3103 163 
10 164 2720 165 
10 194 4567 195 
10 149 2791 150 
10 155 2602 156 
10 178 5219 179 
10 156 2305 157 
10 176 4315 177 
10 175 5025 176 
10 142 2427 143 
10 132 1986 129 
10 143 2202 144 
10 142 2637 143 
10 163 3456 164 
10 165 3917 160 
10 166 2890 167 
10 151 2635 152 
10 172 3602 173 
20 174 7652 175 
20 177 9575 178 
20 167 5590 168 
20 162 9331 163 
20 154 7475 153 
20 182 7859 183 
20 168 6651 169 
20 174 8074 175 
20 167 5921 168 
20 194 8651 195 
20 165 6161 166 
20 172 7884 173 
20 178 9785 179 
20 168 5040 169 
20 176 9035 177 
20 175 8255 176 
20 185 7149 186 
20 168 6676 169 
20 170 8145 171 
20 175 8164 176 
20 167 5626 168 
20 167 8379 163 
20 166 5876 167 
20 179 7864 180 
20 172 6598 173 
30 174 12052 175 
30 177 13841 178 
30 167 9005 168 
30 186 17922 185 
30 165 12676 166 
30 182 12653 183 
30 168 12815 169 
30 174 12312 175 
30 167 12652 168 
30 194 14016 195 
30 167 10126 168 
30 172 13205 173 
30 178 14393 179 
30 173 9580 174 
30 176 15275 177 
30 175 15190 176 
30 185 11526 186 
30 168 10546 169 
30 170 13291 171 
30 175 13436 176 
30 167 8857 168 
30 181 15399 182 
30 166 9511 167 
30 179 13795 180 
30 172 10751 173 
40 174 16450 175 
40 178 21437 179 
40 167 14924 168 
40 186 22440 185 
40 175 18917 176 
40 189 24878 190 
40 168 22179 169 
40 174 17375 175 
40 167 18815 168 
40 194 20690 195 
40 181 17749 182 
40 172 16917 173 
40 178 21454 179 
40 173 16593 174 
40 176 21478 177 
40 175 20888 176 
40 185 19036 186 
40 168 15817 169 
40 177 21807 178 
40 175 20170 176 
40 172 18840 171 
40 181 21164 182 
40 166 13885 167 
40 179 18903 180 
40 172 16153 173 
50 174 23799 175 
50 178 25420 179 
50 167 20529 168 
50 190 28705 191 
50 175 24692 176 
50 189 30449 190 
50 168 26515 169 
50 174 22861 175 
50 167 21796 168 
50 194 33877 195 
50 181 21946 182 
50 172 21853 173 
50 178 26290 179 
50 178 23368 174 
50 176 26802 177 
50 180 31689 181 
50 185 24666 186 
50 168 18958 169 
50 177 26433 178 
50 175 25002 176 
50 172 26103 171 
50 181 29536 182 
50 177 22254 176 
50 179 23888 180 
50 172 22637 173 
60 174 30799 175 
60 178 32323 179 
60 167 33099 168 
60 190 44423 191 
60 175 32070 176 
60 189 38630 190 
60 173 35495 174 
60 174 25869 175 
60 167 28102 168 
60 194 44177 195 
60 181 30317 182 
60 172 26765 173 
60 178 32482 179 
60 178 32696 174 
60 179 32669 180 
60 196 44025 195 
60 185 35052 186 
60 177 26070 178 
60 177 32035 178 
60 175 32351 176 
60 183 36013 184 
60 181 37817 182 
60 177 30458 176 
60 212 50453 213 
60 172 31327 173 
70 198 44337 199 
70 178 44315 179 
70 167 48006 168 
70 202 60009 203 
70 176 43652 176 
70 189 42344 190 
70 174 43420 175 
70 174 32367 175 
70 176 32566 177 
70 194 48610 195 
70 181 32749 182 
70 172 30990 173 
70 178 44232 179 
70 179 40057 174 
70 179 38730 180 
70 196 52244 195 
70 185 37152 186 
70 177 29179 178 
70 177 52047 178 
70 175 37974 176 
70 183 105828 184 
70 181 43682 182 
70 177 35825 176 
70 212 57705 213 
70 172 32597 173 
80 198 53082 199 
80 194 86604 195 
80 173 44046 174 
80 202 75044 203 
80 176 64983 176 
80 189 60449 190 
80 175 51630 176 
80 174 68136 175 
80 190 50570 191 
80 194 252140 195 
80 185 43819 186 
80 175 41924 176 
80 196 64089 197 
80 185 50393 183 
80 179 46683 180 
80 196 88788 195 
80 185 55407 186 
80 177 48137 178 
80 177 63983 178 
80 175 58934 176 
80 183 52908 184 
80 181 77747 182 
80 189 48802 190 
80 212 65512 213 
80 172 46045 173 
90 198 82781 199 
90 194 78948 195 
90 173 99973 174 
90 202 85014 203 
90 176 59533 176 
90 189 78926 190 
90 183 109554 184 
90 174 103342 175 
90 190 67736 191 
90 194 107740 195 
90 185 51575 186 
90 182 79061 183 
90 196 80430 197 
90 185 69557 183 
90 193 73430 194 
90 196 79776 195 
90 185 65635 186 
90 188 48012 187 
90 177 100324 178 
90 175 75418 176 
90 183 152703 184 
90 181 61956 182 
90 189 63731 190 
90 212 76024 213 
90 172 54485 173 
100 198 100265 199 
100 194 104395 195 
100 173 132466 174 
100 202 122961 203 
100 176 102775 176 
100 189 95878 190 
100 183 279994 184 
100 174 133507 175 
100 190 100179 191 
100 194 121481 195 
100 185 60751 186 
100 182 72649 183 
100 196 85548 197 
100 185 96480 183 
100 193 81255 194 
100 196 106827 195 
100 185 71747 186 
100 188 141190 187 
100 177 70259 178 
100 175 93943 176 
100 183 201550 184 
100 181 154020 182 
100 189 166711 190 
100 212 86780 213 
100 172 65642 173 
110 198 212121 199 
110 194 246936 195 
110 173 312138 174 
110 202 110777 203 
110 198 94194 199 
110 189 106069 190 
110 183 225761 184 
110 174 119463 175 
110 190 274176 191 
110 194 158542 195 
110 185 90216 186 
110 182 127673 183 
110 196 118105 197 
110 185 148101 183 
110 193 76226 194 
110 196 138246 195 
110 185 77747 186 
110 188 107997 187 
110 177 114307 178 
110 175 185454 176 
110 183 234523 184 
110 181 171468 182 
110 189 263058 190 
110 212 98151 213 
110 172 152811 173 
120 198 366017 199 
120 194 214803 195 
120 173 395221 174 
120 202 279274 203 
120 198 137235 199 
120 189 211553 190 
120 205 166233 204 

