10 174 5191 175 
10 177 5062 178 
10 167 3690 168 
10 150 4261 151 
10 152 3276 153 
10 182 5627 183 
10 127 1375 128 
10 162 2877 163 
10 164 3160 165 
10 194 7128 195 
10 149 2887 150 
10 155 3314 156 
10 178 5705 179 
10 156 2612 157 
10 176 3760 177 
10 175 6059 176 
10 142 2174 143 
10 128 1735 129 
10 143 2641 144 
10 142 2662 143 
10 163 3903 164 
10 159 3267 160 
10 166 3497 167 
10 151 2787 152 
10 172 4210 173 
20 174 8356 175 
20 177 8734 178 
20 167 7016 168 
20 162 9254 163 
20 152 6473 153 
20 182 9841 183 
20 168 8771 169 
20 174 8655 175 
20 167 7304 168 
20 194 11596 195 
20 165 6430 166 
20 172 9100 173 
20 178 8382 179 
20 168 7202 169 
20 176 7965 177 
20 175 9823 176 
20 185 8858 186 
20 168 8389 169 
20 170 7285 171 
20 175 8796 176 
20 167 7005 168 
20 162 6162 163 
20 166 6604 167 
20 179 8696 180 
20 172 7280 173 
30 174 12938 175 
30 177 14910 178 
30 167 11000 168 
30 184 16932 185 
30 165 12017 166 
30 182 14346 183 
30 168 14137 169 
30 174 13160 175 
30 167 11328 168 
30 194 18477 195 
30 168 9929 168 
30 172 14142 173 
30 178 15553 179 
30 173 9972 174 
30 176 13855 177 
30 175 14228 176 
30 185 13400 186 
30 168 12998 169 
30 170 11003 171 
30 175 13123 176 
30 167 10026 168 
30 181 14898 182 
30 166 9061 167 
30 179 13237 180 
30 172 12468 173 
40 174 17875 175 
40 178 20096 179 
40 167 16289 168 
40 184 22492 185 
40 175 19102 176 
40 189 26860 190 
40 NaN NaN 169 
40 174 18909 175 
40 168 17004 168 
40 194 23573 195 
40 181 22185 182 
40 172 16094 173 
40 178 32748 179 
40 173 18656 174 
40 176 18913 177 
40 175 19207 176 
40 185 20856 186 
40 168 14316 169 
40 177 20235 178 
40 175 17044 176 
40 170 16317 171 
40 181 17337 182 
40 166 14813 167 
40 179 15159 180 
40 172 18451 173 
50 174 23508 175 
50 178 23385 179 
50 170 88546 168 
50 190 34064 191 
50 175 24897 176 
50 189 33167 190 
50 NaN NaN 169 
50 174 21659 175 
50 168 20736 168 
50 195 31251 195 
50 181 27586 182 
50 172 21457 173 
50 178 41618 179 
50 173 21665 174 
50 176 25976 177 
50 180 25628 181 
50 185 26024 186 
50 168 18862 169 
50 177 25355 178 
50 175 23113 176 
50 170 18945 171 
50 181 25072 182 
50 175 21362 176 
50 179 19289 180 
50 NaN NaN 173 
60 174 28755 175 
60 178 30881 179 
60 170 90232 168 
60 190 44301 191 
60 175 31635 176 
60 189 57521 190 
60 NaN NaN 174 
60 174 24446 175 
60 168 27737 168 
60 195 46111 195 
60 181 32007 182 
60 172 24954 173 
60 178 50625 179 
60 173 31081 174 
60 179 33289 180 
60 194 40497 195 
60 185 60105 186 
60 177 28309 178 
60 177 87779 178 
60 175 43289 176 
60 183 31305 184 
60 181 181082 182 
60 175 28266 176 
60 212 50231 213 
60 NaN NaN 173 
70 198 52159 199 
70 178 37622 179 
70 NaN NaN 168 
70 202 62640 203 
70 176 34724 176 
70 189 44123 190 
70 NaN NaN 175 
70 174 29291 175 
70 176 69367 177 
70 195 58791 195 
70 181 36841 182 
70 172 28105 173 
70 178 82654 179 
70 173 55771 174 
70 179 61988 180 
70 194 48273 195 
70 185 265802 186 
70 177 34465 178 
70 NaN NaN 178 
70 175 70715 176 
70 183 36084 184 
70 181 280743 182 
70 175 31477 176 
70 212 63304 213 
70 NaN NaN 173 
80 198 61187 199 
80 194 66447 195 
80 174 99783 174 
80 202 89728 203 
80 176 97981 176 
80 189 50568 190 
80 NaN NaN 176 
80 174 42176 175 
80 190 54740 191 
80 195 69000 195 
80 185 45838 186 
80 175 40689 176 
80 196 66543 197 
80 182 75954 183 
80 179 166485 180 
80 194 118197 195 
80 NaN NaN 186 
80 NaN NaN 178 
80 NaN NaN 178 
80 175 71897 176 
80 183 41754 184 
80 181 249041 182 
80 NaN NaN 190 
80 212 96254 213 
80 NaN NaN 173 
90 198 65097 199 
90 194 67576 195 
90 174 103900 174 
90 202 119832 203 
90 176 49301 176 
90 189 135068 190 
90 NaN NaN 184 
90 174 45245 175 
90 190 124656 191 
90 195 72193 195 
90 185 109805 186 
90 NaN NaN 183 
90 196 77918 197 
90 182 86620 183 
90 NaN NaN 194 
90 194 131424 195 
90 NaN NaN 186 
90 186 106527 187 
90 NaN NaN 178 
90 NaN NaN 176 
90 183 50945 184 
90 NaN NaN 182 
90 NaN NaN 190 
90 212 111330 213 
90 NaN NaN 173 
100 198 88924 199 
100 NaN NaN 195 
100 174 119103 174 
100 NaN NaN 203
100 NaN NaN 176 
100 NaN NaN 190 
100 NaN NaN 184 
100 174 92916 175 
100 NaN NaN 191 
100 195 103902 195 
100 NaN NaN 186 
100 182 120518 183 
100 196 106868 197 
100 182 101194 183 
100 NaN NaN 194 
100 NaN NaN 195 
100 NaN NaN 186 
100 NaN NaN 187 
100 NaN NaN 178 
100 175 104385 176 
100 183 58302 184 
100 NaN NaN 182 
100 NaN NaN 190 
100 NaN NaN 213
100 NaN NaN 173 
110 NaN NaN 199 
110 NaN NaN 195 
110 NaN NaN 174 
110 NaN NaN 203
