20 96 2239 86
20 96 2190 89
20 105 3759 67
20 92 1648 77
20 87 1548 78
20 93 2030 89
20 102 1734 102
20 94 3463 78
20 103 13756 92
20 84 1659 81
20 92 2123 84
20 119 3155 98
20 98 3511 74
20 94 2134 88
20 106 2104 90
20 88 1979 72
20 104 2114 95
20 87 1402 76
20 97 2209 93
20 101 2381 101
20 87 1725 82
20 93 1854 93
20 94 2201 94
20 93 1766 77
20 80 1601 78
40 105 5491 86
40 102 5250 89
40 110 7539 82
40 114 6580 82
40 91 3903 90
40 97 3731 89
40 102 4451 102
40 113 6238 78
40 106 10862 92
40 87 3712 81
40 95 7481 88
40 122 6540 102
40 104 5533 88
40 105 5287 105
40 116 6608 90
40 102 4760 93
40 104 4523 95
40 104 4468 104
40 100 4749 94
40 102 4874 101
40 87 4092 82
40 105 4251 93
40 98 10265 94
40 99 4905 97
40 97 4121 95
60 105 8413 86
60 106 18785 89
60 113 11556 82
60 108 12411 91
60 91 5109 90
60 103 9832 101
60 111 9365 102
60 114 9974 82
60 110 44492 92
60 100 6740 93
60 98 7092 96
60 122 9664 102
60 102 8624 101
60 105 7911 105
60 123 10988 92
60 115 8783 93
60 108 7840 95
60 110 9084 104
60 108 7517 94
60 107 9223 101
60 101 7371 82
60 113 6986 93
60 107 72697 94
60 102 6234 97
60 98 7280 95
80 120 15866 115
80 109 40997 89
80 113 15226 82
80 122 100192 112
80 98 9823 96
80 103 14295 101
80 118 12290 102
80 113 10572 83
80 116 16135 113
80 101 10520 93
80 99 9570 96
80 122 13095 102
80 107 13022 101
80 115 12271 105
80 123 13963 92
80 116 11952 93
80 109 10721 95
80 110 12750 104
80 108 10832 94
80 111 12066 101
80 101 11494 96
80 112 13121 107
80 111 109543 94
80 102 11411 97
80 102 12184 95
100 120 68133 115
100 123 91677 90
100 113 21243 82
100 122 95056 112
100 98 13200 96
100 106 306471 101
100 118 227027 102
100 113 15060 83
100 116 308324 113
100 101 13881 93
100 99 12399 96
100 122 19551 102
100 113 14010 101
100 115 19210 105
100 123 15395 92
100 115 309349 101
100 109 15005 95
100 110 15653 104
100 108 14652 94
100 111 17621 101
100 107 15488 101
100 112 17870 107
100 111 109742 94
100 103 106198 97
100 102 14979 95
120 120 148800 115
120 124 28137 110
120 119 42628 95
120 122 25905 112
120 105 23483 96
120 111 306455 108
120 118 239552 102
120 115 15756 83
120 116 303396 113
120 101 18762 93
120 99 15145 96
120 124 25500 102
120 113 20084 101
120 115 19586 105
120 123 21448 92
120 116 214028 101
120 109 18276 95
120 110 186557 104
120 106 89837 97
120 112 21684 101
120 107 20886 101
120 112 20972 107
120 111 201656 94
120 103 132119 97
120 102 21057 95
140 120 312484 115
140 125 38275 110
140 119 44524 95
140 122 31648 112
140 105 46680 96
140 111 312175 108
140 118 306137 102
140 110 303937 97
140 122 313557 113
140 101 23333 93
140 102 19528 96
140 125 279251 102
140 113 307806 101
140 115 25894 105
140 124 26173 92
140 119 220276 101
140 111 24546 95
140 110 305273 104
140 118 29774 109
140 112 306167 101
140 107 26242 101
140 112 24812 107
140 112 310048 94
140 103 139962 97
140 102 24385 95
160 122 315155 115
160 125 45046 110
160 124 66319 95
160 122 36412 112
160 105 51142 96
160 111 245223 108
160 118 30271 102
160 110 266203 97
160 122 314470 113
160 101 27022 93
160 111 37032 96
160 129 312343 102
160 113 31099 101
160 115 57458 105
160 124 27977 92
160 118 313450 101
160 119 37221 95
160 112 309093 104
160 118 46959 109
160 112 311244 101
160 107 29874 101
160 112 29102 107
160 112 311427 94
160 110 318541 109
160 104 112755 95
180 129 315322 115
180 125 52723 110
180 125 316906 106
180 122 314348 112
180 117 34047 96
180 111 313197 108
180 118 32965 102
180 110 299733 97
180 122 315592 113
180 107 39305 93
180 115 34198 96
180 131 311975 102
180 113 319347 107
180 118 47304 106
180 125 32358 92
180 118 314701 101
180 122 322637 103
180 112 308860 104
180 125 254848 109
180 112 311167 101
180 107 32952 101
180 112 34257 107
180 121 308237 97
180 110 317323 109
180 107 32857 95
200 133 319679 115
200 125 60479 110
200 125 164640 106
200 122 312492 112
200 117 42922 96
200 111 318289 108
200 122 321911 109
200 122 310776 97
200 122 323557 113
200 107 39037 93
200 119 310794 96
200 131 312739 102
200 118 317099 107
200 118 43986 106
200 125 35861 92
200 118 317404 101
200 122 324451 103
200 112 308490 104
200 125 312166 109
200 112 314559 101
200 107 41783 101
200 112 39192 107
200 133 54225 97
200 111 316890 109
200 108 47944 102
