100 237 14167 209
100 234 14190 209
100 235 12669 210
100 220 12542 182
100 235 11828 207
100 234 12645 209
100 222 12335 195
100 208 11083 174
100 262 14396 203
100 224 12060 192
100 242 13974 212
100 218 13092 184
100 238 13258 214
100 229 13552 210
100 227 13043 195
100 213 11676 191
100 242 12624 203
100 219 11859 190
100 246 15098 219
100 228 14078 202
100 232 13630 201
100 228 12857 195
100 235 12883 209
100 241 13898 222
100 231 12766 201
200 242 28855 209
200 242 27625 216
200 238 24752 210
200 222 23305 187
200 237 24405 207
200 236 27268 209
200 234 26383 201
200 235 25068 194
200 269 30256 203
200 225 22981 192
200 247 28899 212
200 240 28801 208
200 252 30172 221
200 232 25471 210
200 231 25273 195
200 243 27592 219
200 242 26191 203
200 244 28129 190
200 248 29542 219
200 248 28897 227
200 236 25489 201
200 237 25275 211
200 241 25275 209
200 256 35357 235
200 234 25547 201
300 250 44045 217
300 250 46932 216
300 240 43199 210
300 222 37641 187
300 241 44164 207
300 270 51856 209
300 236 45267 201
300 242 42883 194
300 278 50646 223
300 226 34907 192
300 248 44681 212
300 240 42401 208
300 256 46859 221
300 248 45712 230
300 241 40285 205
300 244 45808 219
300 246 46555 203
300 258 44172 190
300 249 45099 219
300 252 46351 227
300 237 42313 201
300 241 42339 211
300 242 39697 209
300 264 44600 235
300 245 42344 201
400 249 62071 220
400 253 62976 216
400 241 57929 210
400 239 58066 213
400 243 54860 207
400 270 69440 209
400 238 62317 201
400 247 58933 194
400 277 67397 223
400 239 56743 211
400 248 61794 212
400 247 62717 209
400 256 65668 221
400 249 63397 230
400 245 59390 205
400 256 65016 219
400 246 59344 211
400 262 67923 231
400 266 66368 219
400 253 64335 227
400 239 57023 201
400 241 58960 211
400 251 59748 223
400 266 64378 235
400 250 58027 202
500 252 83442 220
500 257 81818 216
500 253 75382 211
500 261 82399 230
500 244 72141 207
500 274 89502 209
500 243 80437 201
500 247 76470 194
500 299 91931 224
500 245 75127 211
500 259 82431 212
500 249 81857 209
500 255 82142 221
500 257 82849 230
500 254 77210 205
500 257 83653 219
500 250 75701 211
500 262 85862 231
500 264 89074 221
500 255 84160 227
500 254 85190 225
500 244 78122 211
500 252 77102 223
500 270 89676 235
500 250 74646 202
600 252 102590 220
600 265 100434 216
600 275 104648 221
600 264 106950 230
600 271 106960 207
600 284 114465 209
600 243 97709 201
600 249 88708 194
600 300 112594 224
600 267 97645 211
600 275 111984 224
600 252 103315 209
600 261 105002 221
600 257 100259 230
600 278 108405 238
600 260 101164 219
600 261 98295 214
600 284 111413 231
600 271 112322 221
600 259 107996 227
600 268 114898 231
600 250 99306 211
600 254 100893 223
600 270 114329 235
600 273 99051 215
700 253 118793 220
700 271 125694 216
700 276 137177 221
700 276 136817 230
700 298 139836 235
700 298 137183 209
700 252 112856 204
700 256 107505 194
700 301 142601 224
700 296 137037 211
700 275 140293 224
700 277 145953 209
700 262 132047 221
700 262 134759 230
700 294 150000 238
700 269 139070 223
700 266 129320 214
700 292 145111 231
700 277 130895 221
700 262 136912 227
700 287 153315 231
700 270 130694 215
700 265 130303 223
700 287 152970 235
700 279 128738 215
800 272 152635 220
800 279 151837 220
800 309 193280 221
800 276 160599 230
800 298 171394 235
800 322 166335 209
800 313 163813 205
800 299 151694 206
800 311 176451 224
800 297 163125 211
800 279 175112 224
800 277 153701 209
800 269 155931 221
800 288 170437 230
800 294 175140 238
800 271 158173 223
800 296 154083 214
800 293 180209 231
800 288 165296 221
800 279 169481 227
800 293 174911 231
800 273 152635 215
800 315 155576 223
800 287 163893 235
800 298 152728 215
900 291 170708 220
900 300 176098 220
900 315 211092 221
900 288 193811 230
900 298 192078 235
900 325 189246 217
900 313 182740 205
900 316 180612 206
900 325 193835 224
900 298 180108 211
900 280 206115 224
900 280 179148 209
900 269 168221 221
900 311 193662 230
900 312 195804 238
900 271 173718 223
900 304 169129 214
900 297 187371 231
900 289 180112 221
900 279 183880 227
900 294 195130 231
900 296 184836 215
900 316 179142 223
900 288 189180 235
900 299 181370 215
1000 291 203457 220
1000 300 206613 220
1000 297 223433 227
1000 330 251594 232
1000 298 225788 235
1000 325 217070 217
1000 313 213922 205
1000 316 210125 206
1000 325 219082 224
1000 295 210069 219
1000 280 228349 224
1000 284 205025 209
1000 271 194459 221
1000 311 224065 230
1000 313 232095 238
1000 298 202827 223
1000 305 196089 214
1000 297 213079 231
1000 289 215191 221
1000 314 219181 227
1000 314 224663 231
1000 302 213240 215
1000 316 204949 223
1000 288 217025 235
1000 305 217241 215
1100 293 234661 223
1100 300 231844 220
1100 308 257271 227
1100 333 306051 232
1100 303 291835 235
1100 335 281049 217
1100 313 259569 205
1100 316 269520 206
1100 326 270842 224
1100 297 261432 229
1100 280 289297 224
1100 292 254896 214
1100 294 236289 221
1100 311 255902 230
1100 313 268119 238
1100 302 222622 223
1100 308 217815 214
1100 297 239240 231
1100 290 237665 221
1100 314 250390 227
1100 314 268807 231
1100 302 247178 215
1100 316 269728 223
1100 288 248230 235
1100 305 239759 215
1200 293 264411 223
1200 301 255889 220
1200 309 298387 227
1200 333 324684 232
1200 307 319801 235
1200 335 314629 217
1200 318 362468 205
1200 316 279216 208
1200 326 321073 224
1200 299 305731 229
1200 280 337990 224
1200 293 268009 214
1200 306 267974 221
1200 311 298823 230
1200 313 305305 238
1200 302 247029 223
1200 304 280995 233
1200 299 267856 231
1200 299 272767 221
1200 314 299708 227
