20 395 3742 395
20 329 3349 328
20 370 4006 370
20 341 5318 341
20 325 3645 325
20 319 3855 319
20 394 2938 392
20 326 2947 326
20 330 3043 330
20 326 3118 324
20 347 5236 343
20 433 2273 433
20 271 2445 271
20 293 2329 293
20 365 5010 365
20 336 3303 336
20 349 7160 349
20 346 5806 346
20 362 3848 362
20 344 2224 344
20 372 3378 370
20 320 1967 320
20 315 2281 313
20 347 2890 347
20 320 4628 320
40 395 4819 395
40 359 9855 359
40 371 6458 370
40 341 10583 341
40 325 6760 325
40 326 5942 325
40 394 14666 392
40 351 4231 351
40 330 3353 330
40 326 7394 324
40 382 10208 382
40 433 7666 433
40 384 6590 382
40 354 7481 352
40 365 5912 365
40 362 5272 362
40 349 9436 349
40 380 7502 380
40 362 8013 362
40 349 12844 347
40 372 6843 370
40 320 10258 320
40 359 6780 359
40 347 5905 347
40 351 6236 351
60 395 7970 395
60 359 12678 359
60 371 9773 370
60 341 13274 341
60 357 11454 357
60 337 9894 335
60 394 24675 392
60 366 8825 366
60 359 4354 359
60 326 10554 324
60 382 12724 382
60 433 10820 433
60 384 15681 382
60 354 11210 352
60 365 11662 365
60 362 12607 362
60 349 18214 349
60 382 16395 380
60 362 11800 362
60 349 16592 347
60 380 14839 378
60 323 13823 323
60 359 11572 359
60 347 12404 347
60 351 7075 351
80 395 13117 395
80 383 25337 383
80 371 14905 370
80 362 21217 362
80 357 19191 357
80 353 19891 353
80 394 28598 392
80 366 14983 366
80 359 8689 359
80 343 21089 339
80 388 19701 388
80 433 10775 433
80 384 20175 382
80 354 18336 352
80 365 13432 365
80 368 16380 368
80 410 23809 410
80 382 19628 380
80 365 18211 363
80 349 24480 347
80 380 17402 378
80 378 39037 376
80 359 17334 359
80 347 22910 347
80 373 14850 372
100 395 27128 395
100 383 46622 383
100 379 45829 379
100 369 37337 367
100 357 27242 357
100 353 23720 353
100 394 34048 392
100 368 25701 366
100 359 20461 359
100 343 30512 339
100 388 23314 388
100 433 34453 433
100 417 32093 417
100 375 22255 373
100 377 27129 377
100 368 24673 368
100 410 28721 410
100 382 34069 380
100 365 28422 363
100 349 38528 347
100 380 21788 378
100 378 44151 376
100 359 23284 359
100 347 30243 347
100 373 20626 372
120 397 36419 395
120 383 53941 383
120 379 52107 379
120 369 49335 367
120 363 45501 361
120 353 32691 353
120 394 60758 392
120 368 28846 366
120 359 26544 359
120 343 34980 339
120 397 37172 395
120 433 45173 433
120 417 51489 417
120 375 34404 373
120 377 37372 377
120 395 36330 395
120 410 63960 410
120 422 52344 422
120 365 35462 363
120 349 40113 347
120 380 39002 378
120 378 76469 376
120 374 31898 371
120 362 37495 360
120 405 34440 403
140 405 53118 401
140 383 70610 383
140 379 63502 379
140 369 64523 367
140 363 62881 361
140 375 57060 371
140 394 77938 392
140 372 40932 370
140 359 30985 359
140 343 46635 339
140 395 55292 395
140 433 55808 433
140 417 102993 417
140 375 52817 373
140 400 72464 400
140 416 62911 416
140 412 81729 410
140 422 63598 422
140 365 47507 363
140 368 56281 368
140 380 46223 378
140 378 87774 376
140 377 49498 371
140 360 51326 360
140 405 56983 403
160 405 75904 401
160 383 93307 383
160 380 92387 379
160 371 66058 367
160 385 70061 383
160 375 68346 371
160 394 94960 392
160 372 54461 370
160 359 33843 359
160 343 49504 339
160 395 77133 395
160 433 63597 433
160 417 132800 417
160 375 80361 373
160 400 79589 400
160 416 64736 416
160 410 92283 410
160 422 83412 422
160 365 54970 363
160 368 75223 368
160 380 62774 378
160 379 94439 376
160 377 75450 371
160 360 69860 360
160 405 61570 403
180 405 98071 401
180 383 91578 383
180 392 99197 392
180 369 92877 367
180 385 84739 383
180 375 105577 371
180 394 114003 392
180 372 73862 370
180 359 41061 359
180 349 66099 339
180 395 101083 395
180 433 89902 433
180 417 151947 417
180 383 166311 376
180 400 122897 400
180 416 82593 416
180 412 94364 410
180 422 98898 422
180 365 80352 363
180 368 93565 368
180 393 76625 392
180 378 129652 376
180 377 105700 371
180 360 82755 360
180 405 94153 403
200 405 165051 401
200 385 133497 383
200 392 151507 392
200 370 101578 367
200 385 122318 383
200 375 127236 371
200 394 143098 392
200 374 112739 370
200 359 72105 359
200 408 74738 408
200 397 124150 395
200 433 101835 433
200 417 178519 417
200 383 126353 376
200 400 130891 400
200 416 100189 416
200 410 115311 410
200 422 135954 422
200 365 126144 363
200 368 162185 368
200 393 94885 392
200 378 143738 376
200 378 122166 371
200 360 98817 360
200 405 110227 403
220 405 160577 401
220 385 183713 383
220 392 191350 392
220 411 139201 411
220 385 148033 383
220 378 157290 376
220 394 205458 392
220 375 141508 370
220 370 91148 364
220 408 100704 408
220 397 170497 395
220 433 121015 433
220 417 201551 417
220 385 152154 376
220 400 184617 400
220 416 127975 416
220 412 135064 410
220 422 159504 422
220 367 174033 367
220 368 169522 368
220 393 127931 392
220 379 166108 376
220 378 141554 371
220 362 112389 360
220 405 122507 403
240 405 190867 401
240 392 268877 391
240 392 211273 392
240 411 148162 411
240 385 174600 383
240 385 189863 385
240 394 244850 392
240 375 205822 370
240 401 131791 399
240 408 112922 408
240 397 218503 395
240 433 137465 433
240 417 253960 417
240 385 245786 376
240 400 200826 400
240 416 155408 416
240 414 151168 410
240 422 197028 422
240 367 231220 367
240 368 226536 368
240 400 154566 392
240 379 191518 376
240 384 173870 371
240 362 179853 360
240 403 180553 403
260 405 263600 401
260 392 286508 391
260 392 215844 392
260 411 182838 411
260 385 230184 383
260 385 188419 385
260 394 272270 392
260 375 243906 370
260 401 144754 399
260 408 158552 408
260 397 249530 395
260 433 175728 433
260 417 264442 417
260 385 275306 376
260 400 264556 400
260 416 202704 416
260 412 187382 410
260 422 252367 422
260 385 273938 385
260 368 212138 368
260 414 289730 392
260 381 216339 376
260 393 187726 371
260 360 206303 360
260 405 234412 403
280 405 262196 401
280 196 320841 391
280 392 281148 392
280 411 229990 411
280 385 292434 383
280 385 267361 385
280 198 316559 392
280 187 308768 370
280 403 181305 399
280 408 203222 408
280 197 310914 395
280 433 238797 433
280 208 358194 417
280 190 305764 376
280 402 302205 400
280 416 263006 416
280 414 265601 410
280 422 300349 422
280 385 277408 385
280 368 265900 368
280 197 315399 392
280 380 269079 376
280 389 243854 371
280 376 256768 374
280 201 308825 403
300 200 308280 401
300 195 308318 391
300 196 305117 392
300 205 305647 411
300 193 310355 383
300 192 311373 385
300 198 309341 392
300 187 308362 370
