100 209 7135 156
100 189 6089 165
100 176 5765 153
100 192 6073 174
100 177 5943 158
100 156 5847 144
100 181 6043 167
100 239 7374 153
100 191 6020 170
100 196 6078 172
100 160 6045 143
100 221 7556 159
100 186 5996 163
100 187 5946 175
100 199 7136 134
100 199 6095 163
100 234 7554 155
100 182 5795 157
100 184 6096 156
100 164 6006 144
100 185 5989 171
100 233 7242 165
100 189 6065 179
100 187 6047 183
100 221 7436 151
200 208 10739 177
200 194 10968 165
200 244 12827 153
200 196 10637 174
200 191 10536 169
200 196 10307 157
200 187 10545 167
200 251 13243 153
200 196 10307 170
200 198 10099 172
200 198 10818 179
200 234 13229 159
200 192 10539 171
200 192 10280 175
200 243 13592 175
200 205 10765 182
200 252 13429 155
200 200 11331 181
200 245 13437 177
200 194 10612 158
200 197 10730 171
200 242 13277 165
200 194 10338 179
200 197 10478 183
200 190 10413 158
300 214 16197 177
300 198 16104 165
300 254 19755 153
300 199 15813 174
300 196 15449 171
300 196 15244 157
300 195 15518 167
300 252 20048 153
300 209 15699 170
300 197 15071 172
300 204 16156 179
300 256 20147 159
300 200 16197 177
300 196 15411 175
300 250 20713 175
300 209 16218 182
300 263 20396 162
300 198 15195 181
300 256 20179 177
300 197 15126 158
300 198 16408 171
300 205 15141 183
300 204 15635 179
300 211 15787 183
300 243 22157 158
400 217 21805 177
400 210 21192 165
400 266 28240 165
400 260 27542 174
400 200 21023 171
400 255 26701 168
400 206 21882 167
400 213 21500 181
400 216 21910 170
400 210 21486 175
400 207 21018 179
400 265 27612 159
400 206 21788 177
400 206 21741 175
400 260 29208 175
400 216 22137 182
400 269 28162 162
400 210 22222 181
400 271 27894 177
400 203 21245 158
400 209 22362 171
400 209 20701 183
400 211 21585 179
400 217 21530 183
400 203 21521 166
500 221 27663 177
500 210 27117 165
500 277 37351 175
500 274 36518 174
500 205 26394 171
500 262 35065 168
500 211 26778 167
500 215 27979 181
500 220 29213 184
500 273 36635 175
500 213 26548 179
500 270 36418 159
500 218 29191 177
500 213 28496 175
500 275 38105 175
500 226 29676 182
500 219 28830 184
500 211 27561 181
500 275 35729 177
500 210 27555 163
500 210 27665 171
500 212 27234 183
500 217 27130 179
500 214 29665 183
500 206 27358 166
600 224 34706 177
600 223 34061 183
600 226 33853 181
600 274 45223 184
600 210 33072 171
600 274 44058 168
600 215 32681 167
600 219 33941 181
600 223 35404 184
600 277 45962 175
600 213 33340 179
600 274 43957 159
600 221 35495 177
600 219 35214 175
600 279 44892 175
600 222 36230 182
600 222 35479 184
600 223 36303 183
600 277 44071 177
600 216 33683 163
600 215 35411 171
600 214 33094 183
600 220 34925 179
600 224 35075 183
600 211 33144 166
700 225 43775 177
700 222 43001 183
700 224 41313 181
700 286 55085 184
700 217 41785 171
700 283 55650 168
700 217 41523 167
700 221 42256 181
700 230 42961 184
700 282 55588 175
700 222 41471 179
700 278 53800 159
700 225 46045 177
700 221 40828 175
700 285 53186 175
700 229 44617 182
700 226 44190 184
700 225 41928 183
700 286 54726 177
700 222 43019 163
700 222 42583 171
700 219 41516 183
700 224 43384 179
700 232 44059 183
700 221 41113 174
800 230 49312 177
800 224 52012 183
800 230 51138 181
800 288 63020 184
800 220 49017 177
800 224 52988 171
800 281 61768 178
800 285 62166 181
800 289 63042 184
800 289 63447 175
800 231 50520 179
800 286 62790 159
800 225 50843 177
800 277 60680 175
800 291 63629 175
800 230 51801 182
800 232 50974 184
800 231 50327 183
800 287 65584 177
800 285 63613 170
800 284 63635 171
800 228 52085 183
800 225 49382 179
800 232 50076 183
800 225 48418 174
900 238 59335 177
900 233 60513 183
900 295 76941 181
900 299 80074 184
900 233 59827 177
900 236 59145 194
900 287 72398 178
900 293 80561 181
900 295 74793 184
900 291 72315 175
900 231 59500 179
900 289 72220 159
900 229 59542 177
900 292 74779 175
900 290 74474 175
900 296 78010 182
900 232 56972 184
900 232 58014 183
900 293 72726 177
900 287 70274 170
900 293 72205 172
900 228 59648 183
900 233 63174 179
900 233 59810 183
900 227 57446 174
1000 297 87933 177
1000 240 66476 183
1000 298 96053 181
1000 303 89405 184
1000 232 66336 177
1000 236 74308 194
1000 298 92398 185
1000 298 85993 181
1000 296 87856 184
1000 291 83269 175
1000 233 67240 179
1000 291 88087 159
1000 231 68318 177
1000 301 89379 179
1000 294 86725 175
1000 294 85236 182
1000 297 85537 184
1000 236 74389 183
1000 297 87511 177
1000 293 90170 170
1000 295 89504 172
1000 232 70057 183
1000 296 83471 179
1000 238 70431 183
1000 230 70600 174
1100 301 100898 177
1100 238 87566 183
1100 297 97887 181
1100 298 100949 184
1100 239 114033 177
1100 242 92406 194
1100 294 100590 185
1100 294 103659 181
1100 301 112278 184
1100 295 100906 175
1100 237 81742 179
1100 299 100006 168
1100 237 77748 177
1100 302 108110 179
1100 296 97570 175
1100 296 116765 182
1100 297 93957 184
1100 242 125506 183
1100 298 111926 177
1100 297 99255 170
1100 302 96720 172
1100 236 87802 183
1100 302 103425 179
1100 298 99520 183
1100 234 84232 174
1200 301 120925 177
1200 303 128460 183
1200 305 130427 181
1200 305 140989 184
1200 238 94018 177
1200 244 91846 194
1200 301 113464 185
1200 298 146953 181
1200 305 125472 184
1200 301 109911 175
1200 240 98485 182
1200 306 138498 187
1200 241 95941 177
1200 305 148326 179
1200 297 131020 175
1200 301 120269 182
1200 304 132949 184
1200 245 105219 183
1200 303 143507 177
1200 297 104002 170
1200 304 111301 172
1200 236 96731 183
1200 306 122015 186
1200 303 130202 183
1200 233 95484 174
1300 304 142285 177
1300 308 149783 183
1300 306 200235 181
1300 306 160521 184
1300 239 106167 177
1300 310 153106 194
1300 304 134486 185
1300 298 124167 181
1300 312 210495 184
1300 305 162402 175
1300 239 181346 182
1300 310 158605 187
1300 242 135647 177
1300 304 129899 179
1300 304 137089 175
1300 308 139284 182
1300 311 182552 184
1300 242 109289 183
1300 310 130374 177
1300 301 148288 170
1300 304 156286 172
1300 303 134326 183
1300 305 135441 186
1300 305 140326 183
1300 242 129259 174
1400 313 160638 177
1400 308 162424 183
1400 309 223222 181
1400 313 193891 184
1400 243 152312 177
1400 310 234036 194
1400 307 159787 185
1400 307 162244 181
1400 321 204657 184
1400 304 172737 175
1400 248 178231 182
1400 313 164897 187
1400 311 165540 187
1400 310 154925 179
1400 306 214642 175
1400 309 256624 182
1400 304 154323 184
1400 241 185190 183
1400 303 157130 177
1400 305 188705 170
1400 308 181724 183
1400 307 202652 183
1400 312 173239 186
1400 314 169820 183
1400 302 183870 174
1500 317 334193 177
1500 310 283912 183
1500 308 330068 181
1500 315 242163 184
1500 316 188254 177
1500 318 237846 194
1500 310 301664 185
1500 311 244271 181
1500 321 356789 184
1500 308 224955 175
1500 309 210630 182
1500 315 205869 187
1500 324 231005 187
1500 310 177807 179
1500 305 225460 175
1500 314 214071 182
1500 314 253348 184
1500 312 215177 183
1500 310 225817 177
1500 308 224453 170
1500 316 289008 183
1500 312 212269 183
1500 313 235561 186
1500 309 207341 183
1500 307 191336 174
1600 318 261185 177
1600 319 321298 183
1600 313 319394 181
1600 313 249491 184
1600 317 368655 177
1600 327 460900 194
1600 311 236824 185
1600 315 255804 181
1600 322 501439 184
1600 315 202340 175
1600 310 355137 182
1600 316 342910 187
1600 314 288288 187
1600 313 283530 179
1600 314 209907 175
1600 318 258321 182
1600 318 292484 184
1600 315 258452 183
1600 315 217502 177
1600 308 205014 170
1600 315 270047 183
1600 314 247582 183
1600 320 262937 186
1600 324 298636 183
1600 310 240557 174
1700 323 369985 177
1700 321 378473 183
1700 321 353404 181
1700 321 349438 184
1700 328 363088 177
1700 332 589873 194
1700 321 271956 185
1700 322 348829 191
1700 323 338852 184
1700 315 287114 175
1700 316 400562 182
1700 321 312901 187
1700 324 432482 187
1700 314 297937 179
1700 316 268541 175
1700 329 347536 182
1700 319 437874 184
1700 319 373958 183
1700 328 324674 177
1700 316 370824 170
1700 316 413295 183
1700 321 366796 183
1700 324 407551 186
1700 326 683106 187
1700 315 493165 174
1800 329 462853 177
1800 330 359167 183
1800 333 345754 181
1800 323 382725 184
1800 327 378275 177
