100 158 6328 146
100 165 5568 144
100 186 5767 175
100 172 5522 150
100 186 5207 169
100 198 5711 157
100 189 5478 177
100 170 5604 146
100 182 5387 160
100 194 5418 181
100 236 7141 166
100 224 6786 170
100 183 5639 162
100 188 5535 156
100 199 5077 191
100 189 5556 158
100 193 5224 178
100 167 5412 128
100 205 6630 146
100 186 5598 161
100 168 5590 142
100 178 5380 160
100 158 5400 144
100 183 5190 172
100 223 6799 139
200 193 9251 171
200 199 9729 163
200 193 9211 175
200 239 12027 151
200 190 9307 169
200 203 9810 158
200 193 9278 177
200 191 9038 168
200 233 11913 160
200 200 10087 181
200 246 11868 166
200 233 11715 170
200 190 9761 162
200 192 9725 159
200 203 9728 191
200 194 9592 158
200 204 10353 178
200 188 10129 134
200 194 9919 151
200 192 9426 161
200 184 10307 149
200 187 9815 160
200 192 9724 157
200 246 12762 172
200 188 9860 156
300 202 14975 171
300 210 15971 170
300 200 15925 175
300 194 15142 163
300 199 16730 169
300 214 15527 158
300 267 19997 177
300 205 15768 168
300 245 19683 164
300 203 15700 181
300 262 20023 166
300 251 18750 170
300 200 14646 165
300 202 15411 161
300 210 15114 191
300 196 15106 162
300 211 15621 178
300 199 15023 159
300 203 15106 151
300 201 15694 177
300 192 15496 149
300 247 19193 160
300 199 14534 157
300 254 19267 172
300 201 14885 156
400 203 19901 171
400 219 22936 170
400 213 21660 175
400 203 20217 163
400 209 20642 169
400 275 27600 167
400 264 25749 177
400 207 20997 168
400 280 29927 177
400 214 22090 181
400 269 27620 166
400 219 22118 188
400 212 21592 166
400 212 21945 178
400 218 21132 191
400 209 21456 167
400 211 20952 178
400 198 20391 159
400 259 26574 163
400 215 21377 177
400 213 21132 177
400 207 20732 165
400 218 22250 168
400 264 26405 172
400 265 26477 156
500 217 27550 174
500 235 29939 170
500 223 34496 178
500 210 26730 163
500 286 37221 176
500 275 35475 167
500 277 36094 177
500 217 27376 168
500 288 35449 177
500 217 27773 181
500 276 34502 166
500 218 27636 188
500 222 27992 166
500 271 35260 178
500 225 28266 191
500 228 28628 179
500 216 29061 178
500 218 27188 165
500 267 34880 163
500 222 27805 177
500 276 34499 177
500 279 35601 165
500 233 29030 169
500 270 36826 172
500 270 36510 160
600 220 35210 174
600 301 47736 170
600 228 45863 178
600 215 34939 163
600 298 54309 176
600 279 45093 167
600 284 44944 177
600 220 33943 168
600 292 51522 177
600 229 37102 181
600 282 48937 166
600 228 40373 188
600 230 36100 166
600 284 45075 178
600 238 35562 191
600 229 34591 179
600 224 33376 178
600 233 33956 165
600 284 46127 163
600 225 35372 177
600 281 45532 177
600 290 49601 178
600 237 37555 169
600 290 45506 172
600 278 43670 160
700 233 42575 174
700 299 57081 170
700 231 47770 178
700 216 39252 163
700 298 63420 176
700 293 56224 167
700 287 54337 177
700 221 39018 168
700 302 60002 177
700 237 44323 181
700 286 52566 166
700 234 43550 188
700 235 42724 173
700 291 55099 178
700 235 42417 191
700 235 43605 179
700 234 49203 178
700 240 47114 165
700 278 54012 163
700 230 44006 177
700 287 67270 177
700 293 60127 178
700 235 44702 169
700 293 82507 172
700 280 53195 160
800 238 51434 174
800 307 73847 170
800 239 52574 178
800 224 51667 163
800 309 80202 176
800 291 63536 167
800 289 63773 177
800 288 64299 168
800 302 66079 177
800 242 56744 181
800 289 68142 166
800 234 56904 188
800 238 55765 173
800 295 71763 178
800 243 55847 191
800 303 66998 179
800 237 62630 178
800 242 52732 165
800 294 68492 163
800 236 60665 177
800 298 108304 177
800 301 79262 178
800 245 55609 169
800 298 71984 176
800 288 65473 160
900 244 65327 174
900 312 85775 171
900 308 84191 178
900 295 88782 163
900 308 89172 176
900 298 80857 167
900 301 83439 177
900 298 77827 168
900 308 89354 177
900 241 64806 181
900 297 77156 166
900 242 81004 188
900 247 66387 173
900 301 84306 178
900 243 69404 191
900 301 80772 179
900 300 80613 178
900 302 77534 165
900 295 84813 163
900 242 83364 180
900 302 113849 177
900 299 80200 178
900 253 68865 169
900 305 103548 176
900 296 77347 171
1000 248 72670 174
1000 319 116365 171
1000 313 108907 178
1000 311 103286 170
1000 310 117944 176
1000 302 105328 167
1000 313 106830 177
1000 299 99533 168
1000 313 105827 177
1000 248 90466 181
1000 306 104442 166
1000 308 124342 188
1000 318 100155 173
1000 303 105288 178
1000 250 86638 191
1000 305 109045 179
1000 304 97909 178
1000 312 102620 165
1000 308 107672 163
1000 248 77061 180
1000 307 176153 177
1000 299 96487 178
1000 247 92912 169
1000 305 90921 176
1000 305 90432 173
1100 312 106044 174
1100 325 116246 171
1100 315 135544 178
1100 315 117402 170
1100 320 149768 176
1100 309 134146 167
1100 313 186387 177
1100 308 142010 168
1100 315 117809 177
1100 332 134959 181
1100 302 139845 166
1100 313 126202 188
1100 318 121894 173
1100 328 113611 178
1100 254 123227 191
1100 309 119911 179
1100 309 137107 178
1100 315 115544 165
1100 312 113294 169
1100 251 106150 180
1100 337 149561 177
1100 310 207766 178
1100 313 113867 169
1100 311 141447 176
1100 301 101572 173
1200 316 121976 174
1200 341 165101 171
1200 317 144176 178
1200 321 220327 176
1200 320 151605 176
1200 312 193404 167
1200 318 155846 178
1200 310 140244 168
1200 316 157126 180
1200 330 145661 181
1200 308 166862 169
1200 314 168269 188
1200 320 142467 173
1200 332 171913 178
1200 256 217203 191
1200 309 178888 179
1200 316 184060 178
1200 253 102414 170
1200 321 163131 169
1200 312 131710 180
1200 338 173073 177
1200 333 196733 178
1200 325 141343 169
1200 314 139043 176
1200 312 130916 173
1300 320 199379 174
1300 342 273692 171
1300 324 385893 178
1300 330 186087 176
1300 321 259992 176
1300 321 255775 167
1300 318 165883 178
1300 318 173291 168
1300 325 154840 180
1300 344 211631 181
1300 322 207919 169
1300 320 219651 188
1300 322 184247 173
1300 335 222725 178
1300 326 226377 191
1300 318 177749 179
1300 319 203201 178
1300 252 138190 170
1300 317 170877 169
1300 318 288468 180
1300 340 233296 177
1300 336 204773 178
1300 325 215112 169
1300 320 187668 176
1300 315 159823 173
1400 329 237680 174
1400 348 234662 187
1400 324 264660 178
1400 325 377409 176
1400 322 195595 176
1400 325 223568 167
1400 328 368118 178
1400 322 210870 168
1400 323 275549 180
1400 344 227987 181
1400 324 337623 169
1400 329 292826 188
1400 325 300672 183
1400 341 366224 178
1400 329 286919 191
1400 342 449007 179
1400 329 301773 178
1400 325 220546 170
1400 324 240834 175
1400 319 278216 180
1400 355 397319 177
1400 334 222665 178
1400 329 216982 169
1400 326 252084 176
1400 321 242692 173
1500 334 404313 174
1500 351 453304 187
1500 327 497434 178
1500 326 540736 188
1500 347 305568 176
1500 330 292154 167
1500 334 347417 178
1500 334 342910 168
1500 342 353143 180
1500 345 253459 181
1500 327 647458 169
1500 343 349767 188
1500 340 391164 183
1500 339 306104 178
1500 338 506002 191
