100 202 15347 156
100 232 17132 165
100 206 15140 153
100 209 15262 174
100 201 15233 158
100 193 15084 144
100 210 15213 167
100 210 15282 153
100 201 15354 170
100 230 16875 172
100 220 16902 143
100 214 15276 159
100 218 14952 163
100 214 15292 175
100 237 15232 134
100 211 15741 163
100 209 15041 155
100 204 15346 157
100 226 16849 156
100 199 15080 144
100 209 15226 171
100 213 15171 165
100 208 15393 179
100 214 15377 183
100 207 15417 151
200 215 17313 177
200 249 19090 165
200 227 17296 153
200 217 17304 174
200 221 17140 169
200 212 17180 157
200 217 17445 167
200 241 19137 153
200 228 17445 170
200 238 19077 172
200 217 17336 179
200 222 17344 159
200 236 18804 171
200 224 17174 175
200 224 17331 175
200 232 17653 182
200 216 17198 155
200 222 17459 181
200 229 17153 177
200 212 17197 158
200 219 16998 171
200 219 17114 165
200 217 17376 179
200 222 17554 183
200 259 19172 158
300 219 19365 177
300 260 21530 165
300 262 21718 153
300 246 21526 174
300 224 19157 171
300 226 19225 157
300 242 21531 167
300 264 21501 153
300 257 21618 170
300 255 21402 172
300 223 19194 179
300 230 19558 159
300 249 20879 177
300 229 19269 175
300 229 19499 175
300 231 19822 182
300 220 19487 162
300 225 19674 181
300 235 19460 177
300 249 21537 158
300 232 19307 171
300 224 19269 183
300 229 19762 179
300 232 20016 183
300 271 21524 158
400 226 21695 177
400 260 23986 165
400 267 24048 165
400 249 24158 174
400 233 21778 171
400 227 21526 168
400 256 24238 167
400 253 24037 181
400 266 24100 170
400 243 21777 175
400 231 21701 179
400 260 23998 159
400 258 23734 177
400 232 21691 175
400 233 22175 175
400 244 22614 182
400 227 21938 162
400 260 24655 181
400 241 21805 177
400 255 24322 158
400 240 21838 171
400 238 21712 183
400 234 22082 179
400 236 22494 183
400 276 23979 166
500 256 26557 177
500 282 26360 165
500 259 26472 175
500 265 26498 174
500 239 23868 171
500 233 23714 168
500 262 26932 167
500 264 26583 181
500 242 25337 184
500 247 24163 175
500 237 24310 179
500 266 26938 159
500 268 26468 177
500 243 24229 175
500 233 24350 175
500 247 25273 182
500 232 24384 184
500 264 27013 181
500 268 26264 177
500 272 26741 163
500 243 24285 171
500 246 24292 183
500 266 26964 179
500 243 25368 183
500 285 26674 166
600 263 29443 177
600 247 27760 183
600 271 29576 181
600 269 29541 184
600 252 26852 171
600 237 27587 168
600 265 30230 167
600 263 29317 181
600 243 28132 184
600 254 27242 175
600 239 27196 179
600 271 29499 159
600 267 28869 177
600 250 28474 175
600 242 27406 175
600 249 28554 182
600 245 27659 184
600 248 28031 183
600 272 29289 177
600 279 29954 163
600 245 27596 171
600 253 28049 183
600 272 30071 179
600 251 28817 183
600 286 30222 166
700 269 32868 177
700 253 31689 183
700 284 33942 181
700 273 33965 184
700 255 31599 171
700 246 32211 168
700 267 33573 167
700 271 33367 181
700 246 31817 184
700 280 34033 175
700 277 33314 179
700 278 33838 159
700 275 33402 177
700 253 33389 175
700 251 31836 175
700 255 31606 182
700 247 31982 184
700 248 32032 183
700 279 33792 177
700 277 34923 163
700 251 32499 171
700 259 32025 183
700 277 35887 179
700 250 35878 183
700 282 34398 174
800 278 38619 177
800 257 36409 183
800 293 37885 181
800 275 40435 184
800 284 39627 177
800 282 41100 171
800 272 39018 178
800 279 38553 181
800 254 37379 184
800 284 39190 175
800 276 38027 179
800 277 38472 159
800 285 38294 177
800 260 40530 175
800 254 36623 175
800 261 36899 182
800 255 36098 184
800 254 35543 183
800 285 38829 177
800 288 38311 170
800 262 36918 171
800 259 38720 183
800 286 42144 179
800 253 41356 183
800 288 41581 174
900 284 45723 177
900 261 43646 183
900 296 44891 181
900 288 45005 184
900 289 45633 177
900 261 43417 194
900 278 43995 178
900 284 45740 181
900 261 42762 184
900 289 44167 175
900 286 43399 179
900 288 45270 159
900 284 42944 177
900 260 44837 175
900 255 44057 175
900 263 42428 182
900 259 41024 184
900 260 41486 183
900 292 43886 177
900 289 45188 170
900 259 43137 172
900 265 43975 183
900 292 46452 179
900 262 46243 183
900 290 43948 174
1000 292 54668 177
1000 266 47999 183
1000 299 50470 181
1000 296 51318 184
1000 285 53221 177
1000 266 49180 194
1000 285 53332 185
1000 287 49551 181
1000 262 51541 184
1000 299 53830 175
1000 290 52697 179
1000 292 65002 159
1000 288 49749 177
1000 267 50191 179
1000 294 52366 175
1000 268 49200 182
1000 263 47491 184
1000 262 46951 183
1000 292 48820 177
1000 294 57365 170
1000 292 68626 172
1000 268 49365 183
1000 291 52987 179
1000 263 53007 183
1000 297 49602 174
1100 294 67250 177
1100 272 56143 183
1100 301 65131 181
1100 295 61920 184
1100 300 66288 177
1100 269 59769 194
1100 291 61686 185
1100 291 59554 181
1100 261 59451 184
1100 294 61401 175
1100 295 62494 179
1100 288 64980 168
1100 294 59372 177
1100 266 61189 179
1100 296 62292 175
1100 273 55356 182
1100 268 57114 184
1100 288 59583 183
1100 297 54681 177
1100 295 70533 170
1100 295 70304 172
1100 268 56744 183
1100 290 63332 179
1100 268 60920 183
1100 301 64434 174
1200 296 74395 177
1200 298 69508 183
1200 304 81785 181
1200 296 69405 184
1200 302 74467 177
1200 301 70691 194
1200 297 76224 185
1200 299 69553 181
1200 270 66187 184
1200 305 72663 175
1200 297 83968 182
1200 297 89233 187
1200 299 72282 177
1200 304 74710 179
1200 297 78654 175
1200 273 62231 182
1200 266 71301 184
1200 302 69095 183
1200 303 66675 177
1200 299 74436 170
1200 302 137072 172
1200 275 80378 183
1200 296 69277 186
1200 267 71906 183
1200 303 81242 174
1300 300 98825 177
1300 306 86515 183
1300 310 93937 181
1300 305 75847 184
1300 309 104629 177
1300 310 81993 194
1300 300 111813 185
1300 300 87430 181
1300 279 87914 184
1300 311 88865 175
1300 302 93335 182
1300 306 98023 187
1300 308 87717 177
1300 309 104332 179
1300 302 81666 175
1300 287 76436 182
1300 268 114222 184
1300 302 82581 183
1300 305 74039 177
1300 305 108112 170
1300 307 110287 172
1300 276 88557 183
1300 299 77421 186
1300 271 89045 183
1300 318 101912 174
1400 300 106868 177
1400 305 127675 183
1400 314 220479 181
1400 323 107621 184
1400 309 149355 177
1400 308 115901 194
1400 306 157437 185
1400 302 103104 181
1400 284 166472 184
1400 309 137097 175
1400 310 191042 182
1400 308 108395 187
1400 302 105846 187
1400 310 141260 179
1400 313 174862 175
1400 282 92429 182
1400 307 117314 184
1400 301 95536 183
1400 304 89615 177
1400 306 121312 170
1400 312 114099 183
1400 308 139677 183
1400 301 95401 186
1400 306 113416 183
1400 313 110393 174
1500 313 214629 183
1500 318 148812 181
1500 321 116592 184
1500 320 530655 177
1500 317 122522 194
1500 310 131712 185
1500 306 148884 181
1500 313 414571 184
1500 316 168260 182
1500 317 222870 187
1500 307 139683 187
1500 319 266411 179
