100 209 5134 210
100 209 22777 210
100 210 8297 211
100 182 11268 183
100 207 18886 208
100 209 32844 210
100 195 7780 196
100 174 8468 175
100 203 16740 204
100 192 11385 193
200 209 59164 210
200 217 84832 217
200 210 103791 211
200 187 89340 188
200 207 115954 208
200 209 91482 210
200 201 89483 202
200 194 92407 195
200 203 66267 204
200 192 100294 193
300 217 185351 218
300 217 268070 217
300 210 247508 211
300 187 218769 188
300 207 311100 208
300 209 224038 210
300 201 266761 202
300 194 220107 195
300 223 236753 224
300 192 273872 193
400 220 513684 221
400 217 563343 217
400 210 584778 211
400 213 481898 214
400 207 627769 208
400 209 435966 210
400 201 537995 202
400 194 443709 195
400 223 530630 224
400 211 714520 212
