100 234 16539 210
100 228 27210 210
100 227 38954 211
100 203 50243 183
100 234 62769 208
100 224 74041 210
100 220 86473 196
100 206 119753 175
100 252 111643 204
100 209 124190 193
200 248 137288 210
200 251 148566 217
200 248 161355 211
200 241 210578 188
200 250 187065 208
200 257 244345 210
200 237 213655 202
200 240 276730 195
200 286 295307 204
200 226 252674 193
300 264 265992 218
300 264 277651 217
300 272 289929 211
300 260 380138 188
300 269 317042 208
300 288 405503 210
300 251 341871 202
300 261 439547 195
300 303 456326 224
300 237 382570 193
400 283 398008 221
400 273 411114 217
400 277 424216 211
400 275 436243 214
400 274 448011 208
400 299 568304 210
400 267 478971 202
400 289 629261 195
400 317 625198 224
400 266 676030 212
500 295 538579 221
500 290 569840 217
500 294 585403 212
500 299 610203 231
500 274 783852 208
500 312 796230 210
500 295 813159 202
500 289 875125 195
500 322 2721714 225
500 284 755867 212
600 308 785829 221
600 304 868432 217
600 295 1202762 222
600 297 1069579 231
600 277 954328 208
600 322 1409021 210
600 306 1409799 202
600 302 1759324 195
600 331 1249276 225
600 308 1316492 212
700 315 2695914 221
700 297 1142141 217
700 300 1215536 222
700 309 52725756 231

