20 397 2295 395
20 328 2186 328
20 370 2056 370
20 343 2338 341
20 325 2047 325
20 319 2141 319
20 394 2978 392
20 326 1951 326
20 330 2015 330
20 326 2049 324
20 349 2155 343
20 435 2718 433
20 273 1948 271
20 295 1852 293
20 367 2202 365
20 336 2067 336
20 349 2425 349
20 348 2329 346
20 364 2641 362
20 344 2704 344
20 376 2131 370
20 320 2060 320
20 317 1882 313
20 349 2053 347
20 322 2243 320
40 397 2635 395
40 361 2742 359
40 370 2770 370
40 343 3110 341
40 325 2498 325
40 328 2777 325
40 394 3505 392
40 351 2539 351
40 330 2379 330
40 326 3126 324
40 384 2792 382
40 435 3350 433
40 386 2802 382
40 356 2761 352
40 370 3367 365
40 364 3130 362
40 349 3117 349
40 382 3115 380
40 364 3365 362
40 351 3889 347
40 376 2795 370
40 320 2773 320
40 361 2870 359
40 349 2784 347
40 354 3120 351
60 397 3644 395
60 361 3613 359
60 370 3345 370
60 343 3846 341
60 358 3347 357
60 339 3433 335
60 394 4332 392
60 370 4507 366
60 361 2975 359
60 326 4106 324
60 384 3939 382
60 435 4212 433
60 386 3986 382
60 356 3309 352
60 370 4174 365
60 364 3761 362
60 349 4209 349
60 382 4231 380
60 366 4250 362
60 351 4204 347
60 384 3644 378
60 325 4285 323
60 361 3574 359
60 349 3461 347
60 354 3784 351
80 397 4816 395
80 383 6330 383
80 370 4408 370
80 364 4912 362
80 358 5083 357
80 355 4139 353
80 394 6091 392
80 370 5308 366
80 364 4406 359
80 345 5807 339
80 392 5605 388
80 435 5505 433
80 386 4747 382
80 358 4536 352
80 370 4788 365
80 370 4623 368
80 412 5695 410
80 382 4965 380
80 367 5158 363
80 351 5387 347
80 384 4605 378
80 381 5017 376
80 361 4473 359
80 349 4383 347
80 374 4644 372
100 397 6402 395
100 383 8938 383
100 381 8597 379
100 373 9019 367
100 358 6317 357
100 355 5141 353
100 394 6970 392
100 372 6497 366
100 364 6749 359
100 345 8386 339
100 392 6994 388
100 435 9137 433
100 417 6659 417
100 377 5433 373
100 379 6863 377
100 370 7490 368
100 415 6993 410
100 382 6505 380
100 367 6349 363
100 351 7558 347
100 384 7135 378
100 381 6641 376
100 361 5734 359
100 349 5227 347
100 374 6409 372
120 401 7355 395
120 383 11018 383
120 381 10052 379
120 373 9959 367
120 363 9083 361
120 355 6586 353
120 394 10265 392
120 372 8910 366
120 364 7770 359
120 345 9030 339
120 397 9696 395
120 435 11512 433
120 417 9396 417
120 377 8709 373
120 379 9142 377
120 397 11136 395
120 418 10203 410
120 424 8373 422
120 367 9110 363
120 353 11124 347
120 384 9438 378
120 381 8623 376
120 378 8810 371
120 362 6471 360
120 405 7239 403
140 407 10377 401
140 383 12740 383
140 381 12222 379
140 373 13128 367
140 367 10806 361
140 379 10913 371
140 394 12295 392
140 374 9505 370
140 364 13360 359
140 345 10475 339
140 397 12167 395
140 435 13019 433
140 417 13568 417
140 375 10419 373
140 404 12778 400
140 416 16190 416
140 415 13782 410
140 424 12231 422
140 367 11973 363
140 369 12670 368
140 384 13509 378
140 381 10247 376
140 379 12103 371
140 362 8644 360
140 405 8793 403
160 407 15684 401
160 383 16271 383
160 385 15491 379
160 371 15089 367
160 387 14824 383
160 379 13234 371
160 394 14928 392
160 374 11642 370
160 364 14732 359
160 347 13279 339
160 397 14738 395
160 435 15385 433
160 417 17533 417
160 377 16260 373
160 405 14491 400
160 416 17382 416
160 415 16311 410
160 424 16796 422
160 367 13536 363
160 369 16661 368
160 384 16096 378
160 381 13317 376
160 381 17794 371
160 362 10212 360
160 405 11756 403
180 407 18807 401
180 383 22025 383
180 395 19912 392
180 374 26534 367
180 387 17416 383
180 379 16495 371
180 394 19022 392
180 374 13323 370
180 364 17160 359
180 347 15685 339
180 401 20706 395
180 435 19918 433
180 417 24289 417
180 388 29385 376
180 404 20158 400
180 416 18954 416
180 418 21029 410
180 424 18529 422
180 367 17927 363
180 369 25194 368
180 394 19140 392
180 381 18180 376
180 385 25272 371
180 362 12115 360
180 403 17479 403
200 407 30412 401
200 385 26749 383
200 395 26703 392
200 373 25315 367
200 387 22868 383
200 379 20721 371
200 394 24642 392
200 376 18948 370
200 364 19156 359
200 412 21154 408
200 397 28791 395
200 435 26995 433
200 417 29392 417
200 388 43293 376
200 405 23432 400
200 416 24013 416
200 415 27688 410
200 429 30035 422
200 367 22297 363
200 370 28586 368
200 395 27975 392
200 381 27013 376
200 383 28039 371
200 362 16817 360
200 403 20058 403
220 407 39881 401
220 385 33352 383
220 395 32608 392
220 413 32384 411
220 387 29075 383
220 381 24842 376
220 395 32464 392
220 376 25182 370
220 377 22340 364
220 412 26650 408
220 397 35419 395
220 435 29749 433
220 417 36030 417
220 388 46535 376
220 405 32607 400
220 416 28483 416
220 421 30780 410
220 427 35963 422
220 369 31201 367
220 370 33789 368
220 394 34317 392
220 381 31147 376
220 386 33010 371
220 362 17526 360
220 403 26686 403
240 407 45469 401
240 394 47028 391
240 395 37691 392
240 413 40433 411
240 387 37176 383
240 387 28397 385
240 394 42039 392
240 376 37139 370
240 400 26666 399
240 412 37180 408
240 397 49767 395
240 435 41296 433
240 417 42537 417
240 392 40727 376
240 405 39913 400
240 416 33316 416
240 414 35975 410
240 429 44674 422
240 369 40835 367
240 370 42538 368
240 398 40931 392
240 381 40295 376
240 385 34810 371
240 363 28635 360
240 405 37331 403
260 407 45970 401
260 395 51356 391
260 395 46801 392
260 415 44925 411
260 387 49658 383
260 388 31285 385
260 394 53692 392
260 376 48578 370
260 400 33903 399
260 412 44453 408
260 399 52990 395
260 435 46787 433
260 417 53032 417
260 393 58105 376
260 405 43607 400
260 416 41796 416
260 421 40912 410
260 431 52673 422
260 385 49338 385
260 370 48844 368
260 399 62370 392
260 383 44681 376
260 400 46489 371
260 363 29694 360
260 403 42565 403
280 407 61346 401
280 395 77136 391
280 397 55791 392
280 413 58620 411
280 387 56883 383
280 388 59074 385
280 397 66496 392
280 380 59973 370
280 404 38769 399
280 412 49328 408
280 401 76024 395
280 435 61934 433
280 417 74140 417
280 393 70770 376
280 405 52575 400
280 416 54220 416
280 414 52785 410
280 429 76653 422
280 385 63062 385
280 370 62450 368
280 401 89681 392
280 383 55265 376
280 396 52462 371
280 378 39024 374
280 403 52014 403
300 410 73370 401
300 394 90369 391
300 397 64597 392
300 415 68376 411
300 387 66927 383
300 388 63030 385
300 397 73859 392
300 379 64138 370
300 400 45443 399
300 412 59809 408
300 399 104682 395
300 435 66884 433
300 422 83220 417
300 393 80404 376
300 409 65138 400
300 416 75524 416
300 414 59031 410
300 429 77945 422
300 385 75628 385
300 374 65859 368
300 398 116731 392
300 383 71667 376
300 400 91915 371
300 393 50260 387
300 403 67051 403
320 408 82707 401
320 398 85032 391
320 402 81885 392
320 413 88876 411
320 398 104873 383
320 388 88424 385
320 397 77593 392
320 378 79106 370
320 400 70720 399
320 412 61753 408
320 401 98235 395
320 435 93631 433
320 421 107228 417
320 393 109421 376
320 407 89988 400
320 416 96873 416
320 419 75902 410
320 432 101110 422
320 385 97738 385
320 371 81923 368
320 401 127934 392
320 383 81120 376
320 411 109930 376
320 393 58479 387
320 407 79332 403
340 408 118628 401
340 400 115304 391
340 401 96351 392
340 414 92769 411
340 389 94845 383
340 394 91884 385
340 398 111529 392
340 384 100881 370
340 406 89928 399
340 412 83620 408
340 401 116750 395
340 435 107369 433
340 421 118798 417
340 396 156991 376
340 407 95614 400
340 416 108019 416
340 414 82748 410
340 433 133389 422
340 385 102630 385
340 381 99976 368
340 398 161986 392
340 383 96384 376
340 395 97668 376
340 393 72925 387
340 405 93928 403
360 410 137818 401
360 404 137562 391
360 400 110527 392
360 417 156312 411
360 402 132168 383
360 388 119875 385
360 399 158317 392
360 384 109515 370
360 406 129410 399
360 412 97470 408
360 401 131261 395
360 435 129068 433
360 422 141144 417
360 390 141140 376
360 427 136466 425
360 416 126878 416
360 422 96450 410
360 432 192860 422
360 385 119097 385
360 405 111341 395
360 399 177243 392
360 383 111256 376
360 407 151268 387
360 423 105474 413
360 407 129237 403
380 409 161914 401
380 403 179028 391
380 401 131338 392
380 415 170753 411
380 406 155345 383
380 388 135370 385
380 398 183589 392
380 389 149589 379
380 408 144202 399
380 412 118965 408
380 400 149837 395
380 435 161618 433
380 422 175995 417
380 386 188857 376
380 427 161983 425
380 416 146420 416
380 422 119811 410
380 430 188870 422
380 389 144839 385
380 402 136894 395
380 411 214388 392
380 383 145100 376
380 415 182238 387
380 423 112697 413
380 405 136958 403
400 410 190227 401
400 403 167737 391
400 400 180162 392
400 415 180066 411
400 400 179112 383
400 388 155661 385
400 399 191063 392
400 393 173708 379
400 406 147276 399
400 412 130784 408
400 401 204417 395
400 435 196271 433
400 421 171919 417
400 396 192942 376
400 429 198707 425
400 416 171488 416
400 416 156226 410
400 444 228418 422
400 385 217170 385
400 398 155774 395
400 409 215941 392
400 383 151220 376
400 417 217608 387
400 426 144179 413
400 405 148053 403
420 407 187047 401
420 404 175998 391
420 400 166035 392
420 417 213917 411
420 404 290195 385
420 389 175037 385
420 399 225995 392
420 393 214790 379
420 406 257923 399
420 415 165461 408
420 401 246276 395
420 435 243054 433
420 426 231945 417
420 400 223856 376
420 427 226111 425
420 416 219040 416
420 428 157122 410
420 435 250988 422
420 385 210671 385
420 411 234692 395
420 411 255147 392
420 383 191081 376
420 412 220214 387
420 425 178960 413
420 405 182403 403
440 412 210620 401
440 406 203620 391
440 401 266340 392
