
330 407 255998 380
330 414 297877 395
330 385 231885 376
330 316 306363 410
330 296 304581 369
330 436 281264 413
330 304 308618 398
330 411 283800 393
330 416 259882 410
330 302 304915 402
330 199 307647 389
330 205 306910 410
330 300 305596 394
330 301 310931 396
330 315 309816 399
330 290 304608 388
330 302 305401 383
330 311 306921 394
330 406 185731 391
330 392 271103 384
330 303 305747 398
330 418 296841 402
330 294 308491 379
330 420 289974 411
330 390 213040 379
350 409 271809 380
350 204 308534 395
350 383 255321 376
350 316 309249 410
350 296 306551 369
350 207 308816 413
350 306 307749 398
350 202 308493 397
350 310 304730 410
350 302 305963 402
350 199 306849 389
350 205 307572 410
350 196 309485 394
350 313 308494 396
350 206 308050 399
350 193 309097 388
350 311 306207 388
350 312 307438 394
350 406 207616 391
350 193 307842 384
350 301 306136 398
350 310 306449 402
350 194 307356 379
350 207 307680 411
350 390 243687 379
370 302 306053 380
370 204 307291 395
370 398 302485 376
370 209 306970 410
370 296 305004 374
370 207 308053 413
370 201 308082 398
370 202 307926 397
370 309 309932 410
370 199 306516 402
370 199 307625 389
370 207 306436 410
370 196 308743 394
370 200 306519 396
370 206 308767 399
370 193 307695 388
370 209 309681 388
370 207 306995 394
370 401 255064 391
370 193 309579 384
370 301 307767 398
370 310 309069 402
370 194 305486 379
370 208 309722 411
370 390 298731 379
390 199 307515 387
390 204 306506 395
390 190 308840 376
390 207 310953 410
390 291 308430 374
390 207 310418 413
390 201 307459 398
390 202 307386 397
390 206 307172 410
390 199 306911 402
390 199 306360 389
390 207 307468 410
390 196 307592 394
390 200 306465 396
390 206 309575 399
390 193 308160 388
390 209 309631 388
390 207 306875 394
