25044 78 67288 78 NaN NaN 78
36696 71 50589 71 NaN NaN 71
45130 72 43725 69 NaN NaN 69
31292 73 48688 72 NaN NaN 72
23398 79 64928 79 NaN NaN 79
34919 77 56328 77 NaN NaN 77
NaN NaN 47389 70 NaN NaN 70
18274 70 41269 70 NaN NaN 69
37253 71 29682 64 NaN NaN 64
28706 67 99676 66 NaN NaN 66
31694 76 52463 73 NaN NaN 73
43674 71 36047 68 NaN NaN 67
32991 74 50930 73 NaN NaN 73
30901 81 69437 81 NaN NaN 81
20358 73 53994 73 NaN NaN 73
36374 74 46038 72 NaN NaN 72
17566 71 47072 71 NaN NaN 71
43853 77 49314 71 NaN NaN 71
36821 77 58747 77 NaN NaN 77
15911 69 42892 69 NaN NaN 69
38691 77 51530 74 NaN NaN 74
13717 66 35294 66 NaN NaN 66
22006 72 32826 66 NaN NaN 66
76509 76 54979 76 NaN NaN 76
17907 71 47201 71 NaN NaN 71
22067 68 39390 68 NaN NaN 68
20665 75 57199 75 NaN NaN 75
41158 73 28846 62 NaN NaN 62
24573 72 50734 72 NaN NaN 72
20152 73 54626 73 NaN NaN 73
