11784 75 31586 75 NaN NaN 75
11029 70 24350 70 NaN NaN 70
11925 72 26504 72 NaN NaN 72
11404 69 22162 69 NaN NaN 69
21147 82 45163 82 NaN NaN 82
14469 74 30773 74 NaN NaN 74
12976 74 32336 74 NaN NaN 74
9319 69 23843 69 NaN NaN 69
12794 78 31087 75 NaN NaN 75
9981 71 27431 71 NaN NaN 71
16608 71 21391 68 NaN NaN 68
9271 69 26084 69 NaN NaN 69
11165 72 28930 72 NaN NaN 72
7444 62 19856 62 NaN NaN 62
19070 70 24847 70 NaN NaN 70
16873 72 30223 72 NaN NaN 72
9021 67 22407 67 NaN NaN 67
19273 74 30731 74 NaN NaN 74
15061 78 37788 78 NaN NaN 78
14327 69 21900 67 NaN NaN 67
10036 68 22519 68 NaN NaN 68
8708 67 23858 67 NaN NaN 67
9167 67 18739 67 NaN NaN 67
7584 62 17175 62 NaN NaN 62
24301 74 30582 74 NaN NaN 74
23098 71 24654 69 NaN NaN 69
13888 76 34734 76 NaN NaN 76
26138 80 42055 80 NaN NaN 80
18010 85 47902 85 NaN NaN 85
16760 80 36960 80 NaN NaN 80
