14730 71 31940 71 NaN NaN 71
12801 72 33506 72 NaN NaN 72
18827 72 28206 69 NaN NaN 69
17152 79 46932 79 NaN NaN 79
19326 69 28794 68 NaN NaN 68
29123 67 27431 67 NaN NaN 67
14574 76 43498 76 NaN NaN 76
15940 75 36455 75 NaN NaN 75
25938 72 26559 67 NaN NaN 67
21242 75 36903 75 NaN NaN 75
29601 72 18741 61 NaN NaN 61
19915 75 37281 75 NaN NaN 75
22579 71 23891 65 NaN NaN 65
25659 71 27642 67 NaN NaN 67
13884 68 23159 65 NaN NaN 65
16762 79 47631 79 NaN NaN 79
12982 64 18167 59 NaN NaN 59
13289 70 25681 68 NaN NaN 68
9885 68 28511 68 NaN NaN 68
12099 69 38496 70 NaN NaN 69
12924 72 32114 72 NaN NaN 72
27960 71 21010 62 NaN NaN 62
68921 73 27147 68 NaN NaN 68
15211 68 24250 67 NaN NaN 67
14914 74 35396 74 NaN NaN 74
34021 76 34026 74 NaN NaN 74
33921 75 25297 67 NaN NaN 67
36012 72 20797 64 NaN NaN 64
13837 68 26954 68 NaN NaN 68
NaN NaN 24577 66 NaN NaN 66
