53323 73 87353 72 NaN NaN 72
62907 82 109449 80 NaN NaN 80
NaN NaN 114872 79 NaN NaN 79
54207 75 80797 70 NaN NaN 70
68741 81 94683 74 NaN NaN 74
67202 78 96454 75 NaN NaN 75
98310 73 66989 69 NaN NaN 69
NaN NaN 118036 80 NaN NaN 80
49429 74 97677 74 NaN NaN 74
60722 74 374590 65 NaN NaN 65
359238 82 132221 82 NaN NaN 82
79069 81 108301 78 NaN NaN 78
157832 79 116915 79 NaN NaN 79
35678 77 102707 77 NaN NaN 77
57636 87 174552 87 NaN NaN 87
NaN NaN 86637 72 NaN NaN 72
81118 76 97592 76 NaN NaN 76
46610 71 213021 71 NaN NaN 71
NaN NaN 147059 82 NaN NaN 82
26146 67 65857 67 NaN NaN 67
47588 81 125439 81 NaN NaN 81
232369 72 81747 72 NaN NaN 72
34285 73 95209 73 NaN NaN 73
39743 75 92583 75 NaN NaN 75
42418 77 104950 77 NaN NaN 77
26753 71 83327 71 NaN NaN 71
37868 76 220565 76 NaN NaN 76
59425 75 73447 70 NaN NaN 70
31805 75 92659 75 NaN NaN 75
352512 74 71263 70 NaN NaN 70
