47603 79 105873 78 NaN NaN 78
114117 70 77123 70 NaN NaN 70
72267 79 99187 76 NaN NaN 76
42434 80 116273 80 NaN NaN 80
55353 75 78940 74 NaN NaN 74
27174 70 49770 64 NaN NaN 64
48146 76 69458 71 NaN NaN 71
48540 75 80524 74 NaN NaN 74
50521 75 88545 75 NaN NaN 75
58949 79 92580 77 NaN NaN 77
36883 73 80819 73 NaN NaN 73
50477 76 89397 74 NaN NaN 74
33860 76 85981 75 NaN NaN 75
56090 78 97235 77 NaN NaN 77
47110 85 156957 85 NaN NaN 85
58204 77 132700 74 NaN NaN 74
40351 78 109088 78 NaN NaN 78
47272 81 126321 81 NaN NaN 81
59539 75 66677 68 NaN NaN 68
37115 71 51665 66 NaN NaN 65
56772 77 64178 70 NaN NaN 70
35711 75 87032 75 NaN NaN 75
60509 80 117141 80 NaN NaN 80
38774 69 42664 62 NaN NaN 62
32700 77 92958 77 NaN NaN 77
39921 79 112032 79 NaN NaN 79
86134 78 110836 78 NaN NaN 78
44469 76 74675 72 NaN NaN 72
44871 73 79655 73 NaN NaN 73
101757 73 85660 73 NaN NaN 73
