17241 76 46171 76 NaN NaN 76
32537 69 27654 64 NaN NaN 63
16114 75 43410 75 NaN NaN 75
13584 70 32349 70 NaN NaN 70
23217 71 38130 71 NaN NaN 71
18686 76 44982 76 NaN NaN 76
13343 70 33384 70 NaN NaN 70
33725 78 47934 75 NaN NaN 75
23948 71 35239 71 NaN NaN 71
NaN NaN 33499 70 NaN NaN 70
31120 73 20313 58 NaN NaN 58
27244 69 32279 66 NaN NaN 66
17509 75 44897 75 NaN NaN 75
26078 72 34496 69 NaN NaN 69
20519 72 31680 70 NaN NaN 70
14990 73 41331 73 NaN NaN 73
15298 70 20973 61 NaN NaN 61
30020 72 25815 63 NaN NaN 63
28394 71 26699 68 NaN NaN 68
38302 72 34211 72 NaN NaN 72
33264 72 28476 65 NaN NaN 65
16173 71 36921 71 NaN NaN 71
12502 67 31965 67 NaN NaN 67
14408 70 36302 70 NaN NaN 70
27914 72 36261 72 NaN NaN 72
31502 79 48271 78 NaN NaN 78
27840 71 36158 70 NaN NaN 70
22708 80 50670 80 NaN NaN 80
9706 65 27419 65 NaN NaN 65
35794 70 21874 62 NaN NaN 62
