8718 65 17520 65 NaN NaN 65
15406 82 39287 82 NaN NaN 82
12666 68 19273 68 NaN NaN 68
16136 74 20389 69 NaN NaN 69
6205 64 17529 64 NaN NaN 64
12056 67 19527 67 NaN NaN 67
12625 69 18220 64 NaN NaN 64
7713 67 18177 67 NaN NaN 67
12722 72 25249 72 NaN NaN 72
10291 77 26932 77 NaN NaN 77
21411 71 19491 68 NaN NaN 68
16674 67 12226 58 NaN NaN 58
7641 68 18665 68 NaN NaN 68
6788 65 17502 65 NaN NaN 65
9520 73 22865 73 NaN NaN 73
9730 67 17697 66 NaN NaN 66
5545 66 16311 66 NaN NaN 66
8736 66 17836 66 NaN NaN 66
14815 71 21938 69 NaN NaN 69
12098 71 17251 67 NaN NaN 67
8553 71 22329 71 NaN NaN 71
6734 64 15712 63 NaN NaN 63
6695 66 15685 64 NaN NaN 64
12705 67 15882 67 NaN NaN 67
6162 61 13502 61 NaN NaN 61
14583 86 43083 86 NaN NaN 86
9442 74 28021 74 NaN NaN 74
9569 69 18448 66 NaN NaN 66
11148 73 23417 72 NaN NaN 72
10490 76 30027 76 NaN NaN 76
