8703 73 19334 73 NaN NaN 73
5268 66 14718 66 NaN NaN 66
7860 69 16933 68 NaN NaN 68
17642 75 15974 67 NaN NaN 67
7173 67 14859 66 NaN NaN 66
13151 73 17843 69 NaN NaN 69
8064 72 19399 72 NaN NaN 72
10727 81 28489 81 NaN NaN 81
5578 62 11702 62 NaN NaN 62
19148 78 12648 65 NaN NaN 65
8406 75 19427 75 NaN NaN 75
15310 69 16293 67 NaN NaN 67
7311 71 17047 71 NaN NaN 71
14036 74 18199 71 NaN NaN 71
8065 65 13423 65 NaN NaN 65
18485 73 19587 70 NaN NaN 69
6323 65 11448 61 NaN NaN 61
15070 68 17120 68 NaN NaN 68
11373 70 11173 61 NaN NaN 61
18835 74 16954 68 NaN NaN 68
7931 72 17209 68 NaN NaN 68
4657 59 10723 60 NaN NaN 59
5807 63 12746 63 NaN NaN 63
9049 73 21219 73 NaN NaN 73
7959 74 21731 74 NaN NaN 74
7419 73 20099 73 NaN NaN 73
20700 77 20244 75 NaN NaN 75
6774 68 16511 68 NaN NaN 68
6958 69 17745 69 NaN NaN 69
8651 75 20861 75 NaN NaN 75
