39290 82 90374 82 NaN NaN 82
29527 79 82720 79 NaN NaN 79
25706 77 70397 77 NaN NaN 77
54981 74 46158 68 NaN NaN 68
31142 77 69375 77 NaN NaN 77
20822 72 58535 71 NaN NaN 71
48559 79 86233 79 NaN NaN 79
41823 69 50350 69 NaN NaN 69
43853 68 51948 68 NaN NaN 68
32834 76 71406 76 NaN NaN 76
44094 73 48872 68 NaN NaN 68
25854 70 52958 70 NaN NaN 70
191409 78 70393 78 NaN NaN 78
38662 85 106464 85 NaN NaN 85
34724 75 66635 75 NaN NaN 75
49598 78 74895 78 NaN NaN 78
24059 69 50929 69 NaN NaN 69
36662 68 46972 66 NaN NaN 66
36932 74 63238 74 NaN NaN 74
28305 71 57086 70 NaN NaN 70
23342 71 60705 71 NaN NaN 71
33583 80 91466 80 NaN NaN 80
48076 75 57436 70 NaN NaN 70
30568 77 73592 77 NaN NaN 77
22848 73 62178 73 NaN NaN 73
23838 76 70918 76 NaN NaN 76
25629 68 40048 65 NaN NaN 65
27976 77 79091 77 NaN NaN 77
25650 77 75726 77 NaN NaN 77
41294 74 61050 71 NaN NaN 71
