48112 77 88291 77 NaN NaN 77
51121 76 68459 73 NaN NaN 73
40395 74 81416 74 NaN NaN 74
26707 73 72309 73 NaN NaN 73
61560 78 56164 68 NaN NaN 68
45627 69 52387 65 NaN NaN 65
54450 75 147145 72 NaN NaN 72
224309 77 112523 77 NaN NaN 77
29979 76 96471 76 NaN NaN 76
64509 78 86428 76 NaN NaN 76
48340 75 72013 72 NaN NaN 72
39589 69 61421 69 NaN NaN 69
26688 71 67680 71 NaN NaN 71
29488 73 75679 73 NaN NaN 73
36485 76 83614 76 NaN NaN 76
44868 79 62557 69 NaN NaN 69
42587 82 108520 82 NaN NaN 82
51700 73 72691 73 NaN NaN 73
46710 72 67027 71 NaN NaN 71
38050 80 106815 80 NaN NaN 80
29781 74 84544 74 NaN NaN 74
28881 69 68098 69 NaN NaN 69
43102 67 50437 65 NaN NaN 65
51702 75 60418 69 NaN NaN 69
27789 73 74060 73 NaN NaN 73
28335 75 79089 75 NaN NaN 75
66632 76 81369 75 NaN NaN 75
98706 75 65521 70 NaN NaN 70
30055 70 52498 65 NaN NaN 65
35561 69 55889 68 NaN NaN 68
