32112 72 36345 68 NaN NaN 68
39624 71 37389 70 NaN NaN 70
26063 83 73278 83 NaN NaN 83
31242 71 41545 71 NaN NaN 71
46376 75 37819 67 NaN NaN 67
41808 80 57929 79 NaN NaN 79
19661 74 47481 74 NaN NaN 74
16089 69 34078 67 NaN NaN 67
39747 79 55041 77 NaN NaN 77
24079 82 66472 82 NaN NaN 82
35787 73 36523 69 NaN NaN 69
23991 81 67241 81 NaN NaN 81
38414 76 46516 73 NaN NaN 73
30255 82 69185 82 NaN NaN 82
22617 71 39478 71 NaN NaN 71
27800 79 56832 79 NaN NaN 79
20799 78 58175 78 NaN NaN 78
35606 73 34251 65 NaN NaN 65
9144 63 26104 63 NaN NaN 63
28859 87 81221 87 NaN NaN 87
30644 77 43595 73 NaN NaN 73
38248 74 46113 71 NaN NaN 71
26217 81 61335 81 NaN NaN 81
31254 74 37472 70 NaN NaN 70
17659 74 48154 74 NaN NaN 74
38574 74 41256 72 NaN NaN 72
28149 72 46604 72 NaN NaN 72
14467 66 34257 66 NaN NaN 66
37520 72 39899 70 NaN NaN 70
34453 73 41870 72 NaN NaN 72
