28218 77 82051 77 NaN NaN 77
23012 72 63691 72 NaN NaN 72
39691 75 67085 72 NaN NaN 72
46649 72 61240 71 NaN NaN 71
25659 62 43182 62 NaN NaN 62
58538 85 116135 85 NaN NaN 85
42631 83 113329 83 NaN NaN 83
43524 72 63900 72 NaN NaN 72
52983 77 76801 76 NaN NaN 76
39845 72 66187 72 NaN NaN 72
19957 70 57145 70 NaN NaN 70
22600 71 66297 71 NaN NaN 71
54342 75 76941 75 NaN NaN 75
53800 82 88523 79 NaN NaN 79
49017 76 79962 76 NaN NaN 76
30951 76 74154 76 NaN NaN 76
26688 72 63165 72 NaN NaN 72
21502 69 54307 69 NaN NaN 69
26047 74 70228 74 NaN NaN 74
53942 78 63529 73 NaN NaN 73
139810 80 83611 80 NaN NaN 80
43058 84 108350 84 NaN NaN 84
43110 85 106269 85 NaN NaN 85
NaN NaN 55912 68 NaN NaN 67
52598 78 86407 78 NaN NaN 78
31369 76 75284 76 NaN NaN 76
37929 68 53198 63 NaN NaN 63
23612 71 55320 70 NaN NaN 70
34963 77 79289 77 NaN NaN 77
183108 80 39399 64 NaN NaN 63
