26832 78 70739 78 NaN NaN 78
24407 70 45089 69 NaN NaN 69
48734 78 46445 68 NaN NaN 68
19073 70 38685 65 NaN NaN 65
37368 73 57261 70 NaN NaN 70
42734 74 51791 72 NaN NaN 72
23354 76 63263 76 NaN NaN 76
32081 83 82098 83 NaN NaN 83
42424 73 49766 69 NaN NaN 69
36879 71 39703 66 NaN NaN 66
21941 71 39296 65 NaN NaN 65
29817 76 51812 70 NaN NaN 70
36354 71 39233 66 NaN NaN 66
24159 74 57652 74 NaN NaN 74
20755 70 34622 63 NaN NaN 63
51578 75 34882 63 NaN NaN 63
17921 72 58640 72 NaN NaN 72
28660 78 70285 78 NaN NaN 78
37180 76 60275 76 NaN NaN 76
31357 74 56322 74 NaN NaN 74
47537 84 95597 84 NaN NaN 84
25567 77 68088 77 NaN NaN 77
29091 76 63473 76 NaN NaN 76
49334 76 52052 73 NaN NaN 73
375853 75 60901 75 NaN NaN 75
36979 73 43537 68 NaN NaN 68
30259 83 90169 83 NaN NaN 83
45899 77 33621 62 NaN NaN 62
43518 77 60606 76 NaN NaN 76
39618 76 54062 72 NaN NaN 72
