20 930 12215 924
20 791 12317 785
20 927 13162 921
20 825 13131 818
20 1001 12270 995
20 1002 12565 996
20 933 11722 927
20 915 11621 907
20 995 12600 989
20 835 12436 831
20 1004 12792 998
20 872 11952 862
20 969 11732 967
20 1053 12420 1043
20 938 12297 930
20 837 12628 833
20 949 11857 939
20 943 13362 937
20 1034 13500 1024
20 936 12286 928
20 879 11845 873
20 898 11913 888
20 871 12257 861
20 958 12089 954
20 946 13309 935
40 930 13782 924
40 872 13850 868
40 927 13887 921
40 824 13748 818
40 1024 15842 1018
40 1012 14299 1003
40 933 13223 927
40 917 13723 907
40 995 14089 989
40 850 13645 839
40 1005 15221 998
40 1006 13556 1000
40 969 13573 967
40 1053 14786 1043
40 972 14435 964
40 837 13946 833
40 949 14375 939
40 1127 16928 1121
40 1034 16851 1024
40 1072 15139 1068
40 959 13727 955
40 899 13560 888
40 957 13390 945
40 1029 13818 1020
40 946 14948 935
60 930 15798 924
60 874 14949 868
60 927 14899 921
60 844 15215 831
60 1028 18466 1018
60 1012 16505 1003
60 967 15522 964
60 992 15663 973
60 995 15772 989
60 930 16642 926
60 1010 16139 998
60 1008 15591 1000
60 1024 16777 1013
60 1053 17996 1043
60 1037 17951 1027
60 840 16337 833
60 949 16094 939
60 1127 19529 1121
60 1034 19251 1024
60 1072 15993 1068
60 959 15203 955
60 899 18876 888
60 965 15236 957
60 1029 17633 1020
60 994 17402 986
80 931 18044 924
80 916 19918 908
80 1003 19693 999
80 881 18809 871
80 1043 24210 1034
80 1012 19764 1003
80 967 18764 964
80 988 20291 973
80 1036 18895 1026
80 935 20730 926
80 1010 19648 998
80 1089 18135 1081
80 1024 20631 1013
80 1053 20921 1043
80 1037 21591 1027
80 840 18218 833
80 951 18925 939
80 1129 24680 1121
80 1034 21274 1024
80 1072 17642 1068
80 1067 20804 1058
80 958 21045 944
80 980 17221 963
80 1046 20215 1036
80 994 22178 986
100 1027 22934 1017
100 917 22065 908
100 1005 22387 999
100 1015 21698 1005
100 1043 39953 1034
100 1014 22544 1003
100 967 21970 964
100 1010 23616 1005
100 1038 23875 1026
100 997 25742 987
100 1010 23371 998
100 1089 23362 1081
100 1024 24505 1013
100 1053 23117 1043
100 1037 24561 1027
100 988 22078 982
100 987 23885 974
100 1131 28186 1121
100 1034 25229 1024
100 1072 20279 1068
100 1067 22304 1058
100 965 24395 955
100 980 19572 963
100 1068 24002 1058
100 1047 24688 1037
120 1048 26687 1040
120 917 24379 908
120 1003 26778 999
120 1015 29213 1005
120 1043 45209 1034
120 1023 25825 1010
120 967 25500 964
120 1012 28254 1005
120 1067 26415 1054
120 997 30022 987
120 1010 27217 998
120 1091 27900 1081
120 1025 32189 1013
120 1053 33131 1043
120 1037 32530 1027
120 1046 24933 1036
120 998 28498 990
120 1129 35328 1121
120 1034 35341 1024
120 1094 25381 1092
120 1067 25793 1058
120 981 31058 974
120 982 23138 963
120 1068 32852 1058
120 1049 27396 1037
140 1048 38051 1040
140 1006 31045 993
140 1003 30829 999
140 1015 31303 1005
140 1043 39026 1034
140 1023 32004 1010
140 967 29521 964
140 1010 43943 1005
140 1065 36487 1054
140 997 34188 987
140 1018 32255 999
140 1093 39673 1081
140 1028 37923 1013
140 1053 39735 1043
140 1037 35503 1027
140 1046 28816 1036
140 1000 31367 990
140 1129 39433 1121
140 1034 47555 1024
140 1097 35426 1092
140 1066 34563 1058
140 983 37527 974
140 982 30442 963
140 1068 37865 1058
140 1046 35957 1037
160 1053 45908 1040
160 1004 43235 993
160 1061 35625 1049
160 1015 38219 1005
160 1045 47441 1034
160 1021 36372 1010
160 968 35264 964
160 1010 40682 1005
160 1071 46789 1054
160 1033 40700 1023
160 1022 41136 999
160 1095 51245 1081
160 1027 44034 1013
160 1053 43786 1043
160 1035 44233 1027
160 1046 38892 1036
160 998 36775 990
160 1131 48824 1121
160 1036 47804 1024
160 1100 43167 1092
160 1069 39505 1058
160 985 43621 974
160 982 41488 963
160 1068 46394 1058
160 1046 39098 1037
180 1056 52248 1040
180 1007 54198 993
180 1062 46398 1049
180 1013 43136 1005
180 1048 53311 1034
180 1024 45768 1010
180 967 44585 964
180 1011 60583 1005
180 1067 52749 1054
180 1039 53256 1023
180 1023 46276 999
180 1091 51180 1081
180 1056 51363 1042
180 1054 55092 1043
180 1037 51911 1027
180 1050 45107 1036
180 1000 47086 990
180 1129 58121 1121
180 1035 63626 1024
180 1100 50817 1092
180 1070 47417 1059
180 988 51475 974
180 1004 47447 986
180 1068 61873 1058
180 1049 53966 1037
200 1059 63347 1040
200 1010 60060 993
200 1063 55886 1049
200 1015 54178 1005
200 1045 65574 1034
200 1024 50370 1010
200 973 63557 964
200 1019 77315 1007
200 1069 69221 1054
200 1042 67109 1023
200 1023 61411 999
200 1097 60856 1081
200 1052 67347 1042
200 1056 61861 1043
200 1063 60103 1050
200 1050 52845 1036
200 1000 58709 990
200 1131 67944 1121
200 1035 73184 1024
200 1097 66331 1092
200 1070 59066 1059
200 1000 63042 984
200 995 52966 986
200 1070 64136 1058
200 1049 65680 1037
220 1058 74145 1040
220 1021 83215 1008
220 1065 63931 1049
220 1015 74266 1005
220 1048 78242 1034
220 1023 75500 1010
220 974 82937 964
220 1019 78318 1007
220 1071 71374 1054
220 1046 86569 1023
220 1024 86032 999
220 1095 80105 1081
220 1056 82418 1042
220 1056 72807 1043
220 1066 78734 1050
220 1052 61024 1036
220 999 71570 990
220 1133 84233 1121
220 1037 87168 1024
220 1094 83417 1092
220 1072 78760 1059
220 1003 75314 984
220 995 70759 986
220 1074 85718 1058
220 1050 84241 1037
240 1057 91299 1040
240 1022 107090 1008
240 1069 81310 1049
240 1013 91765 1005
240 1050 91298 1034
240 1024 91434 1010
240 974 97146 964
240 1020 103436 1007
240 1071 101719 1054
240 1042 97945 1023
240 1025 100195 999
240 1095 91215 1081
240 1052 105943 1042
240 1058 93613 1043
240 1063 100047 1050
240 1050 83569 1036
240 1007 90697 990
240 1135 99057 1121
240 1042 110380 1024
240 1099 106275 1092
240 1071 93770 1059
240 1005 100248 984
240 1039 95965 1029
240 1075 89139 1058
240 1052 96449 1037
260 1063 101762 1040
260 1021 101697 1008
260 1068 102850 1049
260 1030 103788 1005
260 1053 135556 1034
260 1026 104777 1010
260 976 101866 964
260 1023 118607 1007
260 1073 108783 1054
260 1042 112660 1023
260 1029 104812 999
260 1095 107497 1081
260 1061 118253 1042
260 1062 108197 1043
260 1068 113004 1050
260 1048 112520 1036
260 1009 103462 990
260 1131 120585 1121
260 1037 128612 1024
260 1100 116176 1092
260 1074 105000 1059
260 999 110786 984
260 1042 111332 1029
260 1083 105344 1063
260 1052 125307 1037
280 1065 128082 1040
280 1027 166864 1008
280 1069 122398 1049
280 1032 119424 1005
280 1052 146975 1034
280 1028 130014 1010
280 994 131444 983
280 1020 135813 1007
280 1071 138790 1054
280 1050 134423 1023
280 1032 136306 999
280 1098 137447 1081
280 1064 139043 1042
280 1063 130652 1043
280 1063 147044 1050
280 1061 127855 1036
280 1012 121075 990
280 1135 138678 1121
280 1042 153884 1024
280 1102 138764 1092
280 1072 124578 1059
280 1007 123326 984
280 1048 143436 1029
280 1085 132956 1063
280 1054 141346 1037
300 1062 162791 1040
300 1074 190554 1054
300 1067 152166 1049
300 1036 143580 1005
300 1053 178196 1034
300 1029 143456 1010
300 997 165552 983
300 1022 148558 1007
300 1071 173190 1054
300 1046 158141 1023
300 1031 153332 999
300 1096 175805 1081
300 1064 184397 1042
300 1063 138668 1043
300 1063 163805 1050
300 1057 149189 1036
300 1013 141335 990
300 1133 168200 1121
300 1038 170301 1024
300 1092 166574 1092
300 1074 153434 1059
300 1010 156812 984
300 1048 150611 1029
300 1086 160355 1063
300 1057 188691 1037
320 1062 188213 1040
320 1074 195759 1054
320 1069 167237 1049
320 1035 174307 1005
320 1053 206992 1034
320 1029 195802 1010
320 1010 178068 989
320 1024 175319 1007
320 1073 204782 1054
320 1053 187683 1023
320 1034 191306 999
320 1098 183107 1081
320 1064 238095 1042
320 1064 184918 1043
320 1070 184025 1050
320 1059 166889 1036
320 1034 165165 1009
320 1140 198525 1121
320 1039 199373 1024
320 1110 178243 1092
320 1072 188961 1059
320 1036 178777 1004
320 1046 179459 1029
320 1086 199011 1063
320 1062 223965 1037
340 1061 232193 1040
340 1076 210498 1054
340 1074 197359 1049
340 1035 221158 1005
340 1055 265087 1034
340 1032 227796 1010
340 1073 215878 1057
340 1023 202371 1007
340 1073 247104 1054
340 1056 221223 1023
340 1034 213513 999
340 1097 233797 1081
340 1066 243150 1042
340 1064 206499 1043
340 1067 216944 1050
340 1057 215361 1036
340 1033 196131 1009
340 1139 250630 1121
340 1043 237835 1024
340 1106 206923 1092
340 1152 229857 1131
340 1028 196191 1004
340 1090 193841 1071
340 1088 201569 1063
340 1085 257622 1052
360 1061 255224 1040
360 1074 278689 1054
360 1069 215268 1049
360 1135 270693 1102
360 1057 288807 1034
360 1032 247434 1010
360 1069 269186 1057
360 1026 240942 1007
360 1075 274742 1054
360 1054 244200 1023
360 1036 245333 999
360 1095 259892 1081
360 1062 296388 1042
360 1063 255743 1043
360 1070 278844 1050
360 1059 250893 1036
360 1040 215045 1009
360 1140 313028 1121
360 1044 275534 1024
360 1101 238105 1092
360 1152 272088 1131
360 1037 247164 1004
360 1091 254920 1071
360 1089 265019 1063
360 1088 322968 1052
380 1066 294772 1040
380 1073 281624 1054
380 1073 261441 1049
380 1130 317265 1102
380 1061 312259 1034
380 1032 300187 1010
380 1075 274655 1057
380 1027 295313 1007
380 1077 302979 1054
380 1052 306092 1023
380 1038 288647 999
380 1097 281101 1081
380 927 334381 1042
380 1064 312568 1043
380 1069 313821 1050
380 1070 296129 1056
380 1036 251971 1009
380 1000 334663 1121
380 1041 305939 1024
380 1103 287281 1092
380 1154 322983 1131
380 1037 273317 1004
380 1088 282164 1071
380 1093 277588 1063
