51252 82 51963 74 NaN NaN 74
22574 74 57771 74 NaN NaN 74
77830 78 58136 76 NaN NaN 76
86439 77 52521 74 NaN NaN 74
19201 71 161442 71 NaN NaN 71
149982 71 42204 69 NaN NaN 69
48364 77 58420 72 NaN NaN 70
22514 70 47232 70 NaN NaN 70
49033 87 35018 66 NaN NaN 66
34466 84 103126 84 NaN NaN 84
37689 80 42139 69 NaN NaN 69
20084 72 328950 71 NaN NaN 71
35627 75 53662 73 NaN NaN 73
76545 89 63845 78 NaN NaN 78
39017 79 48548 71 NaN NaN 71
99284 80 59721 77 NaN NaN 77
43593 78 46425 70 NaN NaN 70
74644 71 40474 69 NaN NaN 69
31397 80 72395 79 NaN NaN 79
27941 78 89657 78 NaN NaN 78
22743 73 43636 70 NaN NaN 69
35794 82 54551 74 NaN NaN 74
48923 82 43039 70 NaN NaN 70
37447 76 59558 75 NaN NaN 75
60654 71 50436 71 NaN NaN 71
55825 74 38156 68 NaN NaN 68
28407 80 54694 72 NaN NaN 72
NaN NaN 76461 82 NaN NaN 82
55949 92 40214 67 NaN NaN 67
34413 80 55040 74 NaN NaN 74
