NaN NaN 56328 72 NaN NaN 72
NaN NaN 83781 80 NaN NaN 80
20207 71 44828 69 NaN NaN 67
28917 73 39391 64 NaN NaN 64
84553 79 66500 77 NaN NaN 77
54539 88 64299 75 NaN NaN 73
NaN NaN 80743 82 NaN NaN 82
NaN NaN 39871 66 NaN NaN 66
45742 82 65808 76 NaN NaN 76
41643 84 91970 83 NaN NaN 83
36392 82 359465 74 NaN NaN 74
460482 75 62970 75 NaN NaN 73
NaN NaN 90525 83 NaN NaN 83
NaN NaN 55644 73 NaN NaN 73
39030 84 67995 78 NaN NaN 78
NaN NaN 75898 79 NaN NaN 79
37590 75 42861 68 NaN NaN 68
41759 77 38250 66 NaN NaN 66
119840 81 68681 77 NaN NaN 77
39702 75 39181 65 NaN NaN 65
35115 73 54685 72 NaN NaN 72
NaN NaN 237760 73 NaN NaN 73
NaN NaN 54811 71 NaN NaN 71
18464 70 49357 69 NaN NaN 69
25400 78 75778 78 NaN NaN 77
25755 77 69013 77 NaN NaN 77
152371 77 43258 68 NaN NaN 68
41692 81 75431 79 NaN NaN 79
NaN NaN 60552 72 NaN NaN 72
147352 75 77933 75 NaN NaN 75
