5437 68 14488 65 NaN NaN 65
11522 75 16552 72 NaN NaN 72
8730 71 7105 58 NaN NaN 58
12783 77 16355 72 NaN NaN 72
16446 78 8920 61 NaN NaN 59
8488 78 21080 78 NaN NaN 78
8004 72 16178 72 NaN NaN 72
12288 72 11482 64 NaN NaN 64
8109 77 20593 77 NaN NaN 77
8130 71 15089 71 NaN NaN 69
5313 69 12078 66 NaN NaN 66
8254 73 18963 73 NaN NaN 73
12194 68 10358 64 NaN NaN 64
16455 85 16697 74 NaN NaN 74
18316 76 18133 76 NaN NaN 74
4425 64 12028 64 NaN NaN 64
17472 80 14266 70 NaN NaN 70
NaN NaN 8867 61 NaN NaN 61
9124 70 14856 70 NaN NaN 70
11567 73 10101 65 NaN NaN 65
14150 73 13099 69 NaN NaN 69
5799 62 9002 60 NaN NaN 58
4080 60 10818 59 NaN NaN 59
9734 79 20740 79 NaN NaN 79
10399 81 23070 81 NaN NaN 81
7770 74 17413 74 NaN NaN 74
9668 73 18444 73 NaN NaN 73
4492 64 9507 62 NaN NaN 62
7835 79 19262 77 NaN NaN 77
6591 72 14670 72 NaN NaN 72
