47274 83 89027 81 NaN NaN 81
38949 75 47884 67 NaN NaN 67
27069 79 NaN NaN NaN NaN 77
33353 79 85137 79 NaN NaN 79
NaN NaN 54646 68 NaN NaN 66
NaN NaN 104462 82 NaN NaN 82
477495 81 84691 79 NaN NaN 79
426454 80 58492 71 NaN NaN 71
43845 79 68199 75 NaN NaN 75
61916 89 251763 69 NaN NaN 69
501574 82 70689 76 NaN NaN 76
26879 72 65653 72 NaN NaN 72
465609 82 75042 76 NaN NaN 76
41925 84 98949 83 NaN NaN 83
193220 71 58842 71 NaN NaN 71
NaN NaN 47884 66 NaN NaN 66
94631 76 62886 71 NaN NaN 71
NaN NaN 57819 72 NaN NaN 71
129928 77 70153 77 NaN NaN 77
45218 72 45593 64 NaN NaN 62
48609 79 51255 68 NaN NaN 67
85483 78 77444 78 NaN NaN 78
171749 76 55872 71 NaN NaN 71
71895 74 61802 70 NaN NaN 70
27949 76 69179 76 NaN NaN 76
498819 78 80937 78 NaN NaN 78
78494 79 65422 75 NaN NaN 75
48762 77 52288 70 NaN NaN 70
42171 75 51012 69 NaN NaN 69
253429 85 73179 77 NaN NaN 77
