44800 66 23119 64 NaN NaN 64
17771 76 36950 76 NaN NaN 76
16843 76 39876 76 NaN NaN 76
23763 88 36766 76 NaN NaN 76
11169 73 33234 73 NaN NaN 73
13418 71 32746 71 NaN NaN 71
25331 76 34555 73 NaN NaN 73
24078 88 59443 88 NaN NaN 88
15392 71 28502 70 NaN NaN 69
11228 66 21179 64 NaN NaN 64
17622 67 13388 55 NaN NaN 55
20092 79 38264 75 NaN NaN 75
21907 66 21282 66 NaN NaN 66
31384 77 28725 70 NaN NaN 70
17642 76 41036 76 NaN NaN 76
22774 78 40323 78 NaN NaN 78
17978 69 36920 62 NaN NaN 62
28308 82 23211 65 NaN NaN 65
18751 75 35789 72 NaN NaN 72
28482 74 25534 67 NaN NaN 65
8779 63 20451 63 NaN NaN 61
12875 73 31687 71 NaN NaN 71
21960 74 29018 70 NaN NaN 70
41214 78 49036 78 NaN NaN 78
20444 80 43237 79 NaN NaN 79
18462 77 39395 77 NaN NaN 77
32443 77 30085 70 NaN NaN 70
34879 85 21735 64 NaN NaN 64
19276 78 40927 75 NaN NaN 75
