129759 81 80463 76 NaN NaN 76
134841 83 83008 77 NaN NaN 77
119488 78 73207 75 NaN NaN 75
181792 67 52823 67 NaN NaN 67
49062 81 86111 77 NaN NaN 77
NaN NaN 75136 76 NaN NaN 76
50817 74 64089 68 NaN NaN 68
64050 82 58424 70 NaN NaN 70
43738 78 82371 78 NaN NaN 78
136716 87 65678 74 NaN NaN 74
118772 80 78202 74 NaN NaN 74
48433 83 99392 80 NaN NaN 80
36587 79 93642 79 NaN NaN 79
NaN NaN 81897 77 NaN NaN 77
132574 80 74224 75 NaN NaN 75
359826 77 76854 76 NaN NaN 76
NaN NaN 106864 79 NaN NaN 79
62756 84 51444 67 NaN NaN 62
131458 76 66557 74 NaN NaN 74
64514 74 64586 72 NaN NaN 72
NaN NaN 100397 83 NaN NaN 83
208065 79 58870 70 NaN NaN 70
213962 69 49281 66 NaN NaN 66
NaN NaN 60514 72 NaN NaN 72
NaN NaN 71427 75 NaN NaN 75
97080 68 52678 68 NaN NaN 68
233647 76 65929 73 NaN NaN 73
42730 76 NaN NaN NaN NaN 74
38564 79 74537 75 NaN NaN 75
40126 75 201579 67 NaN NaN 65
