32523 69 34266 69 NaN NaN 69
19688 74 35322 69 NaN NaN 69
19417 76 38874 72 NaN NaN 72
18593 74 46215 74 NaN NaN 74
NaN NaN 36005 70 NaN NaN 70
32640 85 55140 80 NaN NaN 80
25348 77 48443 77 NaN NaN 77
36350 86 67585 86 NaN NaN 86
56185 73 42884 73 NaN NaN 73
20175 73 39158 71 NaN NaN 71
26659 74 38648 71 NaN NaN 71
29997 73 40177 73 NaN NaN 73
63323 90 48285 75 NaN NaN 75
25055 85 72630 85 NaN NaN 85
20183 76 41133 73 NaN NaN 73
21522 75 24423 63 NaN NaN 63
35600 74 42630 73 NaN NaN 73
18341 67 31660 65 NaN NaN 65
40165 79 57715 79 NaN NaN 79
21526 69 31039 65 NaN NaN 65
48151 76 48182 76 NaN NaN 76
23821 78 36721 66 NaN NaN 66
22307 74 40408 73 NaN NaN 71
35131 79 35073 69 NaN NaN 69
25355 74 28975 66 NaN NaN 66
13344 69 33986 69 NaN NaN 69
35090 76 41917 73 NaN NaN 73
36928 78 217820 75 NaN NaN 75
142165 74 47046 72 NaN NaN 72
25776 76 36972 70 NaN NaN 70
