14598 78 15816 66 NaN NaN 66
12193 74 10149 60 NaN NaN 60
5702 66 14865 66 NaN NaN 66
NaN NaN 14480 65 NaN NaN 65
11881 74 20363 72 NaN NaN 72
13798 81 19785 73 NaN NaN 71
9219 71 11962 63 NaN NaN 63
16574 75 12408 64 NaN NaN 64
11911 75 20824 74 NaN NaN 73
6331 68 12297 64 NaN NaN 64
10850 77 22127 72 NaN NaN 71
11191 77 28114 77 NaN NaN 77
5153 66 14253 66 NaN NaN 65
8064 71 22445 71 NaN NaN 71
13320 74 12861 64 NaN NaN 64
8387 73 21483 73 NaN NaN 73
6998 70 16644 70 NaN NaN 70
18391 69 12582 61 NaN NaN 59
6660 69 15981 68 NaN NaN 68
5450 69 15486 69 NaN NaN 69
20222 86 28371 81 NaN NaN 81
11868 79 25782 79 NaN NaN 79
NaN NaN 23948 76 NaN NaN 76
24469 74 16802 69 NaN NaN 69
30256 71 16991 69 NaN NaN 69
6870 64 7864 54 NaN NaN 54
3881 61 13218 60 NaN NaN 60
13361 82 32698 82 NaN NaN 82
5700 67 16315 67 NaN NaN 67
7386 66 14772 65 NaN NaN 65
