36777 82 34468 67 NaN NaN 67
70755 74 47485 74 NaN NaN 74
73939 78 56881 76 NaN NaN 76
122190 77 57306 77 NaN NaN 77
38700 77 51245 75 NaN NaN 75
16908 70 40399 70 NaN NaN 69
32880 69 38162 69 NaN NaN 69
48091 75 41706 70 NaN NaN 70
30421 81 40813 71 NaN NaN 71
30951 75 39002 69 NaN NaN 69
46614 89 96193 86 NaN NaN 86
29131 83 55179 76 NaN NaN 76
18669 74 49812 74 NaN NaN 74
20193 74 53360 74 NaN NaN 74
39933 73 38685 70 NaN NaN 69
24374 79 48832 75 NaN NaN 75
29354 80 53386 76 NaN NaN 76
NaN NaN 40473 70 NaN NaN 70
22719 78 53793 76 NaN NaN 76
45640 79 38469 70 NaN NaN 70
21661 75 50867 75 NaN NaN 75
37501 77 50431 76 NaN NaN 76
23449 76 53778 76 NaN NaN 76
41222 90 49423 72 NaN NaN 72
54812 87 49522 74 NaN NaN 74
NaN NaN 103907 68 NaN NaN 68
41021 79 61710 79 NaN NaN 79
38163 84 52168 76 NaN NaN 76
22075 78 55039 78 NaN NaN 78
