NaN NaN 36867 73 NaN NaN 73
198385 71 31910 68 NaN NaN 68
22408 73 32118 69 NaN NaN 69
17735 78 42062 76 NaN NaN 76
37883 82 24135 65 NaN NaN 63
21809 77 33426 67 NaN NaN 67
17112 64 31286 57 NaN NaN 57
14006 69 26532 66 NaN NaN 64
36113 79 48514 77 NaN NaN 77
29666 80 29331 67 NaN NaN 67
44560 76 44888 76 NaN NaN 76
20252 76 47958 75 NaN NaN 75
65107 81 43469 75 NaN NaN 75
23129 75 41344 75 NaN NaN 75
26888 75 22290 63 NaN NaN 63
32782 84 26640 67 NaN NaN 67
20695 77 35233 70 NaN NaN 70
14478 73 41098 73 NaN NaN 73
24319 82 55368 82 NaN NaN 82
18294 78 47704 78 NaN NaN 78
10985 70 30343 68 NaN NaN 68
26820 76 39684 74 NaN NaN 74
24518 81 44505 76 NaN NaN 76
64266 79 50474 78 NaN NaN 78
14392 71 30398 67 NaN NaN 67
14882 72 33753 72 NaN NaN 72
19277 73 27509 66 NaN NaN 66
15792 71 35000 71 NaN NaN 71
NaN NaN 37532 74 NaN NaN 74
