12386 74 25270 73 NaN NaN 73
20210 78 26670 74 NaN NaN 74
NaN NaN 20358 70 NaN NaN 70
6302 64 18855 64 NaN NaN 64
10842 66 17246 66 NaN NaN 66
14445 70 19483 66 NaN NaN 65
8400 66 15340 64 NaN NaN 64
11568 73 24742 73 NaN NaN 73
11130 79 34310 79 NaN NaN 79
8644 69 21292 69 NaN NaN 69
16871 76 20597 69 NaN NaN 69
34530 85 35424 79 NaN NaN 79
25357 76 23329 72 NaN NaN 72
16960 80 36665 80 NaN NaN 80
8934 70 21673 70 NaN NaN 70
10502 71 19876 68 NaN NaN 68
10073 73 28989 73 NaN NaN 73
8568 72 13741 62 NaN NaN 62
9627 71 24098 71 NaN NaN 71
10815 76 26715 76 NaN NaN 76
17498 79 17084 66 NaN NaN 66
14572 78 28454 77 NaN NaN 77
25565 76 24360 73 NaN NaN 73
10599 75 29148 75 NaN NaN 75
8129 66 17721 66 NaN NaN 66
NaN NaN 25325 74 NaN NaN 74
15540 81 35807 81 NaN NaN 81
20940 78 25797 75 NaN NaN 73
10101 69 15969 63 NaN NaN 60
15020 69 13030 59 NaN NaN 58
