15018 78 52720 66 NaN NaN 66
14863 79 32553 76 NaN NaN 76
27813 76 22434 65 NaN NaN 61
8749 72 28035 72 NaN NaN 72
11771 74 33540 74 NaN NaN 74
22426 78 29198 72 NaN NaN 72
15402 71 25086 71 NaN NaN 71
20258 67 20354 66 NaN NaN 66
21903 74 33290 73 NaN NaN 73
11942 76 34158 76 NaN NaN 76
17163 74 21054 63 NaN NaN 63
13575 73 15393 60 NaN NaN 58
10649 69 38583 69 NaN NaN 69
5664 61 18801 60 NaN NaN 60
14863 75 23520 70 NaN NaN 70
23445 80 30309 74 NaN NaN 74
21472 79 37490 75 NaN NaN 75
13099 77 12497 58 NaN NaN 58
17292 83 46275 83 NaN NaN 83
10239 67 22855 67 NaN NaN 67
8650 69 17813 63 NaN NaN 63
14187 82 46002 82 NaN NaN 82
NaN NaN 16619 62 NaN NaN 62
9420 68 22340 68 NaN NaN 68
13555 75 23165 69 NaN NaN 69
6495 64 17036 62 NaN NaN 60
18520 72 24960 67 NaN NaN 67
17190 83 48317 83 NaN NaN 83
21594 79 18803 63 NaN NaN 63
20258 67 20354 66 NaN NaN 66
21903 74 33290 73 NaN NaN 73
11942 76 34158 76 NaN NaN 76
17163 74 21054 63 NaN NaN 63
13575 73 15393 60 NaN NaN 58
10649 69 38583 69 NaN NaN 69
5664 61 18801 60 NaN NaN 60
14863 75 23520 70 NaN NaN 70
23445 80 30309 74 NaN NaN 74
21472 79 37490 75 NaN NaN 75
13099 77 12497 58 NaN NaN 58
17292 83 46275 83 NaN NaN 83
10239 67 22855 67 NaN NaN 67
8650 69 17813 63 NaN NaN 63
14187 82 46002 82 NaN NaN 82
NaN NaN 16619 62 NaN NaN 62
9420 68 22340 68 NaN NaN 68
13555 75 23165 69 NaN NaN 69
6495 64 17036 62 NaN NaN 60
18520 72 24960 67 NaN NaN 67
17190 83 48317 83 NaN NaN 83
21594 79 18803 63 NaN NaN 63