10 59 1080 53
10 54 1264 40
10 45 320 42
10 54 541 44
10 43 316 41
10 50 346 49
10 49 557 41
10 47 467 39
10 38 223 37
10 55 780 43
10 49 603 40
10 50 772 40
10 43 431 37
10 50 319 48
10 48 535 38
10 41 323 39
10 34 220 31
10 58 1171 44
10 50 427 45
10 45 326 45
10 36 318 30
10 43 384 41
10 52 547 46
10 47 543 38
10 42 540 30
20 59 1583 53
20 54 2237 40
20 48 648 46
20 54 1260 44
20 58 1964 48
20 50 766 49
20 52 1155 46
20 53 1292 45
20 57 2683 43
20 55 1484 43
20 53 1523 40
20 50 1530 40
20 49 1190 41
20 54 858 54
20 51 987 43
20 64 3413 50
20 47 929 47
20 58 2612 44
20 50 860 45
20 48 814 45
20 37 649 30
20 43 553 41
20 52 1213 46
20 58 2836 46
20 50 1202 42
30 59 2303 53
30 58 3539 47
30 48 886 46
30 54 1958 44
30 58 3117 48
30 52 1400 49
30 52 1880 46
30 53 1931 45
30 61 3850 50
30 59 2750 52
30 53 2638 40
30 50 2545 40
30 49 1609 41
30 54 1403 54
30 51 1729 43
30 64 5493 50
30 47 944 47
30 58 4522 44
30 50 1360 45
30 62 5775 45
30 46 1550 38
30 45 990 45
30 52 1918 46
30 58 4341 46
30 55 2023 50
40 61 3967 53
40 58 4954 47
40 49 1371 46
40 54 2923 46
40 58 4391 48
40 57 3685 49
40 52 2260 46
40 53 2823 45
40 61 5380 50
40 59 3708 52
40 60 6973 42
40 50 3288 40
40 50 2301 43
40 54 1930 54
40 57 3686 52
40 64 7629 50
40 55 3531 47
40 58 5834 44
40 54 3325 45
40 64 8242 49
40 46 2133 38
40 45 1194 45
40 52 2598 46
40 58 5792 46
40 55 2733 50
50 65 7936 53
50 58 6257 47
50 50 2534 47
50 56 4659 46
50 58 5460 48
50 57 4741 49
50 52 2876 46
50 53 3583 45
50 61 6876 50
50 59 4692 52
50 61 8577 44
50 57 4174 50
50 50 2760 43
50 54 3022 54
50 58 3473 52
50 64 9414 50
50 55 4288 47
50 58 7967 44
50 54 4173 45
50 64 10286 49
50 46 2482 38
50 46 1551 45
50 52 3442 46
50 59 6308 46
50 55 3368 50
60 65 9131 53
60 58 7446 47
60 50 2115 47
60 56 5627 46
60 58 6590 48
60 57 5662 49
60 54 4854 46
60 53 4522 45
60 62 8577 50
60 59 5814 52
60 62 10835 44
60 57 5315 50
60 50 3561 43
60 54 2765 54
60 58 4637 52
60 64 11520 50
60 55 5273 47
60 58 9209 44
60 54 6121 45
60 64 12676 49
60 53 3117 50
60 46 1894 45
60 52 4196 46
60 59 8409 46
60 55 4105 50
70 65 10958 53
70 58 9023 47
70 55 5405 47
70 58 6951 49
70 59 7456 50
70 59 6804 51
70 54 6086 46
70 53 7084 45
70 67 9788 59
70 61 7410 54
70 63 12455 49
70 57 6365 50
70 50 3987 44
70 54 3322 54
70 58 5323 52
70 64 13200 50
70 55 7459 47
70 61 11273 48
70 54 6164 45
70 64 15361 49
70 53 3658 50
70 52 3011 52
70 52 4980 46
70 59 9725 46
70 55 4855 50
80 65 13182 53
80 58 10826 47
80 55 6268 47
80 58 8234 49
80 59 9138 50
80 59 8087 51
80 54 7438 46
80 53 6129 45
80 67 11786 59
80 61 8302 54
80 63 14803 49
80 58 7215 51
80 50 4406 44
80 56 5269 54
80 58 6511 52
80 64 15418 50
80 58 10699 47
80 61 13002 48
80 54 8192 45
80 64 19319 49
80 53 6127 50
80 52 4004 52
80 52 6452 46
80 59 11425 46
80 58 8605 50
90 65 14944 53
90 61 11934 51
90 55 7281 47
90 58 9331 49
90 59 10421 50
90 59 8877 51
90 54 8566 46
90 59 7316 55
90 72 22955 59
90 64 13074 54
90 63 16981 49
90 58 8123 51
90 50 5258 44
90 57 6541 54
90 58 7519 52
90 64 17835 50
90 58 11669 47
90 62 16481 48
90 54 8336 45
90 69 20523 56
90 53 6532 50
90 52 6556 52
90 53 6696 47
90 59 13457 46
90 65 20526 50
100 67 22786 53
100 61 13415 51
100 56 9134 47
100 58 10800 49
100 59 12064 50
100 59 12497 51
100 54 9845 46
100 59 8297 55
100 72 24987 59
100 64 14495 54
100 63 21602 49
100 58 10072 51
100 59 17728 44
100 58 6829 54
100 58 9891 52
100 64 19845 50
100 58 14215 47
100 62 17873 48
100 54 9750 45
100 69 22824 56
100 55 7676 50
100 52 4803 52
100 62 20573 47
100 62 18535 49
100 65 24272 50
110 67 25948 53
110 61 15694 51
110 56 11414 47
110 58 11613 49
110 59 13376 50
110 59 12174 51
110 55 12501 46
110 59 9443 55
110 72 28991 59
110 64 16787 54
110 63 24923 49
110 58 10840 51
110 60 20301 45
110 58 7400 54
110 58 9516 52
110 64 22472 50
110 58 17998 47
110 64 22049 48
110 56 10739 49
110 69 25929 56
110 55 8490 50
110 53 5936 52
110 62 25311 47
110 62 20129 49
110 65 27212 50
120 67 26712 53
120 61 19276 51
120 56 12839 47
120 58 12644 49
120 59 14978 50
120 59 12903 51
120 55 11437 46
120 59 10577 55
120 72 33691 59
120 64 18747 54
120 63 24104 49
120 61 16833 51
120 60 25617 45
120 58 8016 54
120 58 11122 52
120 64 25609 50
120 58 17391 47
120 64 28213 48
120 56 12157 49
120 69 28372 56
120 55 9718 50
120 53 22050 52
120 62 25784 47
120 62 25734 49
120 65 28699 50
130 67 30188 53
130 61 19476 51
130 56 15768 47
130 NaN NaN NaN
130 59 16204 50
130 59 14463 51
130 55 12494 46
130 59 13439 55
130 72 37199 59
130 64 20529 54
130 63 26687 49
130 61 19072 51
130 60 28419 45
130 62 14046 54
130 60 163457 52
130 64 27996 50
130 58 18653 47
130 64 30753 48
130 57 12735 49
130 69 32081 56
130 56 11665 52
130 52 21800 52
130 62 30807 47
130 62 27484 49
130 66 32137 51
140 NaN NaN NaN
140 61 23220 51
140 56 15305 47
140 NaN NaN NaN
140 59 17828 50
140 55 8966 51
140 61 30290 46
140 60 108212 55
140 72 37390 59
140 64 23210 54
140 63 33794 49
140 61 20153 51
140 60 29192 45
140 62 15574 54
140 NaN NaN NaN
140 64 31058 50
140 NaN NaN NaN
140 64 31486 48
140 57 255448 49
140 69 33889 56
140 59 17055 52
140 62 24128 52
140 62 32702 47
140 64 29466 51
140 66 36558 51
150 NaN NaN NaN
150 61 23139 51
150 57 15912 47
150 NaN NaN NaN
150 59 21064 50
150 55 10335 51
150 61 28840 46
150 60 212070 55
150 72 44098 59
150 64 25398 54
150 63 34771 49
150 61 23392 51
150 60 30471 45
150 64 21568 54
150 NaN NaN NaN
150 64 36695 50
150 58 22132 47
150 64 33260 48
150 57 15749 49
150 69 39831 56
150 59 17755 52
150 62 25425 52
150 62 36678 47
150 64 33050 51
150 66 39762 51
160 NaN NaN NaN
160 61 25353 51
160 57 16273 47
160 NaN NaN NaN
160 59 25381 50
160 65 39351 51
160 NaN NaN NaN
160 NaN NaN NaN
160 72 45823 59
160 64 27193 54
160 63 40941 49
160 61 24120 51
160 60 35390 45
160 64 26023 54
160 64 30822 52
160 64 36562 50
160 58 24304 47
160 64 39290 48
160 57 16787 49
160 69 41829 56
160 NaN NaN NaN
160 62 27034 52
160 62 35646 47
160 64 37328 51
160 66 40279 51
170 NaN NaN NaN
170 61 28797 51
170 57 25179 47
170 61 25693 51
170 59 25348 50
170 65 44029 51
170 61 34192 46
170 NaN NaN NaN
170 72 49235 59
170 64 29572 54
170 63 42723 49
170 61 25478 51
170 60 37094 46
170 64 29801 54
170 64 32538 52
170 64 39087 50
170 58 28954 47
170 64 40208 48
170 NaN NaN NaN
170 69 49894 56
170 NaN NaN NaN
170 62 29599 52
170 62 42315 47
170 64 38378 51
170 66 45667 51
180 NaN NaN NaN
180 61 29264 51
180 NaN NaN NaN
180 NaN NaN NaN
180 59 24233 50
180 65 44880 51
180 NaN NaN NaN
180 62 24095 55
180 72 54731 59
180 NaN NaN NaN
180 63 46137 49
180 61 29328 51
180 NaN NaN NaN
180 64 31110 54
180 64 37575 52
180 64 42036 50
180 58 43592 47
180 64 47291 48
180 57 19203 49
180 69 46599 56
180 NaN NaN NaN
180 NaN NaN NaN
180 62 43648 47
180 64 42688 51
180 66 47687 51
190 NaN NaN NaN
190 61 31880 51
190 NaN NaN NaN
190 NaN NaN NaN
190 NaN NaN NaN
190 NaN NaN NaN
190 61 43000 46
190 NaN NaN NaN
190 72 63780 59
190 NaN NaN NaN
190 NaN NaN NaN
190 61 29436 51
190 NaN NaN NaN
190 64 36463 54
190 64 37241 52
190 64 47660 50
190 NaN NaN NaN
190 NaN NaN NaN
190 57 22614 49
190 69 50244 56
190 NaN NaN NaN
190 66 53981 52
190 NaN NaN NaN
190 NaN NaN NaN
190 66 53016 51
200 NaN NaN NaN
200 61 32903 51
200 62 42372 50
200 NaN NaN NaN
200 NaN NaN NaN
200 65 49646 51
200 NaN NaN NaN
200 NaN NaN NaN
200 72 112016 59
200 NaN NaN NaN
200 NaN NaN NaN
200 NaN NaN NaN
200 NaN NaN NaN
200 64 34605 54
200 64 40843 52
200 NaN NaN NaN
200 NaN NaN NaN
200 NaN NaN NaN
200 61 37703 49
200 69 62694 56
200 NaN NaN NaN
200 66 56003 52
200 NaN NaN NaN
200 NaN NaN NaN
200 66 55903 51
