20 89 1900 86
20 94 2172 89
20 107 3652 67
20 96 2852 77
20 84 1543 78
20 94 1872 89
20 102 1932 102
20 93 2054 78
20 102 2466 92
20 85 1615 81
20 89 1887 84
20 102 2338 98
20 116 2600 74
20 93 1951 88
20 94 1959 90
20 102 3505 72
20 99 2003 95
20 89 1684 76
20 94 2253 93
20 101 2455 101
20 84 1526 82
20 93 1981 93
20 94 2114 94
20 84 1533 77
20 82 1577 78
40 92 3173 86
40 98 4753 89
40 121 8033 82
40 100 5909 82
40 106 6864 90
40 99 3738 89
40 103 5049 102
40 106 4546 78
40 104 4395 92
40 87 3635 81
40 96 3979 88
40 105 4041 102
40 113 4365 88
40 105 5962 105
40 104 3610 90
40 102 5412 93
40 101 4749 95
40 104 4344 104
40 95 5109 94
40 103 4717 101
40 92 4747 82
40 104 4036 93
40 95 3745 94
40 116 5969 97
40 100 4776 95
60 92 5245 86
60 113 10770 89
60 121 10209 82
60 93 7270 91
60 106 10330 90
60 104 8260 101
60 108 7930 102
60 105 8248 82
60 120 10984 92
60 99 7277 93
60 105 6685 96
60 105 7719 102
60 119 7699 101
60 105 8505 105
60 109 6813 92
60 125 12785 93
60 104 7362 95
60 104 9457 104
60 110 7604 94
60 103 7357 101
60 99 6527 82
60 107 6779 93
60 100 7507 94
60 116 8852 97
60 100 6604 95
80 116 78345 115
80 117 12714 89
80 122 15656 82
80 112 13742 112
80 110 13177 96
80 104 12010 101
80 108 10556 102
80 118 13705 83
80 118 12603 113
80 99 9264 93
80 105 10631 96
80 106 18828 102
80 119 11563 101
80 121 17669 105
80 109 9861 92
80 125 18267 93
80 111 10286 95
80 106 12483 104
80 110 10878 94
80 107 10744 101
80 101 11235 96
80 108 12872 107
80 109 9132 94
80 117 14932 97
80 103 11748 95
100 116 50633 115
100 118 18008 90
100 129 22024 82
100 112 15376 112
100 111 19236 96
100 105 67764 101
100 108 302645 102
100 124 16487 83
100 120 18605 113
100 107 11354 93
100 105 11768 96
100 106 33341 102
100 119 13758 101
100 121 25417 105
100 109 11816 92
100 124 22062 101
100 111 15177 95
100 106 16495 104
100 110 15168 94
100 107 15288 101
100 105 51243 101
100 108 17640 107
100 109 11990 94
100 117 26609 97
100 103 13540 95
120 116 141156 115
120 122 26286 110
120 120 22755 95
120 113 98912 112
120 117 24714 96
120 110 308073 108
120 108 303396 102
120 124 22281 83
120 120 21030 113
120 107 14227 93
120 105 16505 96
120 106 18384 102
120 119 18016 101
120 121 28257 105
120 109 17002 92
120 124 22211 101
120 111 20460 95
120 106 303476 104
120 112 19703 97
120 107 16725 101
120 105 81761 101
120 108 19681 107
120 109 17520 94
120 137 47702 97
120 103 18087 95
140 116 311844 115
140 126 33759 110
140 120 26573 95
140 113 103646 112
140 118 27797 96
140 110 311358 108
140 108 305217 102
140 119 73153 97
140 120 27940 113
140 107 18891 93
140 105 18102 96
140 106 26194 102
140 121 25596 101
140 121 38476 105
140 117 20391 92
140 124 29547 101
140 119 24245 95
140 106 305775 104
140 111 305469 109
140 107 22176 101
140 105 185993 101
140 108 26140 107
140 110 18477 94
140 137 62507 97
140 103 20650 95
160 115 312164 115
160 126 39569 110
160 120 31528 95
160 113 135267 112
160 118 32565 96
160 110 311525 108
160 109 27168 102
160 119 102621 97
160 120 309029 113
160 107 23020 93
160 110 31781 96
160 106 86100 102
160 126 50005 101
160 121 44168 105
160 117 23716 92
160 124 114079 101
160 126 32933 95
160 107 308933 104
160 114 306528 109
160 110 25326 101
160 105 169490 101
160 114 30938 107
160 115 24636 94
160 137 311950 109
160 126 40873 95
180 132 315154 115
180 126 44113 110
180 122 60946 106
180 113 211755 112
180 124 41426 96
180 110 312700 108
180 109 314842 102
180 119 79404 97
180 120 310803 113
180 107 28371 93
180 113 66885 96
180 114 56166 102
180 120 312260 107
180 122 50897 106
180 117 29145 92
180 124 77067 101
180 114 66758 103
180 107 309488 104
180 114 307516 109
180 110 315972 101
180 105 260809 101
180 114 35387 107
180 113 29557 97
180 137 308221 109
180 127 42918 95
200 132 314016 115
200 126 52606 110
200 125 77191 106
200 113 194103 112
200 133 46016 96
200 111 315183 108
200 115 38230 109
200 122 146375 97
200 120 312811 113
200 108 43607 93
200 113 68687 96
200 114 53870 102
200 120 311167 107
200 123 100297 106
200 117 33604 92
200 124 148594 101
200 114 81926 103
200 107 309886 104
200 114 310865 109
200 111 315961 101
200 105 317834 101
200 114 38011 107
200 119 46182 97
200 137 308753 109
200 125 309160 102
