20 399 2490 395
20 328 2449 328
20 372 2219 370
20 341 2585 341
20 330 2199 325
20 319 2383 319
20 396 2826 392
20 328 2128 326
20 330 2410 330
20 328 2449 324
20 349 2445 343
20 433 2803 433
20 271 2272 271
20 295 2263 293
20 369 2589 365
20 336 2410 336
20 351 2615 349
20 352 2385 346
20 362 2204 362
20 344 2708 344
20 374 2471 370
20 320 2361 320
20 317 2247 313
20 349 2397 347
20 326 2525 320
40 399 3279 395
40 361 3148 359
40 372 3050 370
40 341 3246 341
40 330 2821 325
40 329 2988 325
40 396 3436 392
40 355 2918 351
40 330 2818 330
40 328 3456 324
40 384 3284 382
40 433 3779 433
40 386 3020 382
40 354 3089 352
40 369 3116 365
40 366 3240 362
40 351 3424 349
40 384 3589 380
40 362 3217 362
40 351 3386 347
40 374 3251 370
40 320 3376 320
40 365 2948 359
40 349 3125 347
40 354 3297 351
60 399 3885 395
60 361 3885 359
60 372 3784 370
60 341 3885 341
60 357 4081 357
60 339 3914 335
60 398 5093 392
60 372 4115 366
60 361 3641 359
60 328 4076 324
60 384 4050 382
60 433 4595 433
60 386 4248 382
60 354 3647 352
60 369 4052 365
60 366 4013 362
60 352 4786 349
60 384 4577 380
60 364 3770 362
60 351 4261 347
60 384 4236 378
60 327 3923 323
60 365 3770 359
60 349 4520 347
60 354 4349 351
80 399 4744 395
80 385 4868 383
80 372 5563 370
80 364 4967 362
80 357 4847 357
80 355 5099 353
80 398 5987 392
80 372 4972 366
80 361 4574 359
80 341 5726 339
80 390 5515 388
80 433 5518 433
80 386 5149 382
80 357 5045 352
80 369 4639 365
80 372 4859 368
80 414 6060 410
80 384 5896 380
80 368 5356 363
80 351 5417 347
80 384 5319 378
80 380 5193 376
80 365 4723 359
80 349 5249 347
80 378 5039 372
100 399 6001 395
100 385 6700 383
100 383 6681 379
100 374 5856 367
100 357 5801 357
100 355 6288 353
100 398 6939 392
100 372 6828 366
100 361 5972 359
100 341 6670 339
100 390 6865 388
100 433 6469 433
100 419 6784 417
100 377 6008 373
100 377 6020 377
100 372 6078 368
100 414 7062 410
100 384 6901 380
100 368 6320 363
100 351 7042 347
100 384 6849 378
100 380 7018 376
100 365 5883 359
100 349 6468 347
100 378 6218 372
120 399 7451 395
120 385 7905 383
120 383 8590 379
120 374 8857 367
120 363 7037 361
120 355 7591 353
120 398 8301 392
120 372 8487 366
120 361 7372 359
120 341 8142 339
120 395 7911 395
120 433 9233 433
120 419 8516 417
120 383 7768 373
120 377 7197 377
120 399 8184 395
120 414 8928 410
120 424 8425 422
120 368 7585 363
120 352 7787 347
120 384 8982 378
120 380 8626 376
120 385 7820 371
120 363 7538 360
120 405 7933 403
140 406 9283 401
140 385 9657 383
140 383 9793 379
140 375 10309 367
140 363 8656 361
140 377 9804 371
140 400 12633 392
140 379 10046 370
140 361 9291 359
140 341 9411 339
140 395 9446 395
140 433 9630 433
140 419 12134 417
140 383 9489 373
140 408 9372 400
140 416 9766 416
140 414 10574 410
140 424 11556 422
140 368 10126 363
140 373 9374 368
140 384 12028 378
140 380 9748 376
140 381 9621 371
140 363 10024 360
140 405 9400 403
160 406 11895 401
160 385 11319 383
160 383 12791 379
160 375 12564 367
160 389 12122 383
160 377 11744 371
160 400 12987 392
160 379 11972 370
160 361 10353 359
160 344 10969 339
160 395 11769 395
160 433 12233 433
160 419 15030 417
160 383 11836 373
160 408 12835 400
160 416 11440 416
160 414 13113 410
160 424 13058 422
160 368 11676 363
160 373 13027 368
160 384 13486 378
160 380 12059 376
160 381 10791 371
160 363 11330 360
160 405 11962 403
180 406 13871 401
180 385 13270 383
180 397 16228 392
180 375 14691 367
180 389 14120 383
180 377 15219 371
180 400 16205 392
180 379 13749 370
180 361 13481 359
180 344 12661 339
180 395 15420 395
180 433 14258 433
180 419 16591 417
180 384 16759 376
180 410 16214 400
180 416 15391 416
180 414 15813 410
180 424 15260 422
180 371 14908 363
180 375 17815 368
180 394 15570 392
180 380 14285 376
180 382 14808 371
180 363 13180 360
180 405 15984 403
200 406 16061 401
200 385 16458 383
200 397 21631 392
200 375 16999 367
200 391 18099 383
200 377 20911 371
200 400 19464 392
200 379 17184 370
200 362 18084 359
200 410 17180 408
200 395 19468 395
200 433 17314 433
200 419 20260 417
200 384 19629 376
200 414 19143 400
200 416 21042 416
200 414 19658 410
200 424 19629 422
200 371 21070 363
200 375 21037 368
200 394 20090 392
200 380 17658 376
200 382 17212 371
200 363 16102 360
200 405 18741 403
220 406 23847 401
220 386 20253 383
220 397 25276 392
220 413 21374 411
220 391 22622 383
220 377 23352 376
220 402 25009 392
220 379 21699 370
220 371 21373 364
220 410 21055 408
220 396 25613 395
220 434 19965 433
220 419 23343 417
220 384 26323 376
220 414 23443 400
220 426 26504 416
220 414 22907 410
220 426 25475 422
220 371 25039 367
220 373 24372 368
220 394 23295 392
220 380 20695 376
220 384 22541 371
220 374 20396 360
220 405 24710 403
240 407 26426 401
240 393 28070 391
240 397 30398 392
240 413 24875 411
240 392 28550 383
240 391 30140 385
240 402 33925 392
240 379 26624 370
240 408 25728 399
240 410 25509 408
240 402 33962 395
240 434 24794 433
240 419 26519 417
240 384 31257 376
240 414 30426 400
240 426 30053 416
240 414 29077 410
240 426 29158 422
240 371 30944 367
240 373 28984 368
240 394 26632 392
240 380 23917 376
240 382 27450 371
240 374 23345 360
240 405 29089 403
260 408 31669 401
260 393 32429 391
260 397 35532 392
260 413 28758 411
260 392 41276 383
260 391 33547 385
260 402 38565 392
260 379 33349 370
260 408 31899 399
260 410 31833 408
260 402 42753 395
260 434 28483 433
260 419 30660 417
260 386 37388 376
260 414 40865 400
260 426 36063 416
260 414 32469 410
260 426 38630 422
260 387 35635 385
260 373 35685 368
260 399 32618 392
260 380 53310 376
260 382 33175 371
260 374 26531 360
260 405 35166 403
280 410 35791 401
280 393 39846 391
280 397 40290 392
280 436 37928 411
280 392 53180 383
280 392 42529 385
280 402 43972 392
280 379 39383 370
280 410 38986 399
280 410 37381 408
280 402 51346 395
280 434 39899 433
280 419 36270 417
280 388 48107 376
280 412 51646 400
280 426 41939 416
280 414 41067 410
280 426 42043 422
280 393 41587 385
280 373 44592 368
280 401 39705 392
280 380 65517 376
280 384 37930 371
280 397 35453 374
280 405 44731 403
300 410 43357 401
300 393 46831 391
300 396 47810 392
300 436 49267 411
300 392 61167 383
300 392 49658 385
300 402 49897 392
300 379 48202 370
300 410 46451 399
300 410 43648 408
300 402 58666 395
300 434 44381 433
300 419 48072 417
300 388 55188 376
300 412 60532 400
300 426 50500 416
300 414 48777 410
300 430 47940 422
300 393 50265 385
300 377 52299 368
300 401 51625 392
300 380 73961 376
300 389 46734 371
300 402 45990 387
300 405 54491 403
320 410 47904 401
320 393 53840 391
320 401 60013 392
320 436 58673 411
320 393 72231 383
320 392 61722 385
320 402 57025 392
320 380 56735 370
320 410 53985 399
320 410 50305 408
320 402 66410 395
320 434 56418 433
320 419 59976 417
320 388 59996 376
320 412 68148 400
320 426 58245 416
320 416 54003 410
320 430 63294 422
320 393 57800 385
320 378 64470 368
320 401 58546 392
320 380 109624 376
320 391 56385 376
320 402 53016 387
320 411 63350 403
340 411 58225 401
340 393 67091 391
340 402 73262 392
340 437 69494 411
340 397 80538 383
340 409 75720 385
340 406 75233 392
340 380 68848 370
340 410 62927 399
340 410 57699 408
340 403 71395 395
340 438 66611 433
340 419 69933 417
340 388 74177 376
340 410 77109 400
340 426 67337 416
340 416 61557 410
340 430 87668 422
340 397 67443 385
340 378 74416 368
340 401 66752 392
340 380 117851 376
340 394 64454 376
340 402 61012 387
340 414 73833 403
360 411 72583 401
360 393 75419 391
360 403 85784 392
360 437 84985 411
360 397 90952 383
360 409 89996 385
360 407 90733 392
360 381 79187 370
360 410 72734 399
360 410 70872 408
360 403 86205 395
360 438 86070 433
360 421 89607 417
360 388 87439 376
360 436 98614 425
360 426 82079 416
360 416 67589 410
360 430 98337 422
360 397 78496 385
360 409 96822 395
360 401 86471 392
360 380 111726 376
360 397 80895 387
360 426 81161 413
360 411 82318 403
380 411 84838 401
380 404 94925 391
380 403 100827 392
380 438 94547 411
380 399 105747 383
380 409 115954 385
380 407 112855 392
380 389 99349 379
380 414 83277 399
380 410 78759 408
380 403 97896 395
380 438 103882 433
380 421 98944 417
380 388 106749 376
380 436 118261 425
380 426 96022 416
380 418 79122 410
380 430 114945 422
380 401 103760 385
380 405 113256 395
380 402 103299 392
380 382 129570 376
380 397 93474 387
380 427 95019 413
380 411 99708 403
400 411 99099 401
400 406 121758 391
400 403 118368 392
400 438 117230 411
400 401 119164 383
400 409 171851 385
400 407 132986 392
400 389 128974 379
400 410 94237 399
400 410 91851 408
400 413 127704 395
400 438 134436 433
400 421 114752 417
400 388 124271 376
400 436 137115 425
400 429 115600 416
400 418 99586 410
400 430 131627 422
400 401 124047 385
400 405 128106 395
400 402 124946 392
400 385 213101 376
400 399 112776 387
400 428 115186 413
400 411 114007 403
420 411 117658 401
420 406 136751 391
420 403 137329 392
420 438 141826 411
420 407 158258 385
420 409 203093 385
420 408 159578 392
420 387 161457 379
420 410 109468 399
420 414 172624 408
420 412 145123 395
420 438 150982 433
420 422 131828 417
420 389 140333 376
420 438 154010 425
420 429 138615 416
420 416 111515 410
420 430 157560 422
420 400 150956 385
420 409 149688 395
420 402 161512 392
420 385 233485 376
420 397 125648 387
420 428 131506 413
420 406 128413 403
440 414 133623 401
440 406 158049 391
440 401 163851 392
440 438 148417 411
440 413 199554 392
440 421 216820 385
440 406 187132 392
440 387 174693 379
440 410 122953 399
440 414 258438 408
440 406 159505 395
440 438 167645 433
440 422 159575 417
440 392 154704 379
440 435 175864 425
440 428 159544 416
440 416 128929 410
440 429 181475 422
440 433 178791 420
440 409 173912 395
440 402 175294 392
440 386 287881 376
440 399 149855 387
440 424 149098 413
440 412 150090 403
460 416 157221 401
460 415 194883 405
460 412 195126 401
460 439 161919 411
460 415 226915 392
460 421 264475 385
460 408 260475 392
460 387 180600 379
460 424 165804 401
460 414 292589 408
460 407 193718 395
460 438 198882 433
460 424 175766 417
460 393 174204 379
460 436 200492 425
460 429 195917 416
460 420 160847 410
460 439 211096 422
460 445 225987 420
460 407 272207 395
460 402 210408 392
460 392 298309 387
460 399 173969 387
460 424 175928 413
460 407 165936 403
480 416 207270 401
480 415 231765 405
480 415 235624 401
480 425 206614 411
480 415 265459 392
480 311 320057 385
480 409 284698 392
480 387 200429 379
480 423 184075 401
480 331 318522 408
480 407 229590 395
480 456 240656 433
480 425 208124 417
480 393 198171 379
480 436 237109 425
480 429 207977 416
480 420 181596 410
480 439 248371 422
480 445 243130 420
480 407 253615 395
480 402 241850 392
480 317 316112 396
480 399 197395 387
480 424 198499 413
480 411 191503 403
500 416 238195 401
500 417 259101 405
500 417 280368 401
500 426 234693 411
500 411 285222 392
500 311 318411 385
500 320 317297 392
500 388 255473 379
500 423 203371 401
500 331 321763 408
500 407 252654 395
500 456 282509 433
500 425 232913 417
500 393 229475 379
500 436 265600 425
500 429 225405 416
500 420 215258 410
500 431 269762 422
500 447 290541 420
500 415 292441 395
500 411 288463 392
500 402 302789 396
500 401 238065 387
500 424 279626 413
500 411 210282 403
