20 928 17435 924
20 787 12365 785
20 923 12677 921
20 820 13514 818
20 1003 11890 995
20 1000 14115 996
20 931 11489 927
20 909 10377 907
20 990 13126 989
20 833 11653 831
20 1004 15085 998
20 870 11705 862
20 969 10388 967
20 1049 13560 1043
20 934 11469 930
20 837 10328 833
20 941 10435 939
20 941 14657 937
20 1026 19077 1024
20 930 11487 928
20 873 10516 873
20 894 15957 888
20 867 12720 861
20 956 10343 954
20 941 22298 935
40 928 17444 924
40 874 14243 868
40 923 14596 921
40 822 15861 818
40 1022 17996 1018
40 1013 17631 1003
40 931 14294 927
40 909 14373 907
40 990 17590 989
40 845 14845 839
40 1004 18158 998
40 1002 16917 1000
40 969 12442 967
40 1049 18604 1043
40 968 16325 964
40 837 13080 833
40 941 15696 939
40 1125 27893 1121
40 1028 23439 1024
40 1070 17082 1068
40 959 16916 955
40 894 21425 888
40 953 16018 945
40 1024 15289 1020
40 941 25983 935
60 929 19687 924
60 874 22683 868
60 923 19094 921
60 833 18037 831
60 1022 22712 1018
60 1015 21822 1003
60 974 19531 964
60 978 18069 973
60 990 21463 989
60 931 21130 926
60 1004 21509 998
60 1002 26354 1000
60 1019 18565 1013
60 1049 34217 1043
60 1033 22699 1027
60 838 17356 833
60 943 22912 939
60 1125 31783 1121
60 1028 27601 1024
60 1070 33647 1068
60 959 21686 955
60 894 24755 888
60 964 21621 957
60 1024 23671 1020
60 990 34650 986
80 930 26360 924
80 915 27930 908
80 1005 30255 999
80 877 20826 871
80 1038 59784 1034
80 1015 27116 1003
80 972 33166 964
80 980 25784 973
80 1030 31959 1026
80 935 27553 926
80 1004 30068 998
80 1089 38039 1081
80 1019 22260 1013
80 1053 43512 1043
80 1033 30728 1027
80 838 21880 833
80 943 23179 939
80 1125 52072 1121
80 1028 31487 1024
80 1070 39750 1068
80 1064 27549 1058
80 952 32015 944
80 968 28176 963
80 1044 30833 1036
80 990 34789 986
100 1025 36419 1017
100 915 37136 908
100 1005 36070 999
100 1011 26110 1005
100 1038 54116 1034
100 1015 62616 1003
100 972 42368 964
100 1013 34869 1005
100 1032 41249 1026
100 995 34277 987
100 1004 43313 998
100 1089 50211 1081
100 1019 29076 1013
100 1055 49400 1043
100 1033 35604 1027
100 989 29491 982
100 986 39425 974
100 1125 59427 1121
100 1030 39843 1024
100 1070 45866 1068
100 1064 30846 1058
100 969 37355 955
100 968 30077 963
100 1066 44592 1058
100 1049 50929 1037
120 1046 45195 1040
120 915 43442 908
120 1005 56045 999
120 1011 41137 1005
120 1038 62149 1034
120 1022 72952 1010
120 972 63160 964
120 1013 43125 1005
120 1065 79595 1054
120 995 47463 987
120 1004 45535 998
120 1095 56487 1081
120 1020 50050 1013
120 1055 56977 1043
120 1035 41126 1027
120 1044 37507 1036
120 1001 45856 990
120 1125 76546 1121
120 1033 49493 1024
120 1102 53619 1092
120 1064 43967 1058
120 981 66486 974
120 969 36143 963
120 1066 61117 1058
120 1049 64101 1037
140 1046 55567 1040
140 1003 67749 993
140 1005 51560 999
140 1011 58499 1005
140 1038 94262 1034
140 1022 89420 1010
140 974 75972 964
140 1013 61992 1005
140 1065 94226 1054
140 995 55715 987
140 1013 65320 999
140 1095 68545 1081
140 1020 61180 1013
140 1055 67674 1043
140 1037 61256 1027
140 1044 49996 1036
140 1001 52877 990
140 1125 89367 1121
140 1033 79044 1024
140 1102 66233 1092
140 1064 49333 1058
140 981 69821 974
140 969 60625 963
140 1066 81464 1058
140 1049 74726 1037
160 1046 65066 1040
160 1003 84664 993
160 1059 90144 1049
160 1011 69797 1005
160 1038 123887 1034
160 1022 99500 1010
160 976 82489 964
160 1013 75990 1005
160 1067 100143 1054
160 1035 67168 1023
160 1013 81939 999
160 1097 93179 1081
160 1021 71994 1013
160 1057 97890 1043
160 1037 94019 1027
160 1044 61731 1036
160 1001 74365 990
160 1127 98268 1121
160 1033 92792 1024
160 1102 93430 1092
160 1064 60874 1058
160 981 93055 974
160 967 75177 963
160 1066 103475 1058
160 1051 95741 1037
180 1046 98343 1040
180 1003 102713 993
180 1059 102854 1049
180 1013 95648 1005
180 1039 132092 1034
180 1022 112112 1010
180 976 103617 964
180 1013 104076 1005
180 1067 117982 1054
180 1035 92040 1023
180 1013 116428 999
180 1097 112054 1081
180 1050 115130 1042
180 1057 108211 1043
180 1037 100567 1027
180 1044 80170 1036
180 1001 92264 990
180 1127 119788 1121
180 1034 119723 1024
180 1102 116244 1092
180 1068 75312 1059
180 981 103231 974
180 995 94201 986
180 1066 124655 1058
180 1051 158813 1037
200 1046 131683 1040
200 1005 132269 993
200 1059 130295 1049
200 1013 105128 1005
200 1039 150016 1034
200 1024 135649 1010
200 976 148147 964
200 1015 128061 1007
200 1067 151239 1054
200 1037 123569 1023
200 1013 140327 999
200 1098 168372 1081
200 1050 148403 1042
200 1057 137122 1043
200 1060 118792 1050
200 1044 130113 1036
200 1001 128786 990
200 1127 150420 1121
200 1035 145477 1024
200 1102 145683 1092
200 1068 107141 1059
200 993 118649 984
200 995 130031 986
200 1066 147657 1058
200 1053 183801 1037
220 1046 159270 1040
220 1015 147983 1008
220 1059 172886 1049
220 1013 141539 1005
220 1041 202495 1034
220 1024 163452 1010
220 976 168396 964
220 1015 169504 1007
220 1071 176422 1054
220 1039 171807 1023
220 1013 174008 999
220 1098 191068 1081
220 1050 157821 1042
220 1059 176346 1043
220 1060 162761 1050
220 1044 148571 1036
220 1001 203706 990
220 1127 178910 1121
220 1035 203735 1024
220 1102 180479 1092
220 1070 143714 1059
220 993 153828 984
220 997 148845 986
220 1066 199172 1058
220 1053 199326 1037
240 1048 206540 1040
240 1015 210876 1008
240 1059 190254 1049
240 1013 160920 1005
240 1041 225941 1034
240 1024 194800 1010
240 976 185709 964
240 1015 220192 1007
240 1071 199110 1054
240 1039 196343 1023
240 1013 195592 999
240 1098 234265 1081
240 1050 200655 1042
240 1059 203341 1043
240 1061 186820 1050
240 1044 176094 1036
240 1003 232855 990
240 1131 218638 1121
240 1035 234777 1024
240 1106 215819 1092
240 1070 192061 1059
240 993 205139 984
240 1043 164930 1029
240 1066 248515 1058
240 1055 254409 1037
260 1048 232761 1040
260 1017 234583 1008
260 1061 228912 1049
260 1022 202154 1005
260 1041 257841 1034
260 1022 238458 1010
260 988 253990 964
260 1015 275592 1007
260 1075 246339 1054
260 1041 233710 1023
260 1013 239325 999
260 1098 277146 1081
260 1050 247913 1042
260 1059 256598 1043
260 1061 238823 1050
260 1044 253370 1036
260 1003 281780 990
260 1131 249841 1121
260 1035 300343 1024
260 1106 262648 1092
260 1070 211903 1059
260 995 252199 984
260 1043 199191 1029
260 1080 275201 1063
260 1057 300563 1037
280 1048 290620 1040
280 1023 278482 1008
280 1061 278592 1049
280 1022 219631 1005
280 1042 305364 1034
280 1022 269685 1010
280 1001 299768 983
280 814 328956 1007
280 1075 309432 1054
280 834 338060 1023
280 1013 284472 999
280 1098 315375 1081
280 1050 282528 1042
280 841 325832 1043
280 1061 306343 1050
280 1046 283509 1036
280 801 330085 990
280 1131 291352 1121
280 825 328878 1024
280 1106 295897 1092
280 1070 275247 1059
280 999 302956 984
280 1043 226457 1029
280 1083 313746 1063
