10 172 8932 160
10 164 8631 152
10 210 15544 210
10 147 4372 117
10 190 7337 190
10 155 5346 155
10 187 14499 187
10 161 7759 161
10 156 7347 153
10 150 6307 140
10 181 8433 179
10 184 7002 184
10 142 5274 137
10 183 7395 183
10 140 5345 125
10 146 5735 136
10 203 12023 203
10 137 7668 136
10 177 9381 152
10 199 8778 199
10 148 5583 128
10 195 8198 195
10 209 14646 209
10 185 17480 143
10 170 8804 170
20 212 23761 194
20 168 17468 164
20 210 23942 210
20 179 20289 179
20 190 19614 190
20 164 13050 155
20 188 20693 187
20 170 12921 161
20 166 12067 153
20 171 13880 163
20 181 17335 179
20 184 15976 184
20 143 9491 137
20 183 18185 183
20 166 8979 156
20 146 10509 136
20 212 23495 203
20 154 11498 141
20 182 15101 174
20 202 18443 202
20 152 11035 145
20 201 24633 195
20 209 24253 209
20 186 30472 153
20 170 14873 170
30 212 28835 194
30 188 34416 188
30 210 39585 210
30 182 34847 182
30 207 39035 207
30 164 20328 155
30 188 29406 187
30 170 23548 162
30 167 22450 153
30 180 28283 177
30 181 29322 179
30 184 26704 184
30 164 18544 155
30 183 22546 183
30 166 20833 156
30 168 17873 166
30 212 39252 203
30 177 24296 171
30 202 32369 202
30 180 42524 180
30 201 41858 195
30 209 36831 209
30 186 42578 153
30 170 25585 170
40 212 44032 194
40 188 54688 188
40 210 54665 210
40 182 50762 182
40 207 53693 207
40 209 59612 209
40 188 49466 187
40 173 29160 162
40 237 118072 190
40 180 43633 177
40 183 42465 181
40 184 44284 184
40 167 24603 159
40 196 50472 196
40 167 25854 156
40 168 27811 166
40 231 56161 203
40 177 37392 171
40 219 71464 219
40 202 47498 202
40 180 47664 180
40 201 50319 195
40 209 56126 209
40 222 66500 222
40 173 34410 170
50 213 68201 195
50 188 76027 188
50 210 88117 210
50 182 68836 182
50 207 77897 207
50 209 107606 209
50 188 72276 187
50 178 43729 169
50 245 259438 203
50 180 51525 177
50 183 53250 181
50 184 72134 184
50 167 39073 159
50 196 68820 196
50 179 41461 176
50 169 36856 166
50 231 75621 203
50 177 48266 171
50 219 139484 219
50 202 72627 202
50 193 64601 193
50 201 69311 195
50 209 84404 209
50 222 191489 222
50 201 73309 201
60 200 201980 199
70 210 209735 210
