20 93 1952 86
20 96 2051 89
20 87 1606 67
20 93 1816 77
20 83 1582 78
20 96 2377 89
20 117 2377 102
20 94 2280 78
20 93 2463 92
20 85 1721 81
20 90 1833 84
20 98 2118 98
20 98 2939 74
20 94 1899 88
20 100 2135 90
20 106 4349 72
20 100 2011 95
20 89 1641 76
20 96 5552 93
20 101 2377 101
20 86 1663 82
20 94 1971 93
20 94 2167 94
20 86 1536 77
20 83 1565 78
40 93 3541 86
40 102 4985 89
40 93 3199 82
40 96 4630 82
40 107 7399 90
40 101 3592 89
40 117 5532 102
40 106 4839 78
40 96 4316 92
40 102 4855 81
40 94 5826 88
40 102 4104 102
40 104 5554 88
40 106 5132 105
40 110 5121 90
40 104 6068 93
40 100 4876 95
40 104 3803 104
40 97 20662 94
40 101 4792 101
40 86 3629 82
40 105 5365 93
40 96 6270 94
40 118 6657 97
40 97 4925 95
60 93 5407 86
60 102 6231 89
60 93 5628 82
60 91 7563 91
60 108 10728 90
60 104 9032 101
60 121 10468 102
60 106 9523 82
60 112 12276 92
60 107 8089 93
60 102 6574 96
60 105 8710 102
60 102 7252 101
60 106 8929 105
60 110 7566 92
60 115 13083 93
60 104 13586 95
60 104 7853 104
60 109 22941 94
60 101 7541 101
60 99 6313 82
60 109 8943 93
60 101 29737 94
60 119 53323 97
60 97 6602 95
80 116 35566 115
80 105 9810 89
80 93 8543 82
80 112 12000 112
80 111 15489 96
80 104 12012 101
80 121 14179 102
80 116 11864 83
80 117 208900 113
80 107 12409 93
80 102 11324 96
80 105 10944 102
80 103 10171 101
80 115 13794 105
80 110 10189 92
80 115 18110 93
80 109 19684 95
80 104 10194 104
80 109 33730 94
80 103 10945 101
80 99 12095 96
80 109 11827 107
80 105 31203 94
80 120 248775 97
80 101 11377 95
100 116 64995 115
100 120 20017 90
100 95 11111 82
100 112 15851 112
100 111 19305 96
100 105 303989 101
100 121 19101 102
100 116 15026 83
100 121 306743 113
100 107 15577 93
100 102 14030 96
100 105 13580 102
100 106 16194 101
100 115 16091 105
100 110 14420 92
100 115 26378 101
100 109 25796 95
100 104 12838 104
100 109 19428 94
100 104 13764 101
100 106 15552 101
100 109 14460 107
100 105 41110 94
100 120 185842 97
100 102 15743 95
120 116 213266 115
120 124 29276 110
120 105 17034 95
120 112 18908 112
120 117 25711 96
120 110 308994 108
120 121 24466 102
120 117 18447 83
120 121 307915 113
120 107 29397 93
120 102 14843 96
120 112 76285 102
120 106 17538 101
120 115 21256 105
120 110 15740 92
120 116 29647 101
120 111 28032 95
120 105 52122 104
120 105 17695 97
120 104 19030 101
120 106 17314 101
120 109 19301 107
120 108 42081 94
120 120 149916 97
120 102 17894 95
140 116 309569 115
140 125 34813 110
140 105 20238 95
140 112 24973 112
140 117 28763 96
140 110 312768 108
140 121 31347 102
140 120 50696 97
140 121 309683 113
140 107 39647 93
140 103 19036 96
140 112 90971 102
140 108 23844 101
140 117 25829 105
140 119 21909 92
140 116 38333 101
140 124 22456 95
140 113 290811 104
140 112 248615 109
140 104 22583 101
140 106 23963 101
140 109 24278 107
140 108 57754 94
140 120 302601 97
140 104 24060 95
160 115 313107 115
160 125 46055 110
160 105 24857 95
160 112 31463 112
160 117 33231 96
160 117 312721 108
160 121 34252 102
160 120 53878 97
160 121 309931 113
160 107 48046 93
160 111 96383 96
160 112 205537 102
160 108 114866 101
160 117 29469 105
160 119 27149 92
160 116 215533 101
160 130 34747 95
160 113 91363 104
160 111 311240 109
160 104 26061 101
160 106 30542 101
160 116 28777 107
160 108 61800 94
160 126 305415 109
160 122 178872 95
180 122 314677 115
180 125 53603 110
180 107 64162 106
180 112 37151 112
180 123 77837 96
180 117 314362 108
180 127 38082 102
180 120 85707 97
180 121 311910 113
180 107 51475 93
180 111 71763 96
180 112 305482 102
180 110 310178 107
180 118 34374 106
180 119 32307 92
180 116 240675 101
180 126 317532 103
180 113 120391 104
180 117 96735 109
180 104 37929 101
180 107 48450 101
180 116 33854 107
180 110 39186 97
180 126 308148 109
180 122 293620 95
200 122 315521 115
200 125 60398 110
200 117 82361 106
200 112 41984 112
200 123 95715 96
200 117 318236 108
200 130 47135 109
200 126 101350 97
200 121 313805 113
200 108 66163 93
200 111 81875 96
200 114 163562 102
200 110 313471 107
200 118 40353 106
200 119 35910 92
200 116 250993 101
200 126 319653 103
200 113 123673 104
200 117 150876 109
200 105 37783 101
200 108 46000 101
200 116 312288 107
200 110 42287 97
200 126 308510 109
200 124 317469 102
