20 371 2270 369
20 358 2302 352
20 378 1981 376
20 366 2328 362
20 292 2244 290
20 310 2150 306
20 365 2226 363
20 376 2255 374
20 364 2291 354
20 343 2192 335
20 391 2347 389
20 353 2345 353
20 385 2287 380
20 346 2184 344
20 364 2270 356
20 381 2265 378
20 337 2363 334
20 381 2178 377
20 356 2448 356
20 355 2272 353
20 384 2197 382
20 368 2164 362
20 340 2190 338
20 369 2251 365
20 381 2220 379
40 382 2945 374
40 358 2798 352
40 378 2551 376
40 368 2667 365
40 328 2755 326
40 343 2548 337
40 381 2843 379
40 397 2795 393
40 364 2758 354
40 343 2644 335
40 391 2966 389
40 375 2826 372
40 385 2653 380
40 346 2549 344
40 364 2691 356
40 381 2869 378
40 363 2864 352
40 381 2809 377
40 358 2769 356
40 356 2672 353
40 384 2850 382
40 372 2892 366
40 363 2662 357
40 369 2668 365
40 381 2893 379
60 382 3523 374
60 362 3474 352
60 378 3002 376
60 379 3130 379
60 371 3417 369
60 364 3380 360
60 381 3560 379
60 397 3430 393
60 364 3192 354
60 361 3290 358
60 391 3344 389
60 384 3461 374
60 385 3083 380
60 366 3206 358
60 364 3260 356
60 381 3457 378
60 363 3543 352
60 381 3444 377
60 358 3530 356
60 356 3232 353
60 384 3326 382
60 375 3475 369
60 381 3392 379
60 369 3283 365
60 381 3508 379
80 389 4061 380
80 408 4150 395
80 378 3868 376
80 379 3863 379
80 372 4299 369
80 420 3907 413
80 381 4049 379
80 400 4106 393
80 386 3816 379
80 403 3903 397
80 393 3908 389
80 384 4062 374
80 387 3672 380
80 366 3701 358
80 364 4026 356
80 383 4207 378
80 363 4151 352
80 381 4068 377
80 358 4105 356
80 356 4081 353
80 384 3812 382
80 375 4011 369
80 381 4277 379
80 369 3689 365
80 381 4075 379
100 391 4685 380
100 408 4946 395
100 380 4482 376
100 383 4515 379
100 372 5338 369
100 420 4892 413
100 387 5106 379
100 401 5103 393
100 391 4868 379
100 403 4645 397
100 398 5110 389
100 384 4434 374
100 391 4254 380
100 367 4682 358
100 372 4602 356
100 383 4708 378
100 363 4736 352
100 396 4708 389
100 393 4929 391
100 393 4799 384
100 392 5096 382
100 377 4969 369
100 383 4695 379
100 414 4410 411
100 381 4784 379
120 391 5599 380
120 408 6196 395
120 380 5297 376
120 385 5442 379
120 372 6125 369
120 420 5632 413
120 402 6394 386
120 405 5911 393
120 427 5362 410
120 409 5220 402
120 400 6017 389
120 384 5241 374
120 394 5114 380
120 383 6049 380
120 373 5594 368
120 385 5655 378
120 363 5540 352
120 397 7096 389
120 393 5737 391
120 394 5841 384
120 400 6659 386
120 377 6552 369
120 388 5640 379
120 417 5478 411
120 381 5513 379
140 391 7289 380
140 410 7504 395
140 381 6376 376
140 402 6956 381
140 372 6979 369
140 420 7385 413
140 402 7093 386
140 409 7214 393
140 423 6521 410
140 409 6952 402
140 408 7676 389
140 384 6666 374
140 399 6115 380
140 387 7692 380
140 408 6973 395
140 385 6682 378
140 372 7042 352
140 402 7848 389
140 396 7127 391
140 394 7846 384
140 400 8642 386
140 378 7560 369
140 390 6681 379
140 417 6459 411
140 381 6876 379
160 391 9046 380
160 414 10789 395
160 390 8295 376
160 403 9162 381
160 377 8271 369
160 420 8920 413
160 402 9044 386
160 412 8698 393
160 423 8087 410
160 410 8019 402
160 412 12861 389
160 387 8378 374
160 396 7350 380
160 389 9202 380
160 410 8987 395
160 391 8896 378
160 373 9241 352
160 402 8949 389
160 396 8674 391
160 395 9162 384
160 403 9301 386
160 378 8857 369
160 392 7935 379
160 419 8076 411
160 384 8478 379
180 391 10247 380
180 416 13480 395
180 397 9748 376
180 400 12047 381
180 377 9778 369
180 421 11484 413
180 405 10019 386
180 412 11524 393
180 426 10419 410
180 409 11123 402
180 412 15625 389
180 388 9775 374
180 406 9334 386
180 385 11435 380
180 423 12129 399
180 394 10727 378
180 375 12352 352
180 405 9574 389
180 396 10360 391
180 400 11773 384
180 403 10185 386
180 414 10933 402
180 395 10038 379
180 419 10561 411
180 384 11231 379
200 395 13957 380
200 417 14888 395
200 397 12327 376
200 414 13184 388
200 384 12645 369
200 423 14764 413
200 411 13783 386
200 415 14172 393
200 428 12496 410
200 413 14196 402
200 413 17043 389
200 389 12018 374
200 406 11648 386
200 388 14616 380
200 422 16056 399
200 391 13303 378
200 378 12600 352
200 410 12611 389
200 402 11414 391
200 397 13168 384
200 403 12792 386
200 423 14118 402
200 396 11717 379
200 419 12657 411
200 384 15471 379
220 399 17095 380
220 416 16937 395
220 395 15553 376
220 414 16752 388
220 388 15148 369
220 425 19693 413
220 410 16659 386
220 415 17849 393
220 428 14830 410
220 412 17687 402
220 416 20042 389
220 397 15525 374
220 406 14343 386
220 395 20895 383
220 424 17779 399
220 402 16251 388
220 380 15482 352
220 415 15954 389
220 404 14321 391
220 400 17248 384
220 408 16202 386
220 425 18677 402
220 391 14714 379
220 431 16103 411
220 389 17047 379
240 403 19985 380
240 425 26111 395
240 396 18460 376
240 422 19868 388
240 391 19799 369
240 431 23063 413
240 421 21258 398
240 416 21622 393
240 426 19482 410
240 418 20378 402
240 416 28236 389
240 395 17294 374
240 406 18516 386
240 414 31590 396
240 425 22546 399
240 404 21575 388
240 383 17954 352
240 422 19450 394
240 404 19497 391
240 402 23221 384
240 405 17994 386
240 434 21411 402
240 399 18606 379
240 433 17487 411
240 392 22435 379
260 403 27095 380
260 425 34369 395
260 392 21998 376
260 422 25109 388
260 396 25033 369
260 440 31125 413
260 422 25810 398
260 420 24630 393
260 426 24141 410
260 419 30012 402
260 424 30918 389
260 423 29324 410
260 411 27272 386
260 416 43661 396
260 424 27032 399
260 401 24728 388
260 388 24168 352
260 429 24111 394
260 404 22361 391
260 405 27730 384
260 413 19573 393
260 436 27382 402
260 399 23251 379
260 433 23900 411
260 395 27026 379
280 415 29002 380
280 431 41471 395
280 397 25447 376
280 433 31740 388
280 400 31902 369
280 445 35050 413
280 427 36345 398
280 431 31481 393
280 428 29343 410
280 421 36471 402
280 414 40138 389
280 430 34815 410
280 413 32590 386
280 416 45089 396
280 426 33450 399
280 403 30218 388
280 418 34205 383
280 427 31865 394
280 407 29557 391
280 428 33890 384
280 426 29983 398
280 446 39266 402
280 408 27888 379
280 433 28718 411
280 395 33870 379
300 417 36302 380
300 439 49335 395
300 400 36155 376
300 430 39758 388
300 402 46814 369
300 452 43169 413
300 443 44876 398
300 433 35500 393
300 434 34083 410
300 424 43751 402
300 420 53962 389
300 445 41499 410
300 420 37097 386
300 425 51471 396
300 430 39306 399
300 401 36345 388
300 423 42635 383
300 433 35025 394
300 410 37484 391
300 424 44366 384
300 435 43004 398
300 449 41875 402
300 418 39232 379
300 428 41431 411
300 398 41652 379
320 427 44297 380
320 443 64844 395
320 408 47958 376
320 441 52147 410
320 404 44991 369
320 458 59668 413
320 449 58737 398
320 437 45846 393
320 434 40243 410
320 432 56601 402
320 427 71363 389
320 446 45477 410
320 426 53218 394
320 375 314615 396
320 433 46855 399
320 407 49887 388
320 423 48984 383
320 440 49239 394
320 416 49213 391
320 437 55641 384
320 445 58585 398
320 449 60420 402
320 417 45688 379
320 433 54499 411
320 397 51685 379
340 425 60767 380
340 440 74936 395
340 407 53026 376
340 440 59670 410
340 412 49911 369
340 457 58994 413
340 443 76817 398
340 445 58275 393
340 435 59154 410
340 434 51809 402
340 422 82497 389
340 444 55435 410
340 433 61133 394
340 428 78900 396
340 440 64589 399
340 423 74838 388
340 436 62812 383
340 441 52828 394
340 416 53185 391
340 443 69849 384
340 442 69001 398
340 452 62430 402
340 411 60414 379
340 434 71200 411
340 405 67853 379
360 426 83427 380
360 443 67548 395
360 413 61902 376
360 453 80746 410
360 429 72819 374
360 459 77405 413
360 447 78103 398
360 450 72935 397
360 440 64332 410
360 431 62932 402
360 425 85698 389
360 453 67713 410
360 439 75162 394
360 434 79539 396
360 441 86373 399
360 430 86252 388
360 431 92803 388
360 447 67896 394
360 416 63460 391
360 438 80514 384
360 453 92974 398
360 456 90977 402
360 415 67314 379
360 437 102121 411
360 409 60138 379
380 424 108757 387
380 445 89230 395
380 417 83266 376
380 451 96770 410
380 441 70665 374
380 462 93230 413
380 452 105150 398
380 455 95479 397
380 445 98093 410
380 429 107357 402
380 427 128002 389
380 458 87939 410
380 445 97551 394
380 434 101320 396
380 439 101438 399
380 432 88607 388
380 438 115455 388
380 446 82907 394
380 413 68612 391
380 431 81164 384
380 442 112230 398
380 450 123857 402
380 425 87884 379
380 441 103871 411
380 403 77166 379
400 441 132291 387
400 446 117214 395
400 418 76446 376
400 462 145991 410
400 441 99310 381
400 463 118859 413
400 458 118948 398
400 462 107924 397
400 450 119715 410
400 428 116104 402
400 433 156889 389
400 454 120162 410
400 442 102933 394
400 448 140578 396
400 449 118583 399
400 441 108469 388
400 440 141169 388
400 452 93839 394
400 413 82516 391
400 433 112047 384
400 447 127483 398
400 449 120097 402
400 430 92594 379
400 441 103930 411
400 429 88931 387
