27 5 26 5
27 5 27 4
27 5 27 5
27 5 27 6
27 5 28 5
22 13 21 13
22 13 22 12
22 13 22 13
22 13 23 13
19 3 19 2
19 3 19 3
19 3 19 4
19 3 20 3
22 8 21 8
22 8 22 7
22 8 22 8
22 8 22 9
22 8 23 8
28 3 27 3
28 3 28 2
28 3 28 3
28 3 28 4
28 3 29 3
22 11 21 11
22 11 22 10
22 11 22 11
22 11 22 12
22 11 23 11
23 7 22 7
23 7 23 6
23 7 23 7
23 7 23 8
23 7 24 7
24 7 23 7
24 7 24 6
24 7 24 7
24 7 24 8
24 7 25 7
28 12 27 12
28 12 28 11
28 12 28 12
28 12 28 13
28 12 29 12
26 11 25 11
26 11 26 10
26 11 26 11
26 11 26 12
26 11 27 11
27 2 26 2
27 2 27 1
27 2 27 2
27 2 27 3
27 2 28 2
23 8 22 8
23 8 23 7
23 8 23 8
23 8 23 9
23 8 24 8
17 15 16 15
17 15 17 14
17 15 17 15
17 15 18 15
23 12 22 12
23 12 23 11
23 12 23 12
23 12 23 13
23 12 24 12
27 9 26 9
27 9 27 8
27 9 27 9
27 9 27 10
27 9 28 9
28 6 27 6
28 6 28 5
28 6 28 6
28 6 28 7
28 6 29 6
29 9 28 9
29 9 29 8
29 9 29 9
29 9 29 10
19 8 19 7
19 8 19 8
19 8 19 9
19 8 20 8
19 9 19 8
19 9 19 9
19 9 19 10
19 9 20 9
31 14 30 14
31 14 31 14
31 14 31 15
27 12 26 12
27 12 27 11
27 12 27 12
27 12 27 13
27 12 28 12
24 2 23 2
24 2 24 1
24 2 24 2
24 2 24 3
24 2 25 2
23 6 22 6
23 6 23 5
23 6 23 6
23 6 23 7
23 6 24 6
25 2 24 2
25 2 25 1
25 2 25 2
25 2 25 3
25 2 26 2
19 15 18 15
19 15 19 14
19 15 19 15
22 3 21 3
22 3 22 2
22 3 22 3
22 3 22 4
22 3 23 3
25 10 24 10
25 10 25 9
25 10 25 10
25 10 25 11
25 10 26 10
30 15 30 14
30 15 30 15
30 15 31 15
20 11 19 11
20 11 20 10
20 11 20 11
20 11 20 12
20 11 21 11
27 6 26 6
27 6 27 5
27 6 27 6
27 6 27 7
27 6 28 6
25 7 24 7
25 7 25 6
25 7 25 7
25 7 25 8
25 7 26 7
25 1 24 1
25 1 25 0
25 1 25 1
25 1 25 2
25 1 26 1
19 14 18 14
19 14 19 13
19 14 19 14
19 14 19 15
30 14 30 14
30 14 30 15
30 14 31 14
26 12 25 12
26 12 26 11
26 12 26 12
26 12 26 13
26 12 27 12
20 12 19 12
20 12 20 11
20 12 20 12
20 12 20 13
20 12 21 12
25 11 24 11
25 11 25 10
25 11 25 11
25 11 25 12
25 11 26 11
24 8 23 8
24 8 24 7
24 8 24 8
24 8 24 9
24 8 25 8
23 13 22 13
23 13 23 12
23 13 23 13
23 13 24 13
27 1 26 1
27 1 27 0
27 1 27 1
27 1 27 2
27 1 28 1
25 8 24 8
25 8 25 7
25 8 25 8
25 8 25 9
25 8 26 8
24 9 23 9
24 9 24 8
24 9 24 9
24 9 24 10
24 9 25 9
26 1 25 1
26 1 26 0
26 1 26 1
26 1 26 2
26 1 27 1
20 4 19 4
20 4 20 3
20 4 20 4
20 4 20 5
20 4 21 4
19 10 19 9
19 10 19 10
19 10 19 11
19 10 20 10
20 13 19 13
20 13 20 12
20 13 20 13
20 13 21 13
23 5 22 5
23 5 23 4
23 5 23 5
23 5 23 6
23 5 24 5
20 1 19 1
20 1 20 0
20 1 20 1
20 1 20 2
20 1 21 1
24 12 23 12
24 12 24 11
24 12 24 12
24 12 24 13
24 12 25 12
19 1 19 0
19 1 19 1
19 1 19 2
19 1 20 1
22 9 21 9
22 9 22 8
22 9 22 9
22 9 22 10
22 9 23 9
16 14 16 14
16 14 16 15
16 14 17 14
27 13 26 13
27 13 27 12
27 13 27 13
27 13 28 13
27 11 26 11
27 11 27 10
27 11 27 11
27 11 27 12
27 11 28 11
20 6 19 6
20 6 20 5
20 6 20 6
20 6 20 7
20 6 21 6
24 11 23 11
24 11 24 10
24 11 24 11
24 11 24 12
24 11 25 11
29 12 28 12
29 12 29 11
29 12 29 12
29 12 29 13
21 11 20 11
21 11 21 10
21 11 21 11
21 11 21 12
21 11 22 11
28 2 27 2
28 2 28 1
28 2 28 2
28 2 28 3
28 2 29 2
18 15 17 15
18 15 18 14
18 15 18 15
18 15 19 15
24 13 23 13
24 13 24 12
24 13 24 13
24 13 25 13
25 5 24 5
25 5 25 4
25 5 25 5
25 5 25 6
25 5 26 5
29 8 28 8
29 8 29 7
29 8 29 8
29 8 29 9
25 4 24 4
25 4 25 3
25 4 25 4
25 4 25 5
25 4 26 4
21 5 20 5
21 5 21 4
21 5 21 5
21 5 21 6
21 5 22 5
27 4 26 4
27 4 27 3
27 4 27 4
27 4 27 5
27 4 28 4
25 0 24 0
25 0 25 0
25 0 25 1
25 0 26 0
26 6 25 6
26 6 26 5
26 6 26 6
26 6 26 7
26 6 27 6
21 12 20 12
21 12 21 11
21 12 21 12
21 12 21 13
21 12 22 12
24 5 23 5
24 5 24 4
24 5 24 5
24 5 24 6
24 5 25 5
26 9 25 9
26 9 26 8
26 9 26 9
26 9 26 10
26 9 27 9
24 10 23 10
24 10 24 9
24 10 24 10
24 10 24 11
24 10 25 10
29 5 28 5
29 5 29 4
29 5 29 5
29 5 29 6
29 1 28 1
29 1 29 0
29 1 29 1
29 1 29 2
21 2 20 2
21 2 21 1
21 2 21 2
21 2 21 3
21 2 22 2
25 12 24 12
25 12 25 11
25 12 25 12
25 12 25 13
25 12 26 12
21 10 20 10
21 10 21 9
21 10 21 10
21 10 21 11
21 10 22 10
27 0 26 0
27 0 27 0
27 0 27 1
27 0 28 0
24 6 23 6
24 6 24 5
24 6 24 6
24 6 24 7
24 6 25 6
22 0 21 0
22 0 22 0
22 0 22 1
22 0 23 0
26 5 25 5
26 5 26 4
26 5 26 5
26 5 26 6
26 5 27 5
27 7 26 7
27 7 27 6
27 7 27 7
27 7 27 8
27 7 28 7
26 0 25 0
26 0 26 0
26 0 26 1
26 0 27 0
23 0 22 0
23 0 23 0
23 0 23 1
23 0 24 0
26 2 25 2
26 2 26 1
26 2 26 2
26 2 26 3
26 2 27 2
25 9 24 9
25 9 25 8
25 9 25 9
25 9 25 10
25 9 26 9
22 4 21 4
22 4 22 3
22 4 22 4
22 4 22 5
22 4 23 4
25 13 24 13
25 13 25 12
25 13 25 13
25 13 26 13
31 15 30 15
31 15 31 14
31 15 31 15
17 14 16 14
17 14 17 14
17 14 17 15
17 14 18 14
19 2 19 1
19 2 19 2
19 2 19 3
19 2 20 2
20 2 19 2
20 2 20 1
20 2 20 2
20 2 20 3
20 2 21 2
27 3 26 3
27 3 27 2
27 3 27 3
27 3 27 4
27 3 28 3
23 9 22 9
23 9 23 8
23 9 23 9
23 9 23 10
23 9 24 9
29 10 28 10
29 10 29 9
29 10 29 10
29 10 29 11
29 0 28 0
29 0 29 0
29 0 29 1
26 8 25 8
26 8 26 7
26 8 26 8
26 8 26 9
26 8 27 8
29 4 28 4
29 4 29 3
29 4 29 4
29 4 29 5
20 0 19 0
20 0 20 0
20 0 20 1
20 0 21 0
18 14 17 14
18 14 18 14
18 14 18 15
18 14 19 14
19 13 19 12
19 13 19 13
19 13 19 14
19 13 20 13
28 13 27 13
28 13 28 12
28 13 28 13
28 13 29 13
23 4 22 4
23 4 23 3
23 4 23 4
23 4 23 5
23 4 24 4
28 5 27 5
28 5 28 4
28 5 28 5
28 5 28 6
28 5 29 5
19 4 19 3
19 4 19 4
19 4 19 5
19 4 20 4
24 4 23 4
24 4 24 3
24 4 24 4
24 4 24 5
24 4 25 4
22 10 21 10
22 10 22 9
22 10 22 10
22 10 22 11
22 10 23 10
20 8 19 8
20 8 20 7
20 8 20 8
20 8 20 9
20 8 21 8
26 4 25 4
26 4 26 3
26 4 26 4
26 4 26 5
26 4 27 4
23 11 22 11
23 11 23 10
23 11 23 11
23 11 23 12
23 11 24 11
22 7 21 7
22 7 22 6
22 7 22 7
22 7 22 8
22 7 23 7
23 3 22 3
23 3 23 2
23 3 23 3
23 3 23 4
23 3 24 3
25 3 24 3
25 3 25 2
25 3 25 3
25 3 25 4
25 3 26 3
21 0 20 0
21 0 21 0
21 0 21 1
21 0 22 0
21 8 20 8
21 8 21 7
21 8 21 8
21 8 21 9
21 8 22 8
16 15 16 14
16 15 16 15
16 15 17 15
21 6 20 6
21 6 21 5
21 6 21 6
21 6 21 7
21 6 22 6
28 4 27 4
28 4 28 3
28 4 28 4
28 4 28 5
28 4 29 4
21 4 20 4
21 4 21 3
21 4 21 4
21 4 21 5
21 4 22 4
19 12 19 11
19 12 19 12
19 12 19 13
19 12 20 12
27 8 26 8
27 8 27 7
27 8 27 8
27 8 27 9
27 8 28 8
28 9 27 9
28 9 28 8
28 9 28 9
28 9 28 10
28 9 29 9
26 10 25 10
26 10 26 9
26 10 26 10
26 10 26 11
26 10 27 10
22 1 21 1
22 1 22 0
22 1 22 1
22 1 22 2
22 1 23 1
28 10 27 10
28 10 28 9
28 10 28 10
28 10 28 11
28 10 29 10
19 0 19 0
19 0 19 1
19 0 20 0
21 3 20 3
21 3 21 2
21 3 21 3
21 3 21 4
21 3 22 3
28 1 27 1
28 1 28 0
28 1 28 1
28 1 28 2
28 1 29 1
29 6 28 6
29 6 29 5
29 6 29 6
29 6 29 7
19 6 19 5
19 6 19 6
19 6 19 7
19 6 20 6
29 3 28 3
29 3 29 2
29 3 29 3
29 3 29 4
26 3 25 3
26 3 26 2
26 3 26 3
26 3 26 4
26 3 27 3
21 1 20 1
21 1 21 0
21 1 21 1
21 1 21 2
21 1 22 1
22 6 21 6
22 6 22 5
22 6 22 6
22 6 22 7
22 6 23 6
26 7 25 7
26 7 26 6
26 7 26 7
26 7 26 8
26 7 27 7
21 13 20 13
21 13 21 12
21 13 21 13
21 13 22 13
23 10 22 10
23 10 23 9
23 10 23 10
23 10 23 11
23 10 24 10
24 3 23 3
24 3 24 2
24 3 24 3
24 3 24 4
24 3 25 3
26 13 25 13
26 13 26 12
26 13 26 13
26 13 27 13
19 7 19 6
19 7 19 7
19 7 19 8
19 7 20 7
29 2 28 2
29 2 29 1
29 2 29 2
29 2 29 3
28 0 27 0
28 0 28 0
28 0 28 1
28 0 29 0
29 11 28 11
29 11 29 10
29 11 29 11
29 11 29 12
29 13 28 13
29 13 29 12
29 13 29 13
20 9 19 9
20 9 20 8
20 9 20 9
20 9 20 10
20 9 21 9
24 0 23 0
24 0 24 0
24 0 24 1
24 0 25 0
23 2 22 2
23 2 23 1
23 2 23 2
23 2 23 3
23 2 24 2
29 7 28 7
29 7 29 6
29 7 29 7
29 7 29 8
19 11 19 10
19 11 19 11
19 11 19 12
19 11 20 11
22 2 21 2
22 2 22 1
22 2 22 2
22 2 22 3
22 2 23 2
28 11 27 11
28 11 28 10
28 11 28 11
28 11 28 12
28 11 29 11
21 7 20 7
21 7 21 6
21 7 21 7
21 7 21 8
21 7 22 7
20 3 19 3
20 3 20 2
20 3 20 3
20 3 20 4
20 3 21 3
21 9 20 9
21 9 21 8
21 9 21 9
21 9 21 10
21 9 22 9
20 7 19 7
20 7 20 6
20 7 20 7
20 7 20 8
20 7 21 7
28 8 27 8
28 8 28 7
28 8 28 8
28 8 28 9
28 8 29 8
22 5 21 5
22 5 22 4
22 5 22 5
22 5 22 6
22 5 23 5
22 12 21 12
22 12 22 11
22 12 22 12
22 12 22 13
22 12 23 12
20 5 19 5
20 5 20 4
20 5 20 5
20 5 20 6
20 5 21 5
23 1 22 1
23 1 23 0
23 1 23 1
23 1 23 2
23 1 24 1
28 7 27 7
28 7 28 6
28 7 28 7
28 7 28 8
28 7 29 7
27 10 26 10
27 10 27 9
27 10 27 10
27 10 27 11
27 10 28 10
20 10 19 10
20 10 20 9
20 10 20 10
20 10 20 11
20 10 21 10
25 6 24 6
25 6 25 5
25 6 25 6
25 6 25 7
25 6 26 6
24 1 23 1
24 1 24 0
24 1 24 1
24 1 24 2
24 1 25 1
19 5 19 4
19 5 19 5
19 5 19 6
19 5 20 5
