108 36 108 36
108 36 108 37
110 44 109 44
110 44 110 43
110 44 110 44
110 44 111 44
108 43 108 42
108 43 108 43
108 43 108 44
108 43 109 43
92 41 92 40
92 41 92 41
92 41 92 42
92 41 93 41
100 44 100 43
100 44 100 44
100 44 101 44
94 36 93 36
94 36 94 36
94 36 94 37
94 36 95 36
103 44 102 44
103 44 103 43
103 44 103 44
109 43 108 43
109 43 109 42
109 43 109 43
109 43 109 44
109 43 110 43
109 39 108 39
109 39 109 38
109 39 109 39
109 39 109 40
109 39 110 39
95 39 94 39
95 39 95 38
95 39 95 39
95 39 95 40
93 44 92 44
93 44 93 43
93 44 93 44
93 44 94 44
94 43 93 43
94 43 94 42
94 43 94 43
94 43 94 44
94 43 95 43
92 40 92 39
92 40 92 40
92 40 92 41
92 40 93 40
102 37 101 37
102 37 102 36
102 37 102 37
102 37 102 38
102 37 103 37
111 44 110 44
111 44 111 43
111 44 111 44
102 42 101 42
102 42 102 41
102 42 102 42
102 42 102 43
102 42 103 42
109 37 108 37
109 37 109 37
109 37 109 38
109 37 110 37
111 43 110 43
111 43 111 42
111 43 111 43
111 43 111 44
103 39 102 39
103 39 103 38
103 39 103 39
103 39 103 40
101 43 100 43
101 43 101 42
101 43 101 43
101 43 101 44
101 43 102 43
110 39 109 39
110 39 110 38
110 39 110 39
110 39 110 40
110 39 111 39
93 40 92 40
93 40 93 39
93 40 93 40
93 40 93 41
100 36 100 36
100 36 100 37
100 36 101 36
95 42 94 42
95 42 95 41
95 42 95 42
95 42 95 43
100 42 100 41
100 42 100 42
100 42 100 43
100 42 101 42
94 37 93 37
94 37 94 36
94 37 94 37
94 37 94 38
94 37 95 37
108 42 108 41
108 42 108 42
108 42 108 43
108 42 109 42
108 39 108 38
108 39 108 39
108 39 108 40
108 39 109 39
101 41 100 41
101 41 101 40
101 41 101 41
101 41 101 42
101 41 102 41
108 38 108 37
108 38 108 38
108 38 108 39
108 38 109 38
111 42 110 42
111 42 111 41
111 42 111 42
111 42 111 43
100 37 100 36
100 37 100 37
100 37 100 38
100 37 101 37
102 41 101 41
102 41 102 40
102 41 102 41
102 41 102 42
102 41 103 41
93 43 92 43
93 43 93 42
93 43 93 43
93 43 93 44
93 43 94 43
95 40 95 39
95 40 95 40
95 40 95 41
108 40 108 39
108 40 108 40
108 40 108 41
108 40 109 40
93 38 93 37
93 38 93 38
93 38 93 39
93 38 94 38
103 38 102 38
103 38 103 37
103 38 103 38
103 38 103 39
101 36 100 36
101 36 101 36
101 36 101 37
101 36 102 36
102 43 101 43
102 43 102 42
102 43 102 43
102 43 102 44
102 43 103 43
100 40 100 39
100 40 100 40
100 40 100 41
100 40 101 40
101 42 100 42
101 42 101 41
101 42 101 42
101 42 101 43
101 42 102 42
103 41 102 41
103 41 103 40
103 41 103 41
103 41 103 42
108 44 108 43
108 44 108 44
108 44 109 44
101 44 100 44
101 44 101 43
101 44 101 44
101 44 102 44
92 44 92 43
92 44 92 44
92 44 93 44
95 43 94 43
95 43 95 42
95 43 95 43
95 43 95 44
93 41 92 41
93 41 93 40
93 41 93 41
93 41 93 42
93 41 94 41
109 41 108 41
109 41 109 40
109 41 109 41
109 41 109 42
109 41 110 41
92 36 92 36
92 36 92 37
92 36 93 36
95 36 94 36
95 36 95 36
95 36 95 37
101 37 100 37
101 37 101 36
101 37 101 37
101 37 101 38
101 37 102 37
110 36 110 36
110 36 110 37
110 36 111 36
108 41 108 40
108 41 108 41
108 41 108 42
108 41 109 41
103 43 102 43
103 43 103 42
103 43 103 43
103 43 103 44
109 42 108 42
109 42 109 41
109 42 109 42
109 42 109 43
109 42 110 42
111 39 110 39
111 39 111 39
111 39 111 40
92 37 92 36
92 37 92 37
92 37 93 37
103 40 102 40
103 40 103 39
103 40 103 40
103 40 103 41
92 39 92 39
92 39 92 40
92 39 93 39
93 42 92 42
93 42 93 41
93 42 93 42
93 42 93 43
93 42 94 42
110 42 109 42
110 42 110 41
110 42 110 42
110 42 110 43
110 42 111 42
111 36 110 36
111 36 111 36
111 36 111 37
93 39 92 39
93 39 93 38
93 39 93 39
93 39 93 40
93 39 94 39
94 42 93 42
94 42 94 41
94 42 94 42
94 42 94 43
94 42 95 42
92 42 92 41
92 42 92 42
92 42 92 43
92 42 93 42
102 44 101 44
102 44 102 43
102 44 102 44
102 44 103 44
95 37 94 37
95 37 95 36
95 37 95 37
95 37 95 38
95 38 94 38
95 38 95 37
95 38 95 38
95 38 95 39
95 41 94 41
95 41 95 40
95 41 95 41
95 41 95 42
110 38 109 38
110 38 110 37
110 38 110 38
110 38 110 39
103 36 102 36
103 36 103 36
103 36 103 37
102 36 101 36
102 36 102 36
102 36 102 37
102 36 103 36
100 43 100 42
100 43 100 43
100 43 100 44
100 43 101 43
100 38 100 37
100 38 100 38
100 38 100 39
100 38 101 38
111 41 110 41
111 41 111 40
111 41 111 41
111 41 111 42
103 42 102 42
103 42 103 41
103 42 103 42
103 42 103 43
93 37 92 37
93 37 93 36
93 37 93 37
93 37 93 38
93 37 94 37
102 38 101 38
102 38 102 37
102 38 102 38
102 38 102 39
102 38 103 38
111 37 110 37
111 37 111 36
111 37 111 37
103 37 102 37
103 37 103 36
103 37 103 37
103 37 103 38
109 38 108 38
109 38 109 37
109 38 109 38
109 38 109 39
109 38 110 38
110 40 109 40
110 40 110 39
110 40 110 40
110 40 110 41
110 40 111 40
101 40 100 40
101 40 101 39
101 40 101 40
101 40 101 41
101 40 102 40
110 43 109 43
110 43 110 42
110 43 110 43
110 43 110 44
110 43 111 43
92 43 92 42
92 43 92 43
92 43 92 44
92 43 93 43
110 41 109 41
110 41 110 40
110 41 110 41
110 41 110 42
110 41 111 41
110 37 109 37
110 37 110 36
110 37 110 37
110 37 110 38
110 37 111 37
101 38 100 38
101 38 101 37
101 38 101 38
101 38 101 39
101 38 102 38
94 44 93 44
94 44 94 43
94 44 94 44
94 44 95 44
111 40 110 40
111 40 111 39
111 40 111 40
111 40 111 41
109 44 108 44
109 44 109 43
109 44 109 44
109 44 110 44
102 40 101 40
102 40 102 39
102 40 102 40
102 40 102 41
102 40 103 40
109 40 108 40
109 40 109 39
109 40 109 40
109 40 109 41
109 40 110 40
93 36 92 36
93 36 93 36
93 36 93 37
93 36 94 36
100 41 100 40
100 41 100 41
100 41 100 42
100 41 101 41
101 39 100 39
101 39 101 38
101 39 101 39
101 39 101 40
101 39 102 39
95 44 94 44
95 44 95 43
95 44 95 44
102 39 101 39
102 39 102 38
102 39 102 39
102 39 102 40
102 39 103 39
94 39 93 39
94 39 94 38
94 39 94 39
94 39 95 39
100 39 100 38
100 39 100 39
100 39 100 40
100 39 101 39
94 41 93 41
94 41 94 41
94 41 94 42
94 41 95 41
108 37 108 36
108 37 108 37
108 37 108 38
108 37 109 37
94 38 93 38
94 38 94 37
94 38 94 38
94 38 94 39
94 38 95 38
