17 43 16 43
17 43 17 42
17 43 17 43
17 43 18 43
18 38 17 38
18 38 18 38
18 38 18 39
14 39 14 38
14 39 14 39
14 39 15 39
15 38 14 38
15 38 15 38
15 38 15 39
15 38 16 38
14 43 14 42
14 43 14 43
14 43 15 43
18 39 17 39
18 39 18 38
18 39 18 39
16 39 15 39
16 39 16 38
16 39 16 39
16 39 17 39
18 42 17 42
18 42 18 42
18 42 18 43
14 38 14 38
14 38 14 39
14 38 15 38
15 39 14 39
15 39 15 38
15 39 15 39
15 39 16 39
15 43 14 43
15 43 15 42
15 43 15 43
15 43 16 43
16 38 15 38
16 38 16 38
16 38 16 39
16 38 17 38
15 42 14 42
15 42 15 42
15 42 15 43
15 42 16 42
16 43 15 43
16 43 16 42
16 43 16 43
16 43 17 43
17 38 16 38
17 38 17 38
17 38 17 39
17 38 18 38
18 43 17 43
18 43 18 42
18 43 18 43
14 42 14 42
14 42 14 43
14 42 15 42
17 42 16 42
17 42 17 42
17 42 17 43
17 42 18 42
16 42 15 42
16 42 16 42
16 42 16 43
16 42 17 42
17 39 16 39
17 39 17 38
17 39 17 39
17 39 18 39
