96 57 96 56
96 57 96 57
96 57 96 58
96 57 97 57
80 63 80 62
80 63 80 63
80 63 80 64
80 63 81 63
91 61 91 60
91 61 91 61
91 61 91 62
115 57 114 57
115 57 115 56
115 57 115 57
115 57 115 58
91 58 91 57
91 58 91 58
91 58 91 59
81 61 80 61
81 61 81 60
81 61 81 61
81 61 81 62
81 61 82 61
80 57 80 56
80 57 80 57
80 57 81 57
104 62 104 61
104 62 104 62
104 62 104 63
104 62 105 62
82 56 81 56
82 56 82 56
82 56 82 57
82 56 83 56
83 57 82 57
83 57 83 56
83 57 83 57
114 63 113 63
114 63 114 62
114 63 114 63
114 63 114 64
107 60 106 60
107 60 107 60
107 60 107 61
89 63 88 63
89 63 89 63
89 63 89 64
89 63 90 63
88 57 88 56
88 57 88 57
88 57 88 58
90 56 89 56
90 56 90 56
90 56 90 57
90 56 91 56
72 63 72 62
72 63 72 63
72 63 72 64
82 62 81 62
82 62 82 61
82 62 82 62
82 62 82 63
82 62 83 62
75 63 74 63
75 63 75 62
75 63 75 63
75 63 75 64
90 63 89 63
90 63 90 62
90 63 90 63
90 63 90 64
90 63 91 63
104 64 104 63
104 64 104 64
104 64 105 64
98 57 97 57
98 57 98 56
98 57 98 57
98 57 98 58
98 57 99 57
83 62 82 62
83 62 83 61
83 62 83 62
83 62 83 63
105 60 104 60
105 60 105 59
105 60 105 60
105 60 105 61
105 60 106 60
97 60 96 60
97 60 97 59
97 60 97 60
97 60 97 61
97 60 98 60
73 60 72 60
73 60 73 59
73 60 73 60
73 60 73 61
73 60 74 60
99 60 98 60
99 60 99 59
99 60 99 60
99 60 99 61
99 56 98 56
99 56 99 56
99 56 99 57
115 62 114 62
115 62 115 61
115 62 115 62
75 60 74 60
75 60 75 59
75 60 75 60
75 60 75 61
115 64 114 64
115 64 115 64
80 62 80 61
80 62 80 62
80 62 80 63
80 62 81 62
96 63 96 62
96 63 96 63
96 63 96 64
96 63 97 63
112 58 112 57
112 58 112 58
112 58 113 58
83 60 82 60
83 60 83 59
83 60 83 60
83 60 83 61
81 58 81 57
81 58 81 58
81 58 81 59
81 58 82 58
112 56 112 56
112 56 112 57
112 56 113 56
106 58 105 58
106 58 106 57
106 58 106 58
106 58 106 59
106 58 107 58
96 56 96 56
96 56 96 57
96 56 97 56
88 58 88 57
88 58 88 58
88 58 88 59
88 58 89 58
115 60 115 59
115 60 115 60
115 60 115 61
81 56 80 56
81 56 81 56
81 56 81 57
81 56 82 56
88 60 88 59
88 60 88 60
88 60 88 61
88 60 89 60
105 62 104 62
105 62 105 61
105 62 105 62
105 62 105 63
105 62 106 62
113 61 112 61
113 61 113 60
113 61 113 61
113 61 113 62
113 61 114 61
91 56 90 56
91 56 91 56
91 56 91 57
82 64 81 64
82 64 82 63
82 64 82 64
82 64 83 64
98 59 97 59
98 59 98 58
98 59 98 59
98 59 98 60
98 59 99 59
106 64 105 64
106 64 106 63
106 64 106 64
106 64 107 64
106 63 105 63
106 63 106 62
106 63 106 63
106 63 106 64
106 63 107 63
75 62 74 62
75 62 75 61
75 62 75 62
75 62 75 63
75 58 74 58
75 58 75 57
75 58 75 58
75 58 75 59
74 64 73 64
74 64 74 63
74 64 74 64
74 64 75 64
98 56 97 56
98 56 98 56
98 56 98 57
98 56 99 56
106 57 105 57
106 57 106 56
106 57 106 57
106 57 106 58
106 57 107 57
104 61 104 60
104 61 104 61
104 61 104 62
104 61 105 61
107 57 106 57
107 57 107 56
107 57 107 57
107 57 107 58
91 59 90 59
91 59 91 58
91 59 91 59
91 59 91 60
99 63 98 63
99 63 99 62
99 63 99 63
99 63 99 64
82 59 81 59
82 59 82 58
82 59 82 59
82 59 82 60
82 59 83 59
90 57 90 56
90 57 90 57
90 57 91 57
105 56 104 56
105 56 105 56
105 56 105 57
105 56 106 56
104 57 104 56
104 57 104 57
104 57 105 57
114 64 113 64
114 64 114 63
114 64 114 64
114 64 115 64
113 64 112 64
113 64 113 63
113 64 113 64
113 64 114 64
73 58 72 58
73 58 73 58
73 58 73 59
73 58 74 58
91 62 90 62
91 62 91 61
91 62 91 62
91 62 91 63
97 64 96 64
97 64 97 63
97 64 97 64
97 64 98 64
107 63 106 63
107 63 107 62
107 63 107 63
107 63 107 64
74 57 74 56
74 57 74 57
74 57 74 58
74 57 75 57
115 56 114 56
115 56 115 56
115 56 115 57
88 56 88 56
88 56 88 57
88 56 89 56
72 58 72 57
72 58 72 58
72 58 72 59
72 58 73 58
99 58 98 58
99 58 99 57
99 58 99 58
99 58 99 59
74 62 73 62
74 62 74 61
74 62 74 62
74 62 74 63
74 62 75 62
113 56 112 56
113 56 113 56
113 56 113 57
113 56 114 56
96 61 96 60
96 61 96 61
96 61 96 62
96 61 97 61
82 60 81 60
82 60 82 59
82 60 82 60
82 60 82 61
82 60 83 60
89 64 88 64
89 64 89 63
89 64 89 64
89 64 90 64
80 64 80 63
80 64 80 64
80 64 81 64
74 60 73 60
74 60 74 59
74 60 74 60
74 60 74 61
74 60 75 60
82 58 81 58
82 58 82 57
82 58 82 58
82 58 82 59
106 56 105 56
106 56 106 56
106 56 106 57
106 56 107 56
72 56 72 56
72 56 72 57
72 56 73 56
74 56 73 56
74 56 74 56
74 56 74 57
74 56 75 56
99 62 98 62
99 62 99 61
99 62 99 62
99 62 99 63
75 61 74 61
75 61 75 60
75 61 75 61
75 61 75 62
73 64 72 64
73 64 73 64
73 64 74 64
91 64 90 64
91 64 91 63
91 64 91 64
97 62 96 62
97 62 97 61
97 62 97 62
97 62 97 63
97 62 98 62
104 63 104 62
104 63 104 63
104 63 104 64
104 63 105 63
83 64 82 64
83 64 83 63
83 64 83 64
112 61 112 60
112 61 112 61
112 61 112 62
112 61 113 61
97 63 96 63
97 63 97 62
97 63 97 63
97 63 97 64
97 63 98 63
98 61 97 61
98 61 98 60
98 61 98 61
98 61 98 62
98 61 99 61
72 61 72 60
72 61 72 61
72 61 72 62
72 61 73 61
80 59 80 59
80 59 80 60
80 59 81 59
99 59 98 59
99 59 99 58
99 59 99 59
99 59 99 60
80 61 80 60
80 61 80 61
80 61 80 62
80 61 81 61
91 57 90 57
91 57 91 56
91 57 91 57
91 57 91 58
82 63 81 63
82 63 82 62
82 63 82 63
82 63 82 64
82 63 83 63
75 57 74 57
75 57 75 56
75 57 75 57
75 57 75 58
73 61 72 61
73 61 73 60
73 61 73 61
73 61 73 62
73 61 74 61
105 64 104 64
105 64 105 63
105 64 105 64
105 64 106 64
88 59 88 58
88 59 88 59
88 59 88 60
112 62 112 61
112 62 112 62
112 62 112 63
112 62 113 62
83 61 82 61
83 61 83 60
83 61 83 61
83 61 83 62
73 56 72 56
73 56 73 56
73 56 74 56
115 59 114 59
115 59 115 58
115 59 115 59
115 59 115 60
113 62 112 62
113 62 113 61
113 62 113 62
113 62 113 63
113 62 114 62
72 57 72 56
72 57 72 57
72 57 72 58
105 63 104 63
105 63 105 62
105 63 105 63
105 63 105 64
105 63 106 63
98 60 97 60
98 60 98 59
98 60 98 60
98 60 98 61
98 60 99 60
106 60 105 60
106 60 106 59
106 60 106 60
106 60 107 60
74 61 73 61
74 61 74 60
74 61 74 61
74 61 74 62
74 61 75 61
114 59 113 59
114 59 114 58
114 59 114 59
114 59 115 59
104 56 104 56
104 56 104 57
104 56 105 56
106 59 105 59
106 59 106 58
106 59 106 59
106 59 106 60
90 59 90 59
90 59 91 59
89 61 88 61
89 61 89 60
89 61 89 61
88 62 88 61
88 62 88 62
88 62 88 63
81 57 80 57
81 57 81 56
81 57 81 57
81 57 81 58
81 57 82 57
98 58 97 58
98 58 98 57
98 58 98 58
98 58 98 59
98 58 99 58
90 64 89 64
90 64 90 63
90 64 90 64
90 64 91 64
105 61 104 61
105 61 105 60
105 61 105 61
105 61 105 62
74 63 74 62
74 63 74 63
74 63 74 64
74 63 75 63
115 58 114 58
115 58 115 57
115 58 115 58
115 58 115 59
72 60 72 59
72 60 72 60
72 60 72 61
72 60 73 60
99 64 98 64
99 64 99 63
99 64 99 64
96 64 96 63
96 64 96 64
96 64 97 64
89 56 88 56
89 56 89 56
89 56 90 56
114 57 113 57
114 57 114 56
114 57 114 57
114 57 114 58
114 57 115 57
72 62 72 61
72 62 72 62
72 62 72 63
72 62 73 62
88 63 88 62
88 63 88 63
88 63 88 64
88 63 89 63
81 60 80 60
81 60 81 59
81 60 81 60
81 60 81 61
81 60 82 60
97 56 96 56
97 56 97 56
97 56 97 57
97 56 98 56
104 60 104 59
104 60 104 60
104 60 104 61
104 60 105 60
96 59 96 58
96 59 96 59
96 59 96 60
96 59 97 59
73 62 72 62
73 62 73 61
73 62 73 62
73 62 74 62
75 59 74 59
75 59 75 58
75 59 75 59
75 59 75 60
113 63 112 63
113 63 113 62
113 63 113 63
113 63 113 64
113 63 114 63
107 58 106 58
107 58 107 57
107 58 107 58
88 61 88 60
88 61 88 61
88 61 88 62
88 61 89 61
90 62 90 62
90 62 90 63
90 62 91 62
114 56 113 56
114 56 114 56
114 56 114 57
114 56 115 56
83 59 82 59
83 59 83 59
83 59 83 60
98 63 97 63
98 63 98 62
98 63 98 63
98 63 98 64
98 63 99 63
83 63 82 63
83 63 83 62
83 63 83 63
83 63 83 64
91 60 91 59
91 60 91 60
91 60 91 61
72 59 72 58
72 59 72 59
72 59 72 60
72 59 73 59
115 61 114 61
115 61 115 60
115 61 115 61
115 61 115 62
75 56 74 56
75 56 75 56
75 56 75 57
81 59 80 59
81 59 81 58
81 59 81 59
81 59 81 60
81 59 82 59
104 59 104 59
104 59 104 60
104 59 105 59
97 59 96 59
97 59 97 58
97 59 97 59
97 59 97 60
97 59 98 59
113 59 113 58
113 59 113 59
113 59 113 60
113 59 114 59
107 62 106 62
107 62 107 61
107 62 107 62
107 62 107 63
107 61 107 60
107 61 107 61
107 61 107 62
82 61 81 61
82 61 82 60
82 61 82 61
82 61 82 62
82 61 83 61
112 63 112 62
112 63 112 63
112 63 112 64
112 63 113 63
107 64 106 64
107 64 107 63
107 64 107 64
73 59 72 59
73 59 73 58
73 59 73 59
73 59 73 60
73 59 74 59
96 58 96 57
96 58 96 58
96 58 96 59
96 58 97 58
91 63 90 63
91 63 91 62
91 63 91 63
91 63 91 64
82 57 81 57
82 57 82 56
82 57 82 57
82 57 82 58
82 57 83 57
80 60 80 59
80 60 80 60
80 60 80 61
80 60 81 60
114 62 113 62
114 62 114 61
114 62 114 62
114 62 114 63
114 62 115 62
89 58 88 58
89 58 89 58
80 56 80 56
80 56 80 57
80 56 81 56
114 61 113 61
114 61 114 61
114 61 114 62
114 61 115 61
107 56 106 56
107 56 107 56
107 56 107 57
106 62 105 62
106 62 106 62
106 62 106 63
106 62 107 62
81 62 80 62
81 62 81 61
81 62 81 62
81 62 81 63
81 62 82 62
112 60 112 60
112 60 112 61
112 60 113 60
99 61 98 61
99 61 99 60
99 61 99 61
99 61 99 62
98 64 97 64
98 64 98 63
98 64 98 64
98 64 99 64
89 60 88 60
89 60 89 60
89 60 89 61
114 58 113 58
114 58 114 57
114 58 114 58
114 58 114 59
114 58 115 58
113 60 112 60
113 60 113 59
113 60 113 60
113 60 113 61
81 64 80 64
81 64 81 63
81 64 81 64
81 64 82 64
96 60 96 59
96 60 96 60
96 60 96 61
96 60 97 60
112 57 112 56
112 57 112 57
112 57 112 58
112 57 113 57
113 57 112 57
113 57 113 56
113 57 113 57
113 57 113 58
113 57 114 57
98 62 97 62
98 62 98 61
98 62 98 62
98 62 98 63
98 62 99 62
113 58 112 58
113 58 113 57
113 58 113 58
113 58 113 59
113 58 114 58
97 58 96 58
97 58 97 57
97 58 97 58
97 58 97 59
97 58 98 58
83 56 82 56
83 56 83 56
83 56 83 57
97 61 96 61
97 61 97 60
97 61 97 61
97 61 97 62
97 61 98 61
97 57 96 57
97 57 97 56
97 57 97 57
97 57 97 58
97 57 98 57
74 59 73 59
74 59 74 58
74 59 74 59
74 59 74 60
74 59 75 59
72 64 72 63
72 64 72 64
72 64 73 64
105 59 104 59
105 59 105 58
105 59 105 59
105 59 105 60
105 59 106 59
74 58 73 58
74 58 74 57
74 58 74 58
74 58 74 59
74 58 75 58
99 57 98 57
99 57 99 56
99 57 99 57
99 57 99 58
112 64 112 63
112 64 112 64
112 64 113 64
96 62 96 61
96 62 96 62
96 62 96 63
96 62 97 62
75 64 74 64
75 64 75 63
75 64 75 64
88 64 88 63
88 64 88 64
88 64 89 64
105 57 104 57
105 57 105 56
105 57 105 57
105 57 105 58
105 57 106 57
81 63 80 63
81 63 81 62
81 63 81 63
81 63 81 64
81 63 82 63
105 58 105 57
105 58 105 58
105 58 105 59
105 58 106 58
