59 32 58 32
59 32 59 31
59 32 59 32
59 32 59 33
54 32 54 31
54 32 54 32
54 32 54 33
54 32 55 32
59 30 58 30
59 30 59 30
59 30 59 31
58 30 58 30
58 30 58 31
58 30 59 30
58 33 58 32
58 33 58 33
58 33 58 34
58 33 59 33
59 33 58 33
59 33 59 32
59 33 59 33
59 33 59 34
59 31 58 31
59 31 59 30
59 31 59 31
59 31 59 32
54 34 54 33
54 34 54 34
54 34 55 34
58 32 58 31
58 32 58 32
58 32 58 33
58 32 59 32
54 33 54 32
54 33 54 33
54 33 54 34
54 33 55 33
59 34 58 34
59 34 59 33
59 34 59 34
58 31 58 30
58 31 58 31
58 31 58 32
58 31 59 31
58 34 58 33
58 34 58 34
58 34 59 34
55 32 54 32
55 32 55 31
55 32 55 32
55 32 55 33
55 33 54 33
55 33 55 32
55 33 55 33
55 33 55 34
54 30 54 30
54 30 54 31
54 30 55 30
54 31 54 30
54 31 54 31
54 31 54 32
54 31 55 31
55 30 54 30
55 30 55 30
55 30 55 31
55 31 54 31
55 31 55 30
55 31 55 31
55 31 55 32
55 34 54 34
55 34 55 33
55 34 55 34
