112 26 111 26
112 26 112 26
112 26 112 27
112 26 113 26
104 28 104 27
104 28 104 28
104 28 104 29
104 28 105 28
102 32 102 31
102 32 102 32
102 32 102 33
102 32 103 32
102 31 102 30
102 31 102 31
102 31 102 32
102 31 103 31
104 29 103 29
104 29 104 28
104 29 104 29
104 29 104 30
104 29 105 29
103 30 102 30
103 30 103 29
103 30 103 30
103 30 103 31
103 30 104 30
111 28 110 28
111 28 111 27
111 28 111 28
111 28 111 29
111 28 112 28
102 26 102 26
102 26 102 27
102 26 103 26
110 32 110 31
110 32 110 32
110 32 110 33
110 32 111 32
113 30 112 30
113 30 113 29
113 30 113 30
113 30 113 31
102 27 102 26
102 27 102 27
102 27 102 28
102 27 103 27
113 28 112 28
113 28 113 27
113 28 113 28
113 28 113 29
110 28 110 27
110 28 110 28
110 28 110 29
110 28 111 28
104 32 103 32
104 32 104 31
104 32 104 32
104 32 104 33
104 32 105 32
102 33 102 32
102 33 102 33
102 33 102 34
105 26 104 26
105 26 105 26
105 26 105 27
112 33 111 33
112 33 112 32
112 33 112 33
112 33 112 34
112 33 113 33
112 27 111 27
112 27 112 26
112 27 112 27
112 27 112 28
112 27 113 27
112 29 111 29
112 29 112 28
112 29 112 29
112 29 112 30
112 29 113 29
110 27 110 26
110 27 110 27
110 27 110 28
110 27 111 27
105 30 104 30
105 30 105 29
105 30 105 30
105 30 105 31
112 32 111 32
112 32 112 31
112 32 112 32
112 32 112 33
112 32 113 32
102 29 102 28
102 29 102 29
102 29 102 30
102 29 103 29
111 27 110 27
111 27 111 26
111 27 111 27
111 27 111 28
111 27 112 27
104 34 103 34
104 34 104 33
104 34 104 34
104 34 105 34
110 30 110 29
110 30 110 30
110 30 110 31
103 27 102 27
103 27 103 26
103 27 103 27
103 27 104 27
102 34 102 33
102 34 102 34
102 34 103 34
111 34 110 34
111 34 111 33
111 34 111 34
111 34 112 34
110 34 110 33
110 34 110 34
110 34 111 34
112 28 111 28
112 28 112 27
112 28 112 28
112 28 112 29
112 28 113 28
110 26 110 26
110 26 110 27
110 26 111 26
112 30 112 29
112 30 112 30
112 30 112 31
112 30 113 30
110 31 110 30
110 31 110 31
110 31 110 32
110 31 111 31
103 34 102 34
103 34 103 34
103 34 104 34
111 32 110 32
111 32 111 31
111 32 111 32
111 32 111 33
111 32 112 32
111 26 110 26
111 26 111 26
111 26 111 27
111 26 112 26
113 27 112 27
113 27 113 26
113 27 113 27
113 27 113 28
104 31 103 31
104 31 104 30
104 31 104 31
104 31 104 32
104 31 105 31
102 30 102 29
102 30 102 30
102 30 102 31
102 30 103 30
105 34 104 34
105 34 105 33
105 34 105 34
105 33 104 33
105 33 105 32
105 33 105 33
105 33 105 34
113 31 112 31
113 31 113 30
113 31 113 31
113 31 113 32
113 34 112 34
113 34 113 33
113 34 113 34
110 29 110 28
110 29 110 29
110 29 110 30
110 29 111 29
102 28 102 27
102 28 102 28
102 28 102 29
104 26 103 26
104 26 104 26
104 26 104 27
104 26 105 26
104 27 103 27
104 27 104 26
104 27 104 27
104 27 104 28
104 27 105 27
103 31 102 31
103 31 103 30
103 31 103 31
103 31 103 32
103 31 104 31
113 26 112 26
113 26 113 26
113 26 113 27
105 28 104 28
105 28 105 27
105 28 105 28
105 28 105 29
113 33 112 33
113 33 113 32
113 33 113 33
113 33 113 34
103 29 102 29
103 29 103 29
103 29 103 30
103 29 104 29
105 32 104 32
105 32 105 31
105 32 105 32
105 32 105 33
110 33 110 32
110 33 110 33
110 33 110 34
110 33 111 33
111 31 110 31
111 31 111 31
111 31 111 32
111 31 112 31
105 27 104 27
105 27 105 26
105 27 105 27
105 27 105 28
103 26 102 26
103 26 103 26
103 26 103 27
103 26 104 26
103 32 102 32
103 32 103 31
103 32 103 32
103 32 104 32
113 29 112 29
113 29 113 28
113 29 113 29
113 29 113 30
111 33 110 33
111 33 111 32
111 33 111 33
111 33 111 34
111 33 112 33
104 33 104 32
104 33 104 33
104 33 104 34
104 33 105 33
105 29 104 29
105 29 105 28
105 29 105 29
105 29 105 30
113 32 112 32
113 32 113 31
113 32 113 32
113 32 113 33
112 34 111 34
112 34 112 33
112 34 112 34
112 34 113 34
104 30 103 30
104 30 104 29
104 30 104 30
104 30 104 31
104 30 105 30
111 29 110 29
111 29 111 28
111 29 111 29
111 29 112 29
112 31 111 31
112 31 112 30
112 31 112 31
112 31 112 32
112 31 113 31
105 31 104 31
105 31 105 30
105 31 105 31
105 31 105 32
