30 33 30 32
30 33 30 33
30 33 30 34
30 33 31 33
22 43 21 43
22 43 22 42
22 43 22 43
22 43 22 44
22 43 23 43
25 37 24 37
25 37 25 36
25 37 25 37
25 37 25 38
25 37 26 37
24 41 23 41
24 41 24 40
24 41 24 41
24 41 24 42
24 41 25 41
27 45 26 45
27 45 27 44
27 45 27 45
27 45 28 45
19 34 18 34
19 34 19 33
19 34 19 34
19 34 19 35
22 40 21 40
22 40 22 39
22 40 22 40
22 40 22 41
22 40 23 40
24 39 23 39
24 39 24 38
24 39 24 39
24 39 24 40
24 39 25 39
28 44 27 44
28 44 28 43
28 44 28 44
28 44 28 45
28 44 29 44
22 38 21 38
22 38 22 37
22 38 22 38
22 38 22 39
22 38 23 38
16 33 16 32
16 33 16 33
16 33 16 34
16 33 17 33
27 40 26 40
27 40 27 39
27 40 27 40
27 40 27 41
27 40 28 40
30 47 30 46
30 47 30 47
30 47 31 47
27 38 26 38
27 38 27 37
27 38 27 38
27 38 27 39
27 38 28 38
28 36 27 36
28 36 28 35
28 36 28 36
28 36 28 37
28 36 29 36
23 40 22 40
23 40 23 39
23 40 23 40
23 40 23 41
23 40 24 40
25 42 24 42
25 42 25 41
25 42 25 42
25 42 25 43
25 42 26 42
29 39 28 39
29 39 29 38
29 39 29 39
29 39 29 40
25 44 24 44
25 44 25 43
25 44 25 44
25 44 25 45
25 44 26 44
28 35 27 35
28 35 28 35
28 35 28 36
28 35 29 35
20 40 19 40
20 40 20 39
20 40 20 40
20 40 20 41
20 40 21 40
19 45 19 44
19 45 19 45
19 45 19 46
19 45 20 45
25 36 24 36
25 36 25 35
25 36 25 36
25 36 25 37
25 36 26 36
16 35 16 34
16 35 16 35
16 35 17 35
20 35 19 35
20 35 20 35
20 35 20 36
20 35 21 35
21 35 20 35
21 35 21 35
21 35 21 36
21 35 22 35
19 32 18 32
19 32 19 32
19 32 19 33
18 46 17 46
18 46 18 46
18 46 18 47
18 46 19 46
18 47 17 47
18 47 18 46
18 47 18 47
18 47 19 47
20 37 19 37
20 37 20 36
20 37 20 37
20 37 20 38
20 37 21 37
16 47 16 46
16 47 16 47
16 47 17 47
19 39 19 38
19 39 19 39
19 39 19 40
19 39 20 39
27 35 26 35
27 35 27 35
27 35 27 36
27 35 28 35
31 47 30 47
31 47 31 46
31 47 31 47
30 46 30 46
30 46 30 47
30 46 31 46
25 43 24 43
25 43 25 42
25 43 25 43
25 43 25 44
25 43 26 43
26 45 25 45
26 45 26 44
26 45 26 45
26 45 27 45
28 43 27 43
28 43 28 42
28 43 28 43
28 43 28 44
28 43 29 43
29 44 28 44
29 44 29 43
29 44 29 44
29 44 29 45
24 37 23 37
24 37 24 36
24 37 24 37
24 37 24 38
24 37 25 37
26 44 25 44
26 44 26 43
26 44 26 44
26 44 26 45
26 44 27 44
27 37 26 37
27 37 27 36
27 37 27 37
27 37 27 38
27 37 28 37
30 34 30 33
30 34 30 34
30 34 30 35
30 34 31 34
28 38 27 38
28 38 28 37
28 38 28 38
28 38 28 39
28 38 29 38
28 37 27 37
28 37 28 36
28 37 28 37
28 37 28 38
28 37 29 37
29 40 28 40
29 40 29 39
29 40 29 40
29 40 29 41
17 33 16 33
17 33 17 32
17 33 17 33
17 33 17 34
17 33 18 33
22 41 21 41
22 41 22 40
22 41 22 41
22 41 22 42
22 41 23 41
21 40 20 40
21 40 21 39
21 40 21 40
21 40 21 41
21 40 22 40
26 39 25 39
26 39 26 38
26 39 26 39
26 39 26 40
26 39 27 39
24 42 23 42
24 42 24 41
24 42 24 42
24 42 24 43
24 42 25 42
22 35 21 35
22 35 22 35
22 35 22 36
22 35 23 35
21 43 20 43
21 43 21 42
21 43 21 43
21 43 21 44
21 43 22 43
19 40 19 39
19 40 19 40
19 40 19 41
19 40 20 40
31 33 30 33
31 33 31 32
31 33 31 33
31 33 31 34
25 45 24 45
25 45 25 44
25 45 25 45
25 45 26 45
26 35 25 35
26 35 26 35
26 35 26 36
26 35 27 35
31 34 30 34
31 34 31 33
31 34 31 34
31 34 31 35
26 41 25 41
26 41 26 40
26 41 26 41
26 41 26 42
26 41 27 41
19 36 19 35
19 36 19 36
19 36 19 37
19 36 20 36
24 36 23 36
24 36 24 35
24 36 24 36
24 36 24 37
24 36 25 36
22 45 21 45
22 45 22 44
22 45 22 45
22 45 23 45
22 39 21 39
22 39 22 38
22 39 22 39
22 39 22 40
22 39 23 39
19 47 18 47
19 47 19 46
19 47 19 47
29 36 28 36
29 36 29 35
29 36 29 36
29 36 29 37
18 34 17 34
18 34 18 33
18 34 18 34
18 34 18 35
18 34 19 34
18 35 17 35
18 35 18 34
18 35 18 35
18 35 19 35
30 32 30 32
30 32 30 33
30 32 31 32
30 35 29 35
30 35 30 34
30 35 30 35
30 35 31 35
26 37 25 37
26 37 26 36
26 37 26 37
26 37 26 38
26 37 27 37
19 35 18 35
19 35 19 34
19 35 19 35
19 35 19 36
19 35 20 35
23 41 22 41
23 41 23 40
23 41 23 41
23 41 23 42
23 41 24 41
24 43 23 43
24 43 24 42
24 43 24 43
24 43 24 44
24 43 25 43
21 37 20 37
21 37 21 36
21 37 21 37
21 37 21 38
21 37 22 37
17 34 16 34
17 34 17 33
17 34 17 34
17 34 17 35
17 34 18 34
21 44 20 44
21 44 21 43
21 44 21 44
21 44 21 45
21 44 22 44
26 38 25 38
26 38 26 37
26 38 26 38
26 38 26 39
26 38 27 38
27 41 26 41
27 41 27 40
27 41 27 41
27 41 27 42
27 41 28 41
28 41 27 41
28 41 28 40
28 41 28 41
28 41 28 42
28 41 29 41
22 42 21 42
22 42 22 41
22 42 22 42
22 42 22 43
22 42 23 42
21 42 20 42
21 42 21 41
21 42 21 42
21 42 21 43
21 42 22 42
27 36 26 36
27 36 27 35
27 36 27 36
27 36 27 37
27 36 28 36
28 45 27 45
28 45 28 44
28 45 28 45
28 45 29 45
23 37 22 37
23 37 23 36
23 37 23 37
23 37 23 38
23 37 24 37
21 41 20 41
21 41 21 40
21 41 21 41
21 41 21 42
21 41 22 41
23 36 22 36
23 36 23 35
23 36 23 36
23 36 23 37
23 36 24 36
23 38 22 38
23 38 23 37
23 38 23 38
23 38 23 39
23 38 24 38
31 32 30 32
31 32 31 32
31 32 31 33
19 43 19 42
19 43 19 43
19 43 19 44
19 43 20 43
20 43 19 43
20 43 20 42
20 43 20 43
20 43 20 44
20 43 21 43
28 42 27 42
28 42 28 41
28 42 28 42
28 42 28 43
28 42 29 42
29 42 28 42
29 42 29 41
29 42 29 42
29 42 29 43
31 46 30 46
31 46 31 46
31 46 31 47
24 38 23 38
24 38 24 37
24 38 24 38
24 38 24 39
24 38 25 38
16 32 16 32
16 32 16 33
16 32 17 32
16 34 16 33
16 34 16 34
16 34 16 35
16 34 17 34
19 44 19 43
19 44 19 44
19 44 19 45
19 44 20 44
21 38 20 38
21 38 21 37
21 38 21 38
21 38 21 39
21 38 22 38
24 35 23 35
24 35 24 35
24 35 24 36
24 35 25 35
20 36 19 36
20 36 20 35
20 36 20 36
20 36 20 37
20 36 21 36
22 44 21 44
22 44 22 43
22 44 22 44
22 44 22 45
22 44 23 44
18 33 17 33
18 33 18 32
18 33 18 33
18 33 18 34
18 33 19 33
21 45 20 45
21 45 21 44
21 45 21 45
21 45 22 45
23 42 22 42
23 42 23 41
23 42 23 42
23 42 23 43
23 42 24 42
31 35 30 35
31 35 31 34
31 35 31 35
24 45 23 45
24 45 24 44
24 45 24 45
24 45 25 45
20 44 19 44
20 44 20 43
20 44 20 44
20 44 20 45
20 44 21 44
29 37 28 37
29 37 29 36
29 37 29 37
29 37 29 38
29 41 28 41
29 41 29 40
29 41 29 41
29 41 29 42
17 47 16 47
17 47 17 46
17 47 17 47
17 47 18 47
29 38 28 38
29 38 29 37
29 38 29 38
29 38 29 39
26 40 25 40
26 40 26 39
26 40 26 40
26 40 26 41
26 40 27 40
27 43 26 43
27 43 27 42
27 43 27 43
27 43 27 44
27 43 28 43
21 39 20 39
21 39 21 38
21 39 21 39
21 39 21 40
21 39 22 39
29 45 28 45
29 45 29 44
29 45 29 45
22 37 21 37
22 37 22 36
22 37 22 37
22 37 22 38
22 37 23 37
26 42 25 42
26 42 26 41
26 42 26 42
26 42 26 43
26 42 27 42
20 45 19 45
20 45 20 44
20 45 20 45
20 45 21 45
19 42 19 41
19 42 19 42
19 42 19 43
19 42 20 42
19 38 19 37
19 38 19 38
19 38 19 39
19 38 20 38
19 37 19 36
19 37 19 37
19 37 19 38
19 37 20 37
20 39 19 39
20 39 20 38
20 39 20 39
20 39 20 40
20 39 21 39
23 39 22 39
23 39 23 38
23 39 23 39
23 39 23 40
23 39 24 39
19 33 18 33
19 33 19 32
19 33 19 33
19 33 19 34
19 41 19 40
19 41 19 41
19 41 19 42
19 41 20 41
25 40 24 40
25 40 25 39
25 40 25 40
25 40 25 41
25 40 26 40
19 46 18 46
19 46 19 45
19 46 19 46
19 46 19 47
27 39 26 39
27 39 27 38
27 39 27 39
27 39 27 40
27 39 28 39
26 43 25 43
26 43 26 42
26 43 26 43
26 43 26 44
26 43 27 43
17 35 16 35
17 35 17 34
17 35 17 35
17 35 18 35
25 41 24 41
25 41 25 40
25 41 25 41
25 41 25 42
25 41 26 41
22 36 21 36
22 36 22 35
22 36 22 36
22 36 22 37
22 36 23 36
26 36 25 36
26 36 26 35
26 36 26 36
26 36 26 37
26 36 27 36
24 44 23 44
24 44 24 43
24 44 24 44
24 44 24 45
24 44 25 44
20 38 19 38
20 38 20 37
20 38 20 38
20 38 20 39
20 38 21 38
17 46 16 46
17 46 17 46
17 46 17 47
17 46 18 46
28 40 27 40
28 40 28 39
28 40 28 40
28 40 28 41
28 40 29 40
28 39 27 39
28 39 28 38
28 39 28 39
28 39 28 40
28 39 29 39
27 44 26 44
27 44 27 43
27 44 27 44
27 44 27 45
27 44 28 44
20 42 19 42
20 42 20 41
20 42 20 42
20 42 20 43
20 42 21 42
29 35 28 35
29 35 29 35
29 35 29 36
29 35 30 35
25 35 24 35
25 35 25 35
25 35 25 36
25 35 26 35
21 36 20 36
21 36 21 35
21 36 21 36
21 36 21 37
21 36 22 36
23 44 22 44
23 44 23 43
23 44 23 44
23 44 23 45
23 44 24 44
29 43 28 43
29 43 29 42
29 43 29 43
29 43 29 44
23 43 22 43
23 43 23 42
23 43 23 43
23 43 23 44
23 43 24 43
25 39 24 39
25 39 25 38
25 39 25 39
25 39 25 40
25 39 26 39
20 41 19 41
20 41 20 40
20 41 20 41
20 41 20 42
20 41 21 41
23 35 22 35
23 35 23 35
23 35 23 36
23 35 24 35
25 38 24 38
25 38 25 37
25 38 25 38
25 38 25 39
25 38 26 38
16 46 16 46
16 46 16 47
16 46 17 46
17 32 16 32
17 32 17 32
17 32 17 33
17 32 18 32
24 40 23 40
24 40 24 39
24 40 24 40
24 40 24 41
24 40 25 40
23 45 22 45
23 45 23 44
23 45 23 45
23 45 24 45
18 32 17 32
18 32 18 32
18 32 18 33
18 32 19 32
27 42 26 42
27 42 27 41
27 42 27 42
27 42 27 43
27 42 28 42
