44 48 43 48
44 48 44 48
44 48 44 49
41 67 40 67
41 67 41 66
41 67 41 67
41 67 42 67
42 73 41 73
42 73 42 72
42 73 42 73
42 73 42 74
42 73 43 73
36 56 36 56
36 56 36 57
36 56 37 56
37 56 36 56
37 56 37 56
37 56 37 57
37 56 38 56
37 49 36 49
37 49 37 48
37 49 37 49
37 49 37 50
37 49 38 49
43 74 42 74
43 74 43 73
43 74 43 74
43 74 43 75
43 74 44 74
38 67 37 67
38 67 38 66
38 67 38 67
38 67 39 67
41 58 40 58
41 58 41 57
41 58 41 58
41 58 41 59
41 58 42 58
40 59 39 59
40 59 40 58
40 59 40 59
40 59 41 59
41 64 40 64
41 64 41 64
41 64 41 65
41 64 42 64
42 64 41 64
42 64 42 64
42 64 43 64
40 65 39 65
40 65 40 64
40 65 40 65
40 65 40 66
40 65 41 65
36 59 36 58
36 59 36 59
36 59 37 59
40 56 39 56
40 56 40 56
40 56 40 57
40 56 41 56
40 57 39 57
40 57 40 56
40 57 40 57
40 57 40 58
40 57 41 57
39 73 38 73
39 73 39 72
39 73 39 73
39 73 39 74
39 73 40 73
40 64 39 64
40 64 40 64
40 64 40 65
40 64 41 64
43 65 43 64
43 65 43 65
43 65 43 66
43 65 44 65
44 74 43 74
44 74 44 73
44 74 44 74
44 49 43 49
44 49 44 48
44 49 44 49
44 49 44 50
36 58 36 57
36 58 36 58
36 58 36 59
36 58 37 58
41 75 40 75
41 75 41 74
41 75 41 75
41 75 42 75
39 67 38 67
39 67 39 66
39 67 39 67
39 67 40 67
38 75 37 75
38 75 38 74
38 75 38 75
38 75 39 75
39 51 39 51
39 51 40 51
43 48 42 48
43 48 43 48
43 48 43 49
43 48 44 48
44 50 44 49
44 50 44 50
44 50 44 51
38 73 37 73
38 73 38 72
38 73 38 73
38 73 38 74
38 73 39 73
38 50 37 50
38 50 38 49
38 50 38 50
41 51 40 51
41 51 41 50
41 51 41 51
41 51 42 51
41 72 40 72
41 72 41 72
41 72 41 73
41 72 42 72
43 73 42 73
43 73 43 72
43 73 43 73
43 73 43 74
43 73 44 73
38 74 37 74
38 74 38 73
38 74 38 74
38 74 38 75
38 74 39 74
38 64 37 64
38 64 38 64
38 64 39 64
39 56 38 56
39 56 39 56
39 56 39 57
39 56 40 56
43 56 42 56
43 56 43 56
43 56 43 57
43 56 44 56
36 51 36 50
36 51 36 51
36 51 37 51
36 73 36 72
36 73 36 73
36 73 36 74
36 73 37 73
41 73 40 73
41 73 41 72
41 73 41 73
41 73 41 74
41 73 42 73
41 65 40 65
41 65 41 64
41 65 41 65
41 65 41 66
44 64 43 64
44 64 44 64
44 64 44 65
36 57 36 56
36 57 36 57
36 57 36 58
36 57 37 57
37 58 36 58
37 58 37 57
37 58 37 58
37 58 37 59
37 58 38 58
41 57 40 57
41 57 41 56
41 57 41 57
41 57 41 58
41 57 42 57
36 67 36 66
36 67 36 67
36 67 37 67
42 48 41 48
42 48 42 48
42 48 43 48
43 64 42 64
43 64 43 64
43 64 43 65
43 64 44 64
43 59 42 59
43 59 43 58
43 59 43 59
43 59 44 59
39 58 38 58
39 58 39 57
39 58 39 58
39 58 39 59
39 58 40 58
36 49 36 48
36 49 36 49
36 49 36 50
36 49 37 49
38 59 37 59
38 59 38 58
38 59 38 59
38 59 39 59
40 48 39 48
40 48 40 48
40 48 40 49
40 48 41 48
37 73 36 73
37 73 37 72
37 73 37 73
37 73 37 74
37 73 38 73
40 66 39 66
40 66 40 65
40 66 40 66
40 66 40 67
40 66 41 66
41 56 40 56
41 56 41 56
41 56 41 57
41 56 42 56
36 48 36 48
36 48 36 49
36 48 37 48
42 66 41 66
42 66 42 66
42 66 42 67
42 66 43 66
37 48 36 48
37 48 37 48
37 48 37 49
37 48 38 48
44 67 44 66
44 67 44 67
37 75 36 75
37 75 37 74
37 75 37 75
37 75 38 75
39 66 38 66
39 66 39 65
39 66 39 66
39 66 39 67
39 66 40 66
38 58 37 58
38 58 38 57
38 58 38 58
38 58 38 59
38 58 39 58
44 56 43 56
44 56 44 56
44 58 43 58
44 58 44 58
44 58 44 59
40 49 39 49
40 49 40 48
40 49 40 49
40 49 40 50
43 72 42 72
43 72 43 72
43 72 43 73
43 72 44 72
42 67 41 67
42 67 42 66
42 67 42 67
36 72 36 72
36 72 36 73
36 72 37 72
38 57 37 57
38 57 38 56
38 57 38 57
38 57 38 58
38 57 39 57
41 50 40 50
41 50 41 50
41 50 41 51
41 50 42 50
42 51 41 51
42 51 42 50
42 51 42 51
42 51 43 51
44 59 43 59
44 59 44 58
44 59 44 59
42 58 41 58
42 58 42 57
42 58 42 58
42 58 42 59
42 58 43 58
39 72 38 72
39 72 39 72
39 72 39 73
39 72 40 72
43 66 42 66
43 66 43 65
43 66 43 66
43 66 44 66
40 58 39 58
40 58 40 57
40 58 40 58
40 58 40 59
40 58 41 58
41 59 40 59
41 59 41 58
41 59 41 59
41 59 42 59
44 66 43 66
44 66 44 65
44 66 44 66
44 66 44 67
37 64 36 64
37 64 37 64
37 64 37 65
37 64 38 64
44 73 43 73
44 73 44 72
44 73 44 73
44 73 44 74
39 75 38 75
39 75 39 74
39 75 39 75
39 75 40 75
39 64 38 64
39 64 39 64
39 64 39 65
39 64 40 64
39 65 39 64
39 65 39 65
39 65 39 66
39 65 40 65
43 49 43 48
43 49 43 49
43 49 44 49
37 67 36 67
37 67 37 66
37 67 37 67
37 67 38 67
36 66 36 65
36 66 36 66
36 66 36 67
36 66 37 66
39 57 38 57
39 57 39 56
39 57 39 57
39 57 39 58
39 57 40 57
40 51 39 51
40 51 40 50
40 51 40 51
40 51 41 51
42 75 41 75
42 75 42 74
42 75 42 75
42 75 43 75
39 74 38 74
39 74 39 73
39 74 39 74
39 74 39 75
42 57 41 57
42 57 42 56
42 57 42 57
42 57 42 58
42 57 43 57
42 72 41 72
42 72 42 72
42 72 42 73
42 72 43 72
36 75 36 74
36 75 36 75
36 75 37 75
38 66 37 66
38 66 38 66
38 66 38 67
38 66 39 66
37 72 36 72
37 72 37 72
37 72 37 73
37 72 38 72
36 65 36 64
36 65 36 65
36 65 36 66
36 65 37 65
36 74 36 73
36 74 36 74
36 74 36 75
36 74 37 74
37 74 36 74
37 74 37 73
37 74 37 74
37 74 37 75
37 74 38 74
36 50 36 49
36 50 36 50
36 50 36 51
36 50 37 50
37 65 36 65
37 65 37 64
37 65 37 65
37 65 37 66
37 57 36 57
37 57 37 56
37 57 37 57
37 57 37 58
37 57 38 57
39 59 38 59
39 59 39 58
39 59 39 59
39 59 40 59
37 51 36 51
37 51 37 50
37 51 37 51
40 67 39 67
40 67 40 66
40 67 40 67
40 67 41 67
36 64 36 64
36 64 36 65
36 64 37 64
40 50 40 49
40 50 40 50
40 50 40 51
40 50 41 50
44 72 43 72
44 72 44 72
44 72 44 73
41 66 40 66
41 66 41 65
41 66 41 66
41 66 41 67
41 66 42 66
43 75 42 75
43 75 43 74
43 75 43 75
39 49 38 49
39 49 39 48
39 49 39 49
39 49 40 49
44 51 43 51
44 51 44 50
44 51 44 51
40 75 39 75
40 75 40 75
40 75 41 75
42 56 41 56
42 56 42 56
42 56 42 57
42 56 43 56
42 74 41 74
42 74 42 73
42 74 42 74
42 74 42 75
42 74 43 74
40 73 39 73
40 73 40 72
40 73 40 73
40 73 41 73
38 72 37 72
38 72 38 72
38 72 38 73
38 72 39 72
43 57 42 57
43 57 43 56
43 57 43 57
43 57 43 58
41 74 41 73
41 74 41 74
41 74 41 75
41 74 42 74
37 59 36 59
37 59 37 58
37 59 37 59
37 59 38 59
38 49 37 49
38 49 38 48
38 49 38 49
38 49 38 50
38 49 39 49
40 72 39 72
40 72 40 72
40 72 40 73
40 72 41 72
38 56 37 56
38 56 38 56
38 56 38 57
38 56 39 56
42 59 41 59
42 59 42 58
42 59 42 59
42 59 43 59
43 51 42 51
43 51 43 51
43 51 44 51
43 58 42 58
43 58 43 57
43 58 43 58
43 58 43 59
43 58 44 58
44 65 43 65
44 65 44 64
44 65 44 65
44 65 44 66
37 50 36 50
37 50 37 49
37 50 37 50
37 50 37 51
37 50 38 50
39 48 38 48
39 48 39 48
39 48 39 49
39 48 40 48
38 48 37 48
38 48 38 48
38 48 38 49
38 48 39 48
42 50 41 50
42 50 42 50
42 50 42 51
37 66 36 66
37 66 37 65
37 66 37 66
37 66 37 67
37 66 38 66
41 48 40 48
41 48 41 48
41 48 42 48
