17 8 16 8
17 8 17 8
17 8 17 9
17 8 18 8
14 13 14 12
14 13 14 13
14 13 15 13
15 5 14 5
15 5 15 5
15 5 16 5
14 12 14 12
14 12 14 13
14 12 15 12
18 13 17 13
18 13 18 12
18 13 18 13
18 1 17 1
18 1 18 1
14 1 14 0
14 1 14 1
14 1 15 1
16 1 15 1
16 1 16 0
16 1 16 1
16 1 17 1
17 1 16 1
17 1 17 1
17 1 18 1
18 4 17 4
18 4 18 4
18 4 18 5
16 12 15 12
16 12 16 12
16 12 16 13
16 12 17 12
17 9 16 9
17 9 17 8
17 9 17 9
17 9 18 9
15 9 14 9
15 9 15 9
15 9 16 9
18 8 17 8
18 8 18 8
18 8 18 9
17 5 16 5
17 5 17 4
17 5 17 5
17 5 18 5
14 4 14 4
14 4 14 5
15 13 14 13
15 13 15 12
15 13 15 13
15 13 16 13
16 13 15 13
16 13 16 12
16 13 16 13
16 13 17 13
14 5 14 4
14 5 14 5
14 5 15 5
14 0 14 0
14 0 14 1
14 0 15 0
18 12 17 12
18 12 18 12
18 12 18 13
16 0 15 0
16 0 16 0
16 0 16 1
16 9 15 9
16 9 16 8
16 9 16 9
16 9 17 9
16 5 15 5
16 5 16 4
16 5 16 5
16 5 17 5
17 4 16 4
17 4 17 4
17 4 17 5
17 4 18 4
16 8 16 8
16 8 16 9
16 8 17 8
15 1 14 1
15 1 15 0
15 1 15 1
15 1 16 1
17 13 16 13
17 13 17 12
17 13 17 13
17 13 18 13
17 12 16 12
17 12 17 12
17 12 17 13
17 12 18 12
16 4 16 4
16 4 16 5
16 4 17 4
14 9 14 9
14 9 15 9
18 5 17 5
18 5 18 4
18 5 18 5
15 12 14 12
15 12 15 12
15 12 15 13
15 12 16 12
15 0 14 0
15 0 15 0
15 0 15 1
15 0 16 0
18 9 17 9
18 9 18 8
18 9 18 9
