61 47 60 47
61 47 61 46
61 47 61 47
61 47 61 48
61 47 62 47
63 46 62 46
63 46 63 46
63 46 63 47
63 46 64 46
64 38 63 38
64 38 64 38
64 38 64 39
63 40 62 40
63 40 63 39
63 40 63 40
63 40 63 41
63 40 64 40
60 46 59 46
60 46 60 46
60 46 60 47
60 46 61 46
59 47 58 47
59 47 59 46
59 47 59 47
59 47 59 48
59 47 60 47
57 47 56 47
57 47 57 46
57 47 57 47
57 47 57 48
57 47 58 47
59 41 58 41
59 41 59 41
59 41 60 41
61 39 61 38
61 39 61 39
61 39 61 40
61 39 62 39
63 39 62 39
63 39 63 38
63 39 63 39
63 39 63 40
63 39 64 39
59 39 58 39
59 39 59 38
59 39 59 39
56 47 56 46
56 47 56 47
56 47 56 48
56 47 57 47
61 38 60 38
61 38 61 38
61 38 61 39
61 38 62 38
60 48 59 48
60 48 60 47
60 48 60 48
60 48 60 49
60 48 61 48
63 38 62 38
63 38 63 38
63 38 63 39
63 38 64 38
63 48 62 48
63 48 63 47
63 48 63 48
63 48 63 49
63 48 64 48
63 41 62 41
63 41 63 40
63 41 63 41
63 41 64 41
57 40 56 40
57 40 57 39
57 40 57 40
57 40 57 41
57 40 58 40
60 47 59 47
60 47 60 46
60 47 60 47
60 47 60 48
60 47 61 47
56 41 56 40
56 41 56 41
56 41 57 41
59 49 58 49
59 49 59 48
59 49 59 49
59 49 60 49
59 46 58 46
59 46 59 46
59 46 59 47
59 46 60 46
62 48 61 48
62 48 62 47
62 48 62 48
62 48 62 49
62 48 63 48
56 48 56 47
56 48 56 48
56 48 56 49
56 48 57 48
64 39 63 39
64 39 64 38
64 39 64 39
64 39 64 40
58 49 58 48
58 49 58 49
58 49 59 49
62 41 61 41
62 41 62 40
62 41 62 41
62 41 63 41
61 41 60 41
61 41 61 40
61 41 61 41
61 41 62 41
58 48 57 48
58 48 58 47
58 48 58 48
58 48 58 49
58 48 59 48
60 40 60 40
60 40 60 41
60 40 61 40
57 41 56 41
57 41 57 40
57 41 57 41
57 41 58 41
58 39 57 39
58 39 58 38
58 39 58 39
58 39 58 40
58 39 59 39
63 47 62 47
63 47 63 46
63 47 63 47
63 47 63 48
63 47 64 47
59 48 58 48
59 48 59 47
59 48 59 48
59 48 59 49
59 48 60 48
64 48 63 48
64 48 64 47
64 48 64 48
64 48 64 49
62 49 61 49
62 49 62 48
62 49 62 49
62 49 63 49
57 39 56 39
57 39 57 38
57 39 57 39
57 39 57 40
57 39 58 39
64 46 63 46
64 46 64 46
64 46 64 47
58 40 57 40
58 40 58 39
58 40 58 40
58 40 58 41
57 48 56 48
57 48 57 47
57 48 57 48
57 48 58 48
61 48 60 48
61 48 61 47
61 48 61 48
61 48 61 49
61 48 62 48
58 38 57 38
58 38 58 38
58 38 58 39
58 38 59 38
60 38 59 38
60 38 60 38
60 38 61 38
62 40 61 40
62 40 62 39
62 40 62 40
62 40 62 41
62 40 63 40
62 39 61 39
62 39 62 38
62 39 62 39
62 39 62 40
62 39 63 39
61 40 60 40
61 40 61 39
61 40 61 40
61 40 61 41
61 40 62 40
58 41 57 41
58 41 58 40
58 41 58 41
58 41 59 41
61 46 60 46
61 46 61 46
61 46 61 47
61 46 62 46
56 46 56 46
56 46 56 47
56 46 57 46
62 47 61 47
62 47 62 46
62 47 62 47
62 47 62 48
62 47 63 47
60 41 59 41
60 41 60 40
60 41 60 41
60 41 61 41
64 41 63 41
64 41 64 40
64 41 64 41
64 49 63 49
64 49 64 48
64 49 64 49
56 39 56 38
56 39 56 39
56 39 56 40
56 39 57 39
58 47 57 47
58 47 58 46
58 47 58 47
58 47 58 48
58 47 59 47
57 38 56 38
57 38 57 38
57 38 57 39
57 38 58 38
63 49 62 49
63 49 63 48
63 49 63 49
63 49 64 49
59 38 58 38
59 38 59 38
59 38 59 39
59 38 60 38
61 49 60 49
61 49 61 48
61 49 61 49
61 49 62 49
56 49 56 48
56 49 56 49
62 38 61 38
62 38 62 38
62 38 62 39
62 38 63 38
64 47 63 47
64 47 64 46
64 47 64 47
64 47 64 48
62 46 61 46
62 46 62 46
62 46 62 47
62 46 63 46
56 40 56 39
56 40 56 40
56 40 56 41
56 40 57 40
60 49 59 49
60 49 60 48
60 49 60 49
60 49 61 49
64 40 63 40
64 40 64 39
64 40 64 40
64 40 64 41
58 46 57 46
58 46 58 46
58 46 58 47
58 46 59 46
57 46 56 46
57 46 57 46
57 46 57 47
57 46 58 46
56 38 56 38
56 38 56 39
56 38 57 38
