104 82 103 82
104 82 104 81
104 82 104 82
104 82 104 83
104 82 105 82
118 62 117 62
118 62 118 61
118 62 118 62
118 62 118 63
118 62 119 62
91 66 90 66
91 66 91 65
91 66 91 66
91 66 91 67
91 66 92 66
116 71 115 71
116 71 116 70
116 71 116 71
116 71 116 72
116 71 117 71
104 85 103 85
104 85 104 84
104 85 104 85
104 85 105 85
119 84 118 84
119 84 119 83
119 84 119 84
119 84 119 85
98 65 97 65
98 65 98 65
98 65 98 66
98 65 99 65
93 61 92 61
93 61 93 60
93 61 93 61
93 61 93 62
93 61 94 61
95 67 94 67
95 67 95 66
95 67 95 67
95 67 95 68
95 67 96 67
96 68 95 68
96 68 96 67
96 68 96 68
96 68 96 69
96 68 97 68
100 74 99 74
100 74 100 73
100 74 100 74
100 74 101 74
107 65 106 65
107 65 107 65
107 65 107 66
107 65 108 65
105 69 104 69
105 69 105 68
105 69 105 69
105 69 106 69
100 77 99 77
100 77 100 76
100 77 100 77
100 77 100 78
100 77 101 77
108 85 107 85
108 85 108 85
108 85 109 85
119 86 118 86
119 86 119 85
119 86 119 86
106 79 105 79
106 79 106 78
106 79 106 79
106 79 106 80
106 79 107 79
102 77 101 77
102 77 102 76
102 77 102 77
102 77 103 77
119 80 118 80
119 80 119 79
119 80 119 80
119 80 119 81
100 73 99 73
100 73 100 72
100 73 100 73
100 73 100 74
100 73 101 73
117 89 116 89
117 89 117 88
117 89 117 89
117 89 118 89
117 67 116 67
117 67 117 66
117 67 117 67
117 67 117 68
117 67 118 67
104 81 103 81
104 81 104 80
104 81 104 81
104 81 104 82
104 81 105 81
107 72 106 72
107 72 107 71
107 72 107 72
107 72 107 73
107 72 108 72
101 65 100 65
101 65 101 65
101 65 101 66
101 65 102 65
95 81 95 80
95 81 95 81
95 81 95 82
95 81 96 81
99 72 98 72
99 72 99 71
99 72 99 72
99 72 99 73
99 72 100 72
117 87 116 87
117 87 117 86
117 87 117 87
117 87 117 88
117 87 118 87
96 84 95 84
96 84 96 83
96 84 96 84
96 84 96 85
96 84 97 84
111 72 110 72
111 72 111 71
111 72 111 72
111 72 111 73
111 72 112 72
97 67 96 67
97 67 97 66
97 67 97 67
97 67 97 68
97 67 98 67
117 79 116 79
117 79 117 78
117 79 117 79
117 79 117 80
117 79 118 79
94 65 93 65
94 65 94 64
94 65 94 65
94 65 94 66
94 65 95 65
117 72 116 72
117 72 117 71
117 72 117 72
117 72 117 73
117 72 118 72
119 73 118 73
119 73 119 72
119 73 119 73
119 73 119 74
103 73 102 73
103 73 103 72
103 73 103 73
103 73 103 74
103 73 104 73
111 77 110 77
111 77 111 76
111 77 111 77
111 77 111 78
111 77 112 77
115 86 114 86
115 86 115 85
115 86 115 86
115 86 115 87
115 86 116 86
96 61 95 61
96 61 96 60
96 61 96 61
96 61 96 62
96 61 97 61
110 76 109 76
110 76 110 76
110 76 110 77
110 76 111 76
118 61 117 61
118 61 118 60
118 61 118 61
118 61 118 62
118 61 119 61
116 81 115 81
116 81 116 80
116 81 116 81
116 81 116 82
116 81 117 81
108 82 107 82
108 82 108 81
108 82 108 82
108 82 108 83
90 67 90 66
90 67 90 67
90 67 91 67
93 86 92 86
93 86 93 85
93 86 93 86
93 86 93 87
93 86 94 86
115 77 114 77
115 77 115 76
115 77 115 77
115 77 115 78
115 77 116 77
97 76 96 76
97 76 97 75
97 76 97 76
97 76 97 77
97 76 98 76
93 87 92 87
93 87 93 86
93 87 93 87
93 87 93 88
93 87 94 87
106 67 105 67
106 67 106 66
106 67 106 67
106 67 106 68
106 67 107 67
95 80 95 79
95 80 95 80
95 80 95 81
95 80 96 80
96 81 95 81
96 81 96 80
96 81 96 81
96 81 96 82
96 81 97 81
102 81 102 80
102 81 102 81
102 81 102 82
102 81 103 81
99 74 98 74
99 74 99 73
99 74 99 74
99 74 99 75
99 74 100 74
103 72 103 71
103 72 103 72
103 72 103 73
103 72 104 72
91 67 90 67
91 67 91 66
91 67 91 67
91 67 92 67
98 80 97 80
98 80 98 80
98 80 98 81
98 80 99 80
117 60 116 60
117 60 117 60
117 60 117 61
117 60 118 60
119 75 118 75
119 75 119 74
119 75 119 75
119 75 119 76
104 71 103 71
104 71 104 70
104 71 104 71
104 71 104 72
104 71 105 71
116 86 115 86
116 86 116 85
116 86 116 86
116 86 116 87
116 86 117 86
102 80 101 80
102 80 102 79
102 80 102 80
102 80 102 81
102 80 103 80
102 83 101 83
102 83 102 82
102 83 102 83
102 83 102 84
102 83 103 83
98 67 97 67
98 67 98 66
98 67 98 67
98 67 99 67
91 86 90 86
91 86 91 85
91 86 91 86
91 86 91 87
91 86 92 86
112 75 111 75
112 75 112 74
112 75 112 75
112 75 112 76
112 75 113 75
102 66 101 66
102 66 102 65
102 66 102 66
102 66 102 67
102 66 103 66
112 80 111 80
112 80 112 79
112 80 112 80
112 80 113 80
104 67 103 67
104 67 104 66
104 67 104 67
104 67 104 68
104 67 105 67
117 74 116 74
117 74 117 73
117 74 117 74
117 74 117 75
117 74 118 74
91 84 90 84
91 84 91 84
91 84 91 85
91 84 92 84
95 82 95 81
95 82 95 82
95 82 95 83
95 82 96 82
117 68 116 68
117 68 117 67
117 68 117 68
117 68 117 69
117 68 118 68
93 88 93 87
93 88 93 88
93 88 93 89
93 88 94 88
114 78 113 78
114 78 114 77
114 78 114 78
114 78 114 79
114 78 115 78
114 85 113 85
114 85 114 84
114 85 114 85
114 85 114 86
114 85 115 85
110 77 109 77
110 77 110 76
110 77 110 77
110 77 110 78
110 77 111 77
107 67 106 67
107 67 107 66
107 67 107 67
107 67 107 68
107 67 108 67
98 78 97 78
98 78 98 77
98 78 98 78
98 78 99 78
107 82 106 82
107 82 107 81
107 82 107 82
107 82 107 83
107 82 108 82
115 72 114 72
115 72 115 71
115 72 115 72
115 72 115 73
115 72 116 72
92 84 91 84
92 84 92 84
92 84 92 85
92 84 93 84
116 76 115 76
116 76 116 75
116 76 116 76
116 76 116 77
116 76 117 76
111 69 110 69
111 69 111 68
111 69 111 69
111 69 111 70
111 69 112 69
104 73 103 73
104 73 104 72
104 73 104 73
104 73 104 74
104 73 105 73
117 66 116 66
117 66 117 65
117 66 117 66
117 66 117 67
117 66 118 66
113 67 112 67
113 67 113 66
113 67 113 67
113 67 113 68
113 67 114 67
114 80 113 80
114 80 114 79
114 80 114 80
114 80 114 81
114 80 115 80
119 72 118 72
119 72 119 71
119 72 119 72
119 72 119 73
111 65 110 65
111 65 111 65
111 65 111 66
111 65 112 65
97 73 96 73
97 73 97 72
97 73 97 73
97 73 97 74
97 73 98 73
97 86 96 86
97 86 97 85
97 86 97 86
97 86 97 87
119 81 119 80
119 81 119 81
119 81 119 82
109 67 108 67
109 67 109 66
109 67 109 67
109 67 109 68
109 67 110 67
114 66 113 66
114 66 114 65
114 66 114 66
114 66 114 67
114 66 115 66
109 70 108 70
109 70 109 69
109 70 109 70
109 70 109 71
109 70 110 70
104 66 103 66
104 66 104 65
104 66 104 66
104 66 104 67
104 66 105 66
99 82 98 82
99 82 99 82
99 82 99 83
99 82 100 82
99 83 98 83
99 83 99 82
99 83 99 83
99 83 99 84
99 83 100 83
92 64 91 64
92 64 92 64
92 64 92 65
92 64 93 64
98 74 97 74
98 74 98 73
98 74 98 74
98 74 99 74
115 62 114 62
115 62 115 61
115 62 115 62
115 62 116 62
93 89 92 89
93 89 93 88
93 89 93 89
93 89 94 89
94 62 93 62
94 62 94 61
94 62 94 62
94 62 94 63
94 62 95 62
111 70 110 70
111 70 111 69
111 70 111 70
111 70 111 71
111 70 112 70
111 83 110 83
111 83 111 82
111 83 111 83
111 83 112 83
94 84 93 84
94 84 94 84
94 84 94 85
94 84 95 84
115 87 114 87
115 87 115 86
115 87 115 87
115 87 115 88
115 87 116 87
102 79 102 79
102 79 102 80
102 79 103 79
116 68 115 68
116 68 116 67
116 68 116 68
116 68 116 69
116 68 117 68
108 74 107 74
108 74 108 73
108 74 108 74
108 74 108 75
108 74 109 74
94 66 93 66
94 66 94 65
94 66 94 66
94 66 94 67
94 66 95 66
117 85 116 85
117 85 117 84
117 85 117 85
117 85 117 86
117 85 118 85
102 76 101 76
102 76 102 75
102 76 102 76
102 76 102 77
102 76 103 76
104 68 103 68
104 68 104 67
104 68 104 68
104 68 104 69
104 68 105 68
97 77 96 77
97 77 97 76
97 77 97 77
97 77 97 78
97 77 98 77
101 77 100 77
101 77 101 76
101 77 101 77
101 77 101 78
101 77 102 77
112 83 111 83
112 83 112 82
112 83 112 83
112 83 112 84
112 83 113 83
101 85 100 85
101 85 101 84
101 85 101 85
101 85 102 85
108 80 107 80
108 80 108 79
108 80 108 80
108 80 108 81
108 80 109 80
116 78 115 78
116 78 116 77
116 78 116 78
116 78 116 79
116 78 117 78
112 79 111 79
112 79 112 78
112 79 112 79
112 79 112 80
112 79 113 79
114 70 113 70
114 70 114 69
114 70 114 70
114 70 114 71
114 70 115 70
95 86 94 86
95 86 95 85
95 86 95 86
95 86 95 87
95 86 96 86
103 76 102 76
103 76 103 75
103 76 103 76
103 76 103 77
103 76 104 76
105 71 104 71
105 71 105 71
105 71 105 72
105 71 106 71
112 74 111 74
112 74 112 73
112 74 112 74
112 74 112 75
112 74 113 74
116 80 115 80
116 80 116 79
116 80 116 80
116 80 116 81
116 80 117 80
112 82 111 82
112 82 112 82
112 82 112 83
112 82 113 82
117 82 116 82
117 82 117 81
117 82 117 82
117 82 117 83
117 82 118 82
108 78 107 78
108 78 108 77
108 78 108 78
108 78 108 79
90 89 90 88
90 89 90 89
90 89 91 89
98 81 97 81
98 81 98 80
98 81 98 81
98 81 98 82
119 67 118 67
119 67 119 66
119 67 119 67
119 67 119 68
97 62 96 62
97 62 97 61
97 62 97 62
97 62 97 63
97 88 96 88
97 88 97 87
97 88 97 88
97 88 97 89
95 83 95 82
95 83 95 83
95 83 95 84
95 83 96 83
99 71 99 70
99 71 99 71
99 71 99 72
99 71 100 71
112 68 111 68
112 68 112 67
112 68 112 68
112 68 112 69
112 68 113 68
101 68 100 68
101 68 101 67
101 68 101 68
101 68 101 69
101 68 102 68
106 66 105 66
106 66 106 65
106 66 106 66
106 66 106 67
106 66 107 66
98 73 97 73
98 73 98 72
98 73 98 73
98 73 98 74
98 73 99 73
113 78 112 78
113 78 113 77
113 78 113 78
113 78 113 79
113 78 114 78
96 67 95 67
96 67 96 66
96 67 96 67
96 67 96 68
96 67 97 67
98 77 97 77
98 77 98 76
98 77 98 77
98 77 98 78
98 77 99 77
116 60 115 60
116 60 116 60
116 60 116 61
116 60 117 60
105 75 104 75
105 75 105 74
105 75 105 75
105 75 105 76
105 75 106 75
106 65 105 65
106 65 106 65
106 65 106 66
106 65 107 65
118 79 117 79
118 79 118 78
118 79 118 79
118 79 118 80
118 79 119 79
115 75 114 75
115 75 115 74
115 75 115 75
115 75 115 76
115 75 116 75
107 77 106 77
107 77 107 76
107 77 107 77
107 77 107 78
107 77 108 77
95 79 95 79
95 79 95 80
95 79 96 79
100 70 99 70
100 70 100 70
100 70 100 71
100 70 101 70
105 72 104 72
105 72 105 71
105 72 105 72
105 72 105 73
105 72 106 72
97 80 96 80
97 80 97 79
97 80 97 80
97 80 97 81
97 80 98 80
113 65 112 65
113 65 113 65
113 65 113 66
113 65 114 65
95 87 94 87
95 87 95 86
95 87 95 87
95 87 96 87
114 87 114 86
114 87 114 87
114 87 114 88
114 87 115 87
114 83 113 83
114 83 114 82
114 83 114 83
114 83 114 84
114 83 115 83
99 75 99 74
99 75 99 75
99 75 99 76
104 76 103 76
104 76 104 75
104 76 104 76
104 76 104 77
104 76 105 76
119 69 118 69
119 69 119 68
119 69 119 69
119 69 119 70
118 66 117 66
118 66 118 65
118 66 118 66
118 66 118 67
118 66 119 66
115 60 115 60
115 60 115 61
115 60 116 60
98 85 97 85
98 85 98 84
98 85 98 85
98 85 99 85
111 71 110 71
111 71 111 70
111 71 111 71
111 71 111 72
111 71 112 71
99 67 98 67
99 67 99 66
99 67 99 67
99 67 100 67
98 83 97 83
98 83 98 82
98 83 98 83
98 83 98 84
98 83 99 83
115 66 114 66
115 66 115 65
115 66 115 66
115 66 115 67
115 66 116 66
97 64 96 64
97 64 97 63
97 64 97 64
97 64 97 65
106 75 105 75
106 75 106 74
106 75 106 75
106 75 106 76
106 75 107 75
97 75 96 75
97 75 97 74
97 75 97 75
97 75 97 76
117 86 116 86
117 86 117 85
117 86 117 86
117 86 117 87
117 86 118 86
99 70 98 70
99 70 99 69
99 70 99 70
99 70 99 71
99 70 100 70
96 65 95 65
96 65 96 64
96 65 96 65
96 65 96 66
96 65 97 65
108 75 107 75
108 75 108 74
108 75 108 75
108 75 108 76
108 75 109 75
114 75 113 75
114 75 114 74
114 75 114 75
114 75 114 76
114 75 115 75
115 73 114 73
115 73 115 72
115 73 115 73
115 73 115 74
115 73 116 73
113 80 112 80
113 80 113 79
113 80 113 80
113 80 113 81
113 80 114 80
110 85 109 85
110 85 110 84
110 85 110 85
110 85 111 85
113 77 112 77
113 77 113 76
113 77 113 77
113 77 113 78
113 77 114 77
100 72 99 72
100 72 100 71
100 72 100 72
100 72 100 73
100 72 101 72
108 69 107 69
108 69 108 68
108 69 108 69
108 69 108 70
108 69 109 69
118 68 117 68
118 68 118 67
118 68 118 68
118 68 118 69
118 68 119 68
105 84 104 84
105 84 105 83
105 84 105 84
105 84 105 85
104 72 103 72
104 72 104 71
104 72 104 72
104 72 104 73
104 72 105 72
118 76 117 76
118 76 118 75
118 76 118 76
118 76 118 77
118 76 119 76
109 85 108 85
109 85 109 84
109 85 109 85
109 85 110 85
95 73 95 72
95 73 95 73
95 73 95 74
95 73 96 73
115 61 114 61
115 61 115 60
115 61 115 61
115 61 115 62
115 61 116 61
94 67 93 67
94 67 94 66
94 67 94 67
94 67 95 67
114 86 114 85
114 86 114 86
114 86 114 87
114 86 115 86
104 70 104 69
104 70 104 70
104 70 104 71
109 84 109 83
109 84 109 84
109 84 109 85
109 84 110 84
114 77 113 77
114 77 114 76
114 77 114 77
114 77 114 78
114 77 115 77
110 66 109 66
110 66 110 65
110 66 110 66
110 66 110 67
110 66 111 66
95 77 95 76
95 77 95 77
95 77 96 77
96 78 96 77
96 78 96 78
96 78 96 79
96 78 97 78
114 67 113 67
114 67 114 66
114 67 114 67
114 67 114 68
114 67 115 67
109 73 108 73
109 73 109 72
109 73 109 73
109 73 109 74
109 73 110 73
90 66 90 65
90 66 90 66
90 66 90 67
90 66 91 66
98 72 97 72
98 72 98 72
98 72 98 73
98 72 99 72
118 71 117 71
118 71 118 70
118 71 118 71
118 71 118 72
118 71 119 71
101 66 100 66
101 66 101 65
101 66 101 66
101 66 101 67
101 66 102 66
115 67 114 67
115 67 115 66
115 67 115 67
115 67 115 68
115 67 116 67
118 89 117 89
118 89 118 88
118 89 118 89
118 89 119 89
118 80 117 80
118 80 118 79
118 80 118 80
118 80 119 80
106 81 105 81
106 81 106 80
106 81 106 81
106 81 106 82
106 81 107 81
97 84 96 84
97 84 97 83
97 84 97 84
97 84 97 85
97 84 98 84
96 82 95 82
96 82 96 81
96 82 96 82
96 82 96 83
96 82 97 82
115 84 114 84
115 84 115 83
115 84 115 84
115 84 115 85
115 84 116 84
96 72 95 72
96 72 96 71
96 72 96 72
96 72 96 73
96 72 97 72
110 83 109 83
110 83 110 82
110 83 110 83
110 83 110 84
110 83 111 83
96 64 95 64
96 64 96 63
96 64 96 64
96 64 96 65
96 64 97 64
94 64 93 64
94 64 94 63
94 64 94 64
94 64 94 65
94 64 95 64
98 69 97 69
98 69 98 69
98 69 98 70
98 69 99 69
104 65 103 65
104 65 104 65
104 65 104 66
104 65 105 65
117 69 116 69
117 69 117 68
117 69 117 69
117 69 117 70
117 69 118 69
119 60 118 60
119 60 119 60
119 60 119 61
117 75 116 75
117 75 117 74
117 75 117 75
117 75 117 76
117 75 118 75
101 83 100 83
101 83 101 82
101 83 101 83
101 83 101 84
101 83 102 83
113 79 112 79
113 79 113 78
113 79 113 79
113 79 113 80
113 79 114 79
104 69 103 69
104 69 104 68
104 69 104 69
104 69 104 70
104 69 105 69
96 87 95 87
96 87 96 86
96 87 96 87
96 87 96 88
96 87 97 87
112 66 111 66
112 66 112 65
112 66 112 66
112 66 112 67
112 66 113 66
108 73 107 73
108 73 108 72
108 73 108 73
108 73 108 74
108 73 109 73
92 67 91 67
92 67 92 66
92 67 92 67
92 67 93 67
111 78 110 78
111 78 111 77
111 78 111 78
111 78 111 79
111 78 112 78
92 89 91 89
92 89 92 89
92 89 93 89
94 87 93 87
94 87 94 86
94 87 94 87
94 87 94 88
94 87 95 87
112 70 111 70
112 70 112 69
112 70 112 70
112 70 112 71
112 70 113 70
108 83 107 83
108 83 108 82
108 83 108 83
108 83 109 83
92 66 91 66
92 66 92 65
92 66 92 66
92 66 92 67
92 66 93 66
112 76 111 76
112 76 112 75
112 76 112 76
112 76 112 77
112 76 113 76
119 70 118 70
119 70 119 69
119 70 119 70
119 70 119 71
95 69 95 68
95 69 95 69
95 69 95 70
95 69 96 69
95 64 94 64
95 64 95 64
95 64 95 65
95 64 96 64
107 83 106 83
107 83 107 82
107 83 107 83
107 83 107 84
107 83 108 83
93 66 92 66
93 66 93 65
93 66 93 66
93 66 93 67
93 66 94 66
116 65 115 65
116 65 116 64
116 65 116 65
116 65 116 66
116 65 117 65
94 60 93 60
94 60 94 60
94 60 94 61
94 60 95 60
93 84 92 84
93 84 93 84
93 84 93 85
93 84 94 84
105 81 104 81
105 81 105 80
105 81 105 81
105 81 105 82
105 81 106 81
96 76 95 76
96 76 96 75
96 76 96 76
96 76 96 77
96 76 97 76
107 68 106 68
107 68 107 67
107 68 107 68
107 68 107 69
107 68 108 68
116 61 115 61
116 61 116 60
116 61 116 61
116 61 116 62
116 61 117 61
109 74 108 74
109 74 109 73
109 74 109 74
109 74 109 75
109 74 110 74
109 79 108 79
109 79 109 79
109 79 109 80
109 79 110 79
114 84 113 84
114 84 114 83
114 84 114 84
114 84 114 85
114 84 115 84
107 84 107 83
107 84 107 84
107 84 107 85
113 68 112 68
113 68 113 67
113 68 113 68
113 68 113 69
113 68 114 68
99 73 98 73
99 73 99 72
99 73 99 73
99 73 99 74
99 73 100 73
107 73 106 73
107 73 107 72
107 73 107 73
107 73 107 74
107 73 108 73
108 81 107 81
108 81 108 80
108 81 108 81
108 81 108 82
108 81 109 81
105 80 104 80
105 80 105 79
105 80 105 80
105 80 105 81
105 80 106 80
95 65 94 65
95 65 95 64
95 65 95 65
95 65 95 66
95 65 96 65
104 74 103 74
104 74 104 73
104 74 104 74
104 74 104 75
104 74 105 74
114 71 113 71
114 71 114 70
114 71 114 71
114 71 114 72
114 71 115 71
114 64 114 63
114 64 114 64
114 64 114 65
114 64 115 64
91 87 90 87
91 87 91 86
91 87 91 87
91 87 91 88
91 87 92 87
99 66 98 66
99 66 99 65
99 66 99 66
99 66 99 67
99 66 100 66
117 65 116 65
117 65 117 64
117 65 117 65
117 65 117 66
117 65 118 65
111 85 110 85
111 85 111 85
111 85 112 85
103 66 102 66
103 66 103 65
103 66 103 66
103 66 103 67
103 66 104 66
106 74 105 74
106 74 106 73
106 74 106 74
106 74 106 75
106 74 107 74
100 80 99 80
100 80 100 79
100 80 100 80
100 80 100 81
100 80 101 80
116 87 115 87
116 87 116 86
116 87 116 87
116 87 116 88
116 87 117 87
113 73 112 73
113 73 113 72
113 73 113 73
113 73 113 74
113 73 114 73
97 79 96 79
97 79 97 78
97 79 97 79
97 79 97 80
91 65 90 65
91 65 91 64
91 65 91 65
91 65 91 66
91 65 92 65
112 78 111 78
112 78 112 77
112 78 112 78
112 78 112 79
112 78 113 78
114 62 114 61
114 62 114 62
114 62 114 63
114 62 115 62
93 64 92 64
93 64 93 63
93 64 93 64
93 64 93 65
93 64 94 64
95 84 94 84
95 84 95 83
95 84 95 84
95 84 95 85
95 84 96 84
116 88 115 88
116 88 116 87
116 88 116 88
116 88 116 89
116 88 117 88
118 88 117 88
118 88 118 87
118 88 118 88
118 88 118 89
118 88 119 88
113 66 112 66
113 66 113 65
113 66 113 66
113 66 113 67
113 66 114 66
114 65 113 65
114 65 114 64
114 65 114 65
114 65 114 66
114 65 115 65
106 71 105 71
106 71 106 71
106 71 106 72
106 71 107 71
92 85 91 85
92 85 92 84
92 85 92 85
92 85 92 86
92 85 93 85
115 82 114 82
115 82 115 81
115 82 115 82
115 82 115 83
115 82 116 82
111 76 110 76
111 76 111 75
111 76 111 76
111 76 111 77
111 76 112 76
108 68 107 68
108 68 108 67
108 68 108 68
108 68 108 69
108 68 109 68
119 63 118 63
119 63 119 62
119 63 119 63
119 63 119 64
102 71 101 71
102 71 102 70
102 71 102 71
102 71 103 71
110 82 110 81
110 82 110 82
110 82 110 83
110 82 111 82
102 67 101 67
102 67 102 66
102 67 102 67
102 67 102 68
102 67 103 67
94 85 93 85
94 85 94 84
94 85 94 85
94 85 94 86
94 85 95 85
111 79 110 79
111 79 111 78
111 79 111 79
111 79 111 80
111 79 112 79
109 81 108 81
109 81 109 80
109 81 109 81
109 81 110 81
107 75 106 75
107 75 107 74
107 75 107 75
107 75 107 76
107 75 108 75
116 85 115 85
116 85 116 84
116 85 116 85
116 85 116 86
116 85 117 85
105 65 104 65
105 65 105 65
105 65 105 66
105 65 106 65
102 74 101 74
102 74 102 73
102 74 102 74
102 74 102 75
102 74 103 74
103 80 102 80
103 80 103 79
103 80 103 80
103 80 103 81
103 80 104 80
117 81 116 81
117 81 117 80
117 81 117 81
117 81 117 82
107 79 106 79
107 79 107 78
107 79 107 79
107 79 107 80
107 79 108 79
102 84 101 84
102 84 102 83
102 84 102 84
102 84 102 85
102 84 103 84
114 61 114 61
114 61 114 62
114 61 115 61
116 82 115 82
116 82 116 81
116 82 116 82
116 82 116 83
116 82 117 82
90 84 90 84
90 84 90 85
90 84 91 84
116 70 115 70
116 70 116 69
116 70 116 70
116 70 116 71
116 70 117 70
113 72 112 72
113 72 113 71
113 72 113 72
113 72 113 73
113 72 114 72
92 61 91 61
92 61 92 60
92 61 92 61
92 61 92 62
92 61 93 61
109 66 109 65
109 66 109 66
109 66 109 67
109 66 110 66
114 73 113 73
114 73 114 72
114 73 114 73
114 73 114 74
114 73 115 73
98 66 97 66
98 66 98 65
98 66 98 66
98 66 98 67
98 66 99 66
118 74 117 74
118 74 118 73
118 74 118 74
118 74 118 75
118 74 119 74
97 82 96 82
97 82 97 81
97 82 97 82
97 82 97 83
97 82 98 82
94 88 93 88
94 88 94 87
94 88 94 88
94 88 94 89
118 70 117 70
118 70 118 69
118 70 118 70
118 70 118 71
118 70 119 70
103 74 102 74
103 74 103 73
103 74 103 74
103 74 103 75
103 74 104 74
97 63 96 63
97 63 97 62
97 63 97 63
97 63 97 64
99 85 98 85
99 85 99 84
99 85 99 85
99 85 100 85
118 82 117 82
118 82 118 82
118 82 118 83
118 82 119 82
110 69 109 69
110 69 110 68
110 69 110 69
110 69 110 70
110 69 111 69
116 74 115 74
116 74 116 73
116 74 116 74
116 74 116 75
116 74 117 74
99 76 98 76
99 76 99 75
99 76 99 76
99 76 99 77
99 76 100 76
111 68 110 68
111 68 111 67
111 68 111 68
111 68 111 69
111 68 112 68
104 78 103 78
104 78 104 77
104 78 104 78
104 78 104 79
104 78 105 78
101 84 100 84
101 84 101 83
101 84 101 84
101 84 101 85
101 84 102 84
116 64 115 64
116 64 116 63
116 64 116 64
116 64 116 65
116 64 117 64
110 73 109 73
110 73 110 72
110 73 110 73
110 73 110 74
110 73 111 73
114 88 114 87
114 88 114 88
114 88 114 89
114 88 115 88
100 66 99 66
100 66 100 65
100 66 100 66
100 66 100 67
100 66 101 66
101 67 100 67
101 67 101 66
101 67 101 67
101 67 101 68
101 67 102 67
110 70 109 70
110 70 110 69
110 70 110 70
110 70 110 71
110 70 111 70
115 79 114 79
115 79 115 78
115 79 115 79
115 79 115 80
115 79 116 79
97 78 96 78
97 78 97 77
97 78 97 78
97 78 97 79
97 78 98 78
92 62 91 62
92 62 92 61
92 62 92 62
92 62 93 62
100 81 100 80
100 81 100 81
100 81 100 82
110 74 109 74
110 74 110 73
110 74 110 74
110 74 111 74
99 79 99 78
99 79 99 79
99 79 99 80
99 79 100 79
109 69 108 69
109 69 109 68
109 69 109 69
109 69 109 70
109 69 110 69
115 69 114 69
115 69 115 68
115 69 115 69
115 69 115 70
115 69 116 69
104 77 103 77
104 77 104 76
104 77 104 77
104 77 104 78
104 77 105 77
100 78 99 78
100 78 100 77
100 78 100 78
100 78 100 79
100 78 101 78
118 60 117 60
118 60 118 60
118 60 118 61
118 60 119 60
118 69 117 69
118 69 118 68
118 69 118 69
118 69 118 70
118 69 119 69
119 77 118 77
119 77 119 76
119 77 119 77
119 77 119 78
104 79 103 79
104 79 104 78
104 79 104 79
104 79 104 80
104 79 105 79
106 78 105 78
106 78 106 77
106 78 106 78
106 78 106 79
106 78 107 78
95 70 95 69
95 70 95 70
95 70 95 71
108 65 107 65
108 65 108 65
108 65 109 65
105 74 104 74
105 74 105 73
105 74 105 74
105 74 105 75
105 74 106 74
99 84 98 84
99 84 99 83
99 84 99 84
99 84 99 85
99 84 100 84
106 83 105 83
106 83 106 82
106 83 106 83
106 83 107 83
112 77 111 77
112 77 112 76
112 77 112 77
112 77 112 78
112 77 113 77
99 80 98 80
99 80 99 79
99 80 99 80
99 80 100 80
116 62 115 62
116 62 116 61
116 62 116 62
116 62 116 63
116 62 117 62
98 70 97 70
98 70 98 69
98 70 98 70
98 70 99 70
116 77 115 77
116 77 116 76
116 77 116 77
116 77 116 78
116 77 117 77
113 85 112 85
113 85 113 84
113 85 113 85
113 85 114 85
113 84 112 84
113 84 113 83
113 84 113 84
113 84 113 85
113 84 114 84
119 71 118 71
119 71 119 70
119 71 119 71
119 71 119 72
97 72 96 72
97 72 97 72
97 72 97 73
97 72 98 72
92 65 91 65
92 65 92 64
92 65 92 65
92 65 92 66
92 65 93 65
110 72 109 72
110 72 110 71
110 72 110 72
110 72 110 73
110 72 111 72
90 88 90 87
90 88 90 88
90 88 90 89
90 88 91 88
118 75 117 75
118 75 118 74
118 75 118 75
118 75 118 76
118 75 119 75
115 78 114 78
115 78 115 77
115 78 115 78
115 78 115 79
115 78 116 78
110 81 109 81
110 81 110 80
110 81 110 81
110 81 110 82
110 81 111 81
116 69 115 69
116 69 116 68
116 69 116 69
116 69 116 70
116 69 117 69
105 79 104 79
105 79 105 78
105 79 105 79
105 79 105 80
105 79 106 79
113 75 112 75
113 75 113 74
113 75 113 75
113 75 113 76
113 75 114 75
104 83 103 83
104 83 104 82
104 83 104 83
104 83 104 84
104 83 105 83
101 69 101 68
101 69 101 69
101 69 101 70
101 69 102 69
119 74 118 74
119 74 119 73
119 74 119 74
119 74 119 75
109 77 108 77
109 77 109 76
109 77 109 77
109 77 110 77
114 69 113 69
114 69 114 68
114 69 114 69
114 69 114 70
114 69 115 69
114 72 113 72
114 72 114 71
114 72 114 72
114 72 114 73
114 72 115 72
92 60 91 60
92 60 92 60
92 60 92 61
92 60 93 60
107 74 106 74
107 74 107 73
107 74 107 74
107 74 107 75
107 74 108 74
115 88 114 88
115 88 115 87
115 88 115 88
115 88 115 89
115 88 116 88
97 61 96 61
97 61 97 60
97 61 97 61
97 61 97 62
108 71 107 71
108 71 108 70
108 71 108 71
108 71 108 72
108 71 109 71
117 77 116 77
117 77 117 76
117 77 117 77
117 77 117 78
117 77 118 77
103 77 102 77
103 77 103 76
103 77 103 77
103 77 103 78
103 77 104 77
106 77 105 77
106 77 106 76
106 77 106 77
106 77 106 78
106 77 107 77
114 68 113 68
114 68 114 67
114 68 114 68
114 68 114 69
114 68 115 68
117 76 116 76
117 76 117 75
117 76 117 76
117 76 117 77
117 76 118 76
105 68 104 68
105 68 105 67
105 68 105 68
105 68 105 69
105 68 106 68
105 67 104 67
105 67 105 66
105 67 105 67
105 67 105 68
105 67 106 67
118 78 117 78
118 78 118 77
118 78 118 78
118 78 118 79
118 78 119 78
119 88 118 88
119 88 119 88
119 88 119 89
103 75 102 75
103 75 103 74
103 75 103 75
103 75 103 76
103 75 104 75
118 67 117 67
118 67 118 66
118 67 118 67
118 67 118 68
118 67 119 67
100 82 99 82
100 82 100 81
100 82 100 82
100 82 100 83
100 82 101 82
90 63 90 62
90 63 90 63
90 63 90 64
90 63 91 63
93 65 92 65
93 65 93 64
93 65 93 65
93 65 93 66
93 65 94 65
109 65 108 65
109 65 109 65
109 65 109 66
109 65 110 65
96 77 95 77
96 77 96 76
96 77 96 77
96 77 96 78
96 77 97 77
113 69 112 69
113 69 113 68
113 69 113 69
113 69 113 70
113 69 114 69
102 75 101 75
102 75 102 74
102 75 102 75
102 75 102 76
102 75 103 75
93 85 92 85
93 85 93 84
93 85 93 85
93 85 93 86
93 85 94 85
103 79 102 79
103 79 103 78
103 79 103 79
103 79 103 80
103 79 104 79
101 80 100 80
101 80 101 80
101 80 102 80
118 83 117 83
118 83 118 82
118 83 118 83
118 83 118 84
118 83 119 83
102 70 101 70
102 70 102 69
102 70 102 70
102 70 102 71
96 75 95 75
96 75 96 74
96 75 96 75
96 75 96 76
96 75 97 75
102 65 101 65
102 65 102 65
102 65 102 66
102 65 103 65
112 72 111 72
112 72 112 71
112 72 112 72
112 72 112 73
112 72 113 72
104 75 103 75
104 75 104 74
104 75 104 75
104 75 104 76
104 75 105 75
119 66 118 66
119 66 119 65
119 66 119 66
119 66 119 67
118 63 117 63
118 63 118 62
118 63 118 63
118 63 118 64
118 63 119 63
90 65 90 64
90 65 90 65
90 65 90 66
90 65 91 65
106 76 105 76
106 76 106 75
106 76 106 76
106 76 106 77
106 76 107 76
105 85 104 85
105 85 105 84
105 85 105 85
97 66 96 66
97 66 97 65
97 66 97 66
97 66 97 67
97 66 98 66
107 81 106 81
107 81 107 80
107 81 107 81
107 81 107 82
107 81 108 81
105 73 104 73
105 73 105 72
105 73 105 73
105 73 105 74
105 73 106 73
95 75 95 74
95 75 95 75
95 75 95 76
95 75 96 75
113 83 112 83
113 83 113 82
113 83 113 83
113 83 113 84
113 83 114 83
95 85 94 85
95 85 95 84
95 85 95 85
95 85 95 86
95 85 96 85
118 85 117 85
118 85 118 84
118 85 118 85
118 85 118 86
118 85 119 85
94 63 93 63
94 63 94 62
94 63 94 63
94 63 94 64
111 74 110 74
111 74 111 73
111 74 111 74
111 74 111 75
111 74 112 74
92 87 91 87
92 87 92 86
92 87 92 87
92 87 93 87
112 71 111 71
112 71 112 70
112 71 112 71
112 71 112 72
112 71 113 71
113 81 113 80
113 81 113 81
113 81 113 82
113 81 114 81
95 60 94 60
95 60 95 60
95 60 95 61
95 60 96 60
117 84 116 84
117 84 117 83
117 84 117 84
117 84 117 85
117 84 118 84
109 80 108 80
109 80 109 79
109 80 109 80
109 80 109 81
109 80 110 80
112 85 111 85
112 85 112 84
112 85 112 85
112 85 113 85
103 84 102 84
103 84 103 83
103 84 103 84
103 84 103 85
103 84 104 84
116 67 115 67
116 67 116 66
116 67 116 67
116 67 116 68
116 67 117 67
101 75 101 74
101 75 101 75
101 75 101 76
101 75 102 75
117 64 116 64
117 64 117 63
117 64 117 64
117 64 117 65
117 64 118 64
109 68 108 68
109 68 109 67
109 68 109 68
109 68 109 69
109 68 110 68
103 65 102 65
103 65 103 65
103 65 103 66
103 65 104 65
99 69 98 69
99 69 99 69
99 69 99 70
96 74 95 74
96 74 96 73
96 74 96 74
96 74 96 75
96 74 97 74
109 76 108 76
109 76 109 75
109 76 109 76
109 76 109 77
109 76 110 76
95 66 94 66
95 66 95 65
95 66 95 66
95 66 95 67
95 66 96 66
117 73 116 73
117 73 117 72
117 73 117 73
117 73 117 74
117 73 118 73
111 82 110 82
111 82 111 81
111 82 111 82
111 82 111 83
111 82 112 82
116 79 115 79
116 79 116 78
116 79 116 79
116 79 116 80
116 79 117 79
97 69 96 69
97 69 97 68
97 69 97 69
97 69 97 70
97 69 98 69
116 75 115 75
116 75 116 74
116 75 116 75
116 75 116 76
116 75 117 75
118 84 117 84
118 84 118 83
118 84 118 84
118 84 118 85
118 84 119 84
112 84 112 83
112 84 112 84
112 84 112 85
112 84 113 84
91 62 90 62
91 62 91 61
91 62 91 62
91 62 91 63
91 62 92 62
97 68 96 68
97 68 97 67
97 68 97 68
97 68 97 69
90 62 90 62
90 62 90 63
90 62 91 62
115 65 114 65
115 65 115 64
115 65 115 65
115 65 115 66
115 65 116 65
100 65 99 65
100 65 100 65
100 65 100 66
100 65 101 65
107 66 106 66
107 66 107 65
107 66 107 66
107 66 107 67
97 70 97 69
97 70 97 70
97 70 98 70
93 67 92 67
93 67 93 66
93 67 93 67
93 67 94 67
104 80 103 80
104 80 104 79
104 80 104 80
104 80 104 81
104 80 105 80
116 73 115 73
116 73 116 72
116 73 116 73
116 73 116 74
116 73 117 73
114 89 114 88
114 89 114 89
114 89 115 89
119 83 118 83
119 83 119 82
119 83 119 83
119 83 119 84
90 86 90 85
90 86 90 86
90 86 90 87
90 86 91 86
107 76 106 76
107 76 107 75
107 76 107 76
107 76 107 77
107 76 108 76
118 86 117 86
118 86 118 85
118 86 118 86
118 86 118 87
118 86 119 86
100 68 100 67
100 68 100 68
100 68 101 68
94 89 93 89
94 89 94 88
94 89 94 89
94 89 95 89
107 71 106 71
107 71 107 70
107 71 107 71
107 71 107 72
107 71 108 71
102 73 101 73
102 73 102 73
102 73 102 74
102 73 103 73
102 85 101 85
102 85 102 84
102 85 102 85
102 85 103 85
90 85 90 84
90 85 90 85
90 85 90 86
90 85 91 85
103 67 102 67
103 67 103 66
103 67 103 67
103 67 103 68
103 67 104 67
96 86 95 86
96 86 96 85
96 86 96 86
96 86 96 87
96 86 97 86
98 84 97 84
98 84 98 83
98 84 98 84
98 84 98 85
98 84 99 84
93 63 93 62
93 63 93 63
93 63 93 64
93 63 94 63
96 83 95 83
96 83 96 82
96 83 96 83
96 83 96 84
96 83 97 83
93 62 92 62
93 62 93 61
93 62 93 62
93 62 93 63
93 62 94 62
103 82 102 82
103 82 103 81
103 82 103 82
103 82 103 83
103 82 104 82
96 79 95 79
96 79 96 78
96 79 96 79
96 79 96 80
96 79 97 79
118 77 117 77
118 77 118 76
118 77 118 77
118 77 118 78
118 77 119 77
101 73 100 73
101 73 101 72
101 73 101 73
101 73 101 74
101 73 102 73
107 78 106 78
107 78 107 77
107 78 107 78
107 78 107 79
107 78 108 78
95 68 95 67
95 68 95 68
95 68 95 69
95 68 96 68
105 82 104 82
105 82 105 81
105 82 105 82
105 82 105 83
105 82 106 82
106 82 105 82
106 82 106 81
106 82 106 82
106 82 106 83
106 82 107 82
96 88 96 87
96 88 96 88
96 88 96 89
96 88 97 88
116 84 115 84
116 84 116 83
116 84 116 84
116 84 116 85
116 84 117 84
91 63 90 63
91 63 91 62
91 63 91 63
91 63 91 64
119 85 118 85
119 85 119 84
119 85 119 85
119 85 119 86
100 71 99 71
100 71 100 70
100 71 100 71
100 71 100 72
100 71 101 71
116 72 115 72
116 72 116 71
116 72 116 72
116 72 116 73
116 72 117 72
90 87 90 86
90 87 90 87
90 87 90 88
90 87 91 87
111 73 110 73
111 73 111 72
111 73 111 73
111 73 111 74
111 73 112 73
110 67 109 67
110 67 110 66
110 67 110 67
110 67 110 68
110 67 111 67
95 62 94 62
95 62 95 61
95 62 95 62
95 62 96 62
108 67 107 67
108 67 108 67
108 67 108 68
108 67 109 67
114 81 113 81
114 81 114 80
114 81 114 81
114 81 114 82
114 81 115 81
103 78 103 77
103 78 103 78
103 78 103 79
103 78 104 78
97 85 96 85
97 85 97 84
97 85 97 85
97 85 97 86
97 85 98 85
103 85 102 85
103 85 103 84
103 85 103 85
103 85 104 85
100 83 99 83
100 83 100 82
100 83 100 83
100 83 100 84
100 83 101 83
117 78 116 78
117 78 117 77
117 78 117 78
117 78 117 79
117 78 118 78
103 68 102 68
103 68 103 67
103 68 103 68
103 68 103 69
103 68 104 68
115 85 114 85
115 85 115 84
115 85 115 85
115 85 115 86
115 85 116 85
94 86 93 86
94 86 94 85
94 86 94 86
94 86 94 87
94 86 95 86
112 67 111 67
112 67 112 66
112 67 112 67
112 67 112 68
112 67 113 67
101 74 100 74
101 74 101 73
101 74 101 74
101 74 101 75
101 74 102 74
114 63 114 62
114 63 114 63
114 63 114 64
109 71 108 71
109 71 109 70
109 71 109 71
109 71 109 72
109 71 110 71
110 78 110 77
110 78 110 78
110 78 110 79
110 78 111 78
101 72 100 72
101 72 101 71
101 72 101 72
101 72 101 73
105 76 104 76
105 76 105 75
105 76 105 76
105 76 105 77
105 76 106 76
115 64 114 64
115 64 115 64
115 64 115 65
115 64 116 64
114 76 113 76
114 76 114 75
114 76 114 76
114 76 114 77
114 76 115 76
100 76 99 76
100 76 100 76
100 76 100 77
100 76 101 76
119 82 118 82
119 82 119 81
119 82 119 82
119 82 119 83
106 68 105 68
106 68 106 67
106 68 106 68
106 68 106 69
106 68 107 68
119 61 118 61
119 61 119 60
119 61 119 61
119 61 119 62
106 73 105 73
106 73 106 72
106 73 106 73
106 73 106 74
106 73 107 73
111 66 110 66
111 66 111 65
111 66 111 66
111 66 111 67
111 66 112 66
110 79 109 79
110 79 110 78
110 79 110 79
110 79 110 80
110 79 111 79
105 66 104 66
105 66 105 65
105 66 105 66
105 66 105 67
105 66 106 66
111 67 110 67
111 67 111 66
111 67 111 67
111 67 111 68
111 67 112 67
96 69 95 69
96 69 96 68
96 69 96 69
96 69 97 69
114 82 113 82
114 82 114 81
114 82 114 82
114 82 114 83
114 82 115 82
119 76 118 76
119 76 119 75
119 76 119 76
119 76 119 77
101 78 100 78
101 78 101 77
101 78 101 78
113 70 112 70
113 70 113 69
113 70 113 70
113 70 113 71
113 70 114 70
95 89 94 89
95 89 95 89
95 89 96 89
93 60 92 60
93 60 93 60
93 60 93 61
93 60 94 60
96 71 95 71
96 71 96 71
96 71 96 72
107 80 106 80
107 80 107 79
107 80 107 80
107 80 107 81
107 80 108 80
115 76 114 76
115 76 115 75
115 76 115 76
115 76 115 77
115 76 116 76
101 71 100 71
101 71 101 70
101 71 101 71
101 71 101 72
101 71 102 71
97 89 96 89
97 89 97 88
97 89 97 89
113 71 112 71
113 71 113 70
113 71 113 71
113 71 113 72
113 71 114 71
117 70 116 70
117 70 117 69
117 70 117 70
117 70 117 71
117 70 118 70
108 77 107 77
108 77 108 76
108 77 108 77
108 77 108 78
108 77 109 77
115 83 114 83
115 83 115 82
115 83 115 83
115 83 115 84
115 83 116 83
107 85 107 84
107 85 107 85
107 85 108 85
117 80 116 80
117 80 117 79
117 80 117 80
117 80 117 81
117 80 118 80
110 68 109 68
110 68 110 67
110 68 110 68
110 68 110 69
110 68 111 68
90 64 90 63
90 64 90 64
90 64 90 65
90 64 91 64
102 69 101 69
102 69 102 68
102 69 102 69
102 69 102 70
102 69 103 69
119 79 118 79
119 79 119 78
119 79 119 79
119 79 119 80
115 70 114 70
115 70 115 69
115 70 115 70
115 70 115 71
115 70 116 70
116 83 115 83
116 83 116 82
116 83 116 83
116 83 116 84
116 83 117 83
97 87 96 87
97 87 97 86
97 87 97 87
97 87 97 88
95 72 95 71
95 72 95 72
95 72 95 73
95 72 96 72
96 62 95 62
96 62 96 61
96 62 96 62
96 62 96 63
96 62 97 62
91 88 90 88
91 88 91 87
91 88 91 88
91 88 91 89
109 75 108 75
109 75 109 74
109 75 109 75
109 75 109 76
117 88 116 88
117 88 117 87
117 88 117 88
117 88 117 89
117 88 118 88
98 76 97 76
98 76 98 76
98 76 98 77
98 76 99 76
118 73 117 73
118 73 118 72
118 73 118 73
118 73 118 74
118 73 119 73
115 89 114 89
115 89 115 88
115 89 115 89
115 89 116 89
97 60 96 60
97 60 97 60
97 60 97 61
102 68 101 68
102 68 102 67
102 68 102 68
102 68 102 69
102 68 103 68
101 76 100 76
101 76 101 75
101 76 101 76
101 76 101 77
101 76 102 76
97 74 96 74
97 74 97 73
97 74 97 74
97 74 97 75
97 74 98 74
105 83 104 83
105 83 105 82
105 83 105 83
105 83 105 84
105 83 106 83
97 65 96 65
97 65 97 64
97 65 97 65
97 65 97 66
97 65 98 65
91 85 90 85
91 85 91 84
91 85 91 85
91 85 91 86
91 85 92 85
100 84 99 84
100 84 100 83
100 84 100 84
100 84 100 85
100 84 101 84
95 61 94 61
95 61 95 60
95 61 95 61
95 61 95 62
95 61 96 61
92 86 91 86
92 86 92 85
92 86 92 86
92 86 92 87
92 86 93 86
97 81 96 81
97 81 97 80
97 81 97 81
97 81 97 82
97 81 98 81
100 79 99 79
100 79 100 78
100 79 100 79
100 79 100 80
106 69 105 69
106 69 106 68
106 69 106 69
106 69 107 69
117 63 116 63
117 63 117 62
117 63 117 63
117 63 117 64
117 63 118 63
118 64 117 64
118 64 118 63
118 64 118 64
118 64 118 65
118 64 119 64
119 64 118 64
119 64 119 63
119 64 119 64
119 64 119 65
115 81 114 81
115 81 115 80
115 81 115 81
115 81 115 82
115 81 116 81
113 76 112 76
113 76 113 75
113 76 113 76
113 76 113 77
113 76 114 76
110 84 109 84
110 84 110 83
110 84 110 84
110 84 110 85
107 70 107 69
107 70 107 70
107 70 107 71
107 70 108 70
96 66 95 66
96 66 96 65
96 66 96 66
96 66 96 67
96 66 97 66
117 62 116 62
117 62 117 61
117 62 117 62
117 62 117 63
117 62 118 62
112 69 111 69
112 69 112 68
112 69 112 69
112 69 112 70
112 69 113 69
96 60 95 60
96 60 96 60
96 60 96 61
96 60 97 60
112 65 111 65
112 65 112 65
112 65 112 66
112 65 113 65
99 77 98 77
99 77 99 76
99 77 99 77
99 77 99 78
99 77 100 77
109 83 108 83
109 83 109 83
109 83 109 84
109 83 110 83
119 89 118 89
119 89 119 88
119 89 119 89
110 71 109 71
110 71 110 70
110 71 110 71
110 71 110 72
110 71 111 71
97 83 96 83
97 83 97 82
97 83 97 83
97 83 97 84
97 83 98 83
101 70 100 70
101 70 101 69
101 70 101 70
101 70 101 71
101 70 102 70
117 83 116 83
117 83 117 82
117 83 117 83
117 83 117 84
117 83 118 83
111 75 111 74
111 75 111 75
111 75 111 76
111 75 112 75
96 80 95 80
96 80 96 79
96 80 96 80
96 80 96 81
96 80 97 80
108 76 107 76
108 76 108 75
108 76 108 76
108 76 108 77
108 76 109 76
103 83 102 83
103 83 103 82
103 83 103 83
103 83 103 84
103 83 104 83
117 71 116 71
117 71 117 70
117 71 117 71
117 71 117 72
117 71 118 71
112 73 111 73
112 73 112 72
112 73 112 73
112 73 112 74
112 73 113 73
96 73 95 73
96 73 96 72
96 73 96 73
96 73 96 74
96 73 97 73
119 62 118 62
119 62 119 61
119 62 119 62
119 62 119 63
108 70 107 70
108 70 108 69
108 70 108 70
108 70 108 71
108 70 109 70
116 63 116 62
116 63 116 63
116 63 116 64
116 63 117 63
91 64 90 64
91 64 91 63
91 64 91 64
91 64 91 65
91 64 92 64
94 61 93 61
94 61 94 60
94 61 94 61
94 61 94 62
94 61 95 61
116 66 115 66
116 66 116 65
116 66 116 66
116 66 116 67
116 66 117 66
114 79 113 79
114 79 114 78
114 79 114 79
114 79 114 80
114 79 115 79
95 74 95 73
95 74 95 74
95 74 95 75
95 74 96 74
108 79 107 79
108 79 108 78
108 79 108 79
108 79 108 80
108 79 109 79
117 61 116 61
117 61 117 60
117 61 117 61
117 61 117 62
117 61 118 61
119 65 118 65
119 65 119 64
119 65 119 65
119 65 119 66
108 72 107 72
108 72 108 71
108 72 108 72
108 72 108 73
108 72 109 72
99 78 98 78
99 78 99 77
99 78 99 78
99 78 99 79
99 78 100 78
116 89 115 89
116 89 116 88
116 89 116 89
116 89 117 89
107 69 106 69
107 69 107 68
107 69 107 69
107 69 107 70
107 69 108 69
99 65 98 65
99 65 99 65
99 65 99 66
99 65 100 65
91 61 91 60
91 61 91 61
91 61 91 62
91 61 92 61
96 85 95 85
96 85 96 84
96 85 96 85
96 85 96 86
96 85 97 85
105 78 104 78
105 78 105 77
105 78 105 78
105 78 105 79
105 78 106 78
111 81 110 81
111 81 111 80
111 81 111 81
111 81 111 82
95 76 95 75
95 76 95 76
95 76 95 77
95 76 96 76
100 85 99 85
100 85 100 84
100 85 100 85
100 85 101 85
96 89 95 89
96 89 96 88
96 89 96 89
96 89 97 89
118 87 117 87
118 87 118 86
118 87 118 87
118 87 118 88
115 80 114 80
115 80 115 79
115 80 115 80
115 80 115 81
115 80 116 80
110 65 109 65
110 65 110 65
110 65 110 66
110 65 111 65
104 84 103 84
104 84 104 83
104 84 104 84
104 84 104 85
104 84 105 84
118 65 117 65
118 65 118 64
118 65 118 65
118 65 118 66
118 65 119 65
114 74 113 74
114 74 114 73
114 74 114 74
114 74 114 75
114 74 115 74
109 72 108 72
109 72 109 71
109 72 109 72
109 72 109 73
109 72 110 72
95 71 95 70
95 71 95 71
95 71 95 72
95 71 96 71
106 80 105 80
106 80 106 79
106 80 106 80
106 80 106 81
106 80 107 80
105 77 104 77
105 77 105 76
105 77 105 77
105 77 105 78
105 77 106 77
102 82 101 82
102 82 102 81
102 82 102 82
102 82 102 83
102 82 103 82
106 72 105 72
106 72 106 71
106 72 106 72
106 72 106 73
106 72 107 72
111 80 110 80
111 80 111 79
111 80 111 80
111 80 111 81
111 80 112 80
101 82 100 82
101 82 101 82
101 82 101 83
101 82 102 82
119 78 118 78
119 78 119 77
119 78 119 78
119 78 119 79
91 89 90 89
91 89 91 88
91 89 91 89
91 89 92 89
115 71 114 71
115 71 115 70
115 71 115 71
115 71 115 72
115 71 116 71
115 74 114 74
115 74 115 73
115 74 115 74
115 74 115 75
115 74 116 74
91 60 91 60
91 60 91 61
91 60 92 60
113 82 112 82
113 82 113 81
113 82 113 82
113 82 113 83
113 82 114 82
103 71 102 71
103 71 103 71
103 71 103 72
103 71 104 71
103 81 102 81
103 81 103 80
103 81 103 81
103 81 103 82
103 81 104 81
115 68 114 68
115 68 115 67
115 68 115 68
115 68 115 69
115 68 116 68
96 63 96 62
96 63 96 63
96 63 96 64
96 63 97 63
113 74 112 74
113 74 113 73
113 74 113 74
113 74 113 75
113 74 114 74
110 80 109 80
110 80 110 79
110 80 110 80
110 80 110 81
110 80 111 80
103 69 102 69
103 69 103 68
103 69 103 69
103 69 104 69
118 72 117 72
118 72 118 71
118 72 118 72
118 72 118 73
118 72 119 72
100 67 99 67
100 67 100 66
100 67 100 67
100 67 100 68
100 67 101 67
98 82 97 82
98 82 98 81
98 82 98 82
98 82 98 83
98 82 99 82
119 68 118 68
119 68 119 67
119 68 119 68
119 68 119 69
