80 66 79 66
80 66 80 66
80 66 80 67
80 66 81 66
77 73 76 73
77 73 77 72
77 73 77 73
77 73 77 74
77 73 78 73
82 65 81 65
82 65 82 64
82 65 82 65
82 65 82 66
82 65 83 65
84 66 83 66
84 66 84 65
84 66 84 66
84 66 84 67
81 75 80 75
81 75 81 74
81 75 81 75
81 75 82 75
76 75 76 75
76 75 77 75
83 50 82 50
83 50 83 49
83 50 83 50
83 50 83 51
83 50 84 50
84 75 83 75
84 75 84 74
84 75 84 75
81 72 80 72
81 72 81 72
81 72 81 73
81 72 82 72
83 49 82 49
83 49 83 48
83 49 83 49
83 49 83 50
83 49 84 49
83 73 82 73
83 73 83 72
83 73 83 73
83 73 83 74
83 73 84 73
84 64 83 64
84 64 84 64
84 64 84 65
78 56 77 56
78 56 78 56
78 56 78 57
78 56 79 56
76 64 76 64
76 64 76 65
76 64 77 64
84 56 83 56
84 56 84 56
84 56 84 57
81 50 80 50
81 50 81 49
81 50 81 50
81 50 81 51
81 50 82 50
78 74 77 74
78 74 78 73
78 74 78 74
78 74 78 75
78 74 79 74
76 66 76 65
76 66 76 66
76 66 76 67
76 66 77 66
82 57 81 57
82 57 82 56
82 57 82 57
82 57 82 58
82 57 83 57
80 59 79 59
80 59 80 59
80 59 81 59
79 67 78 67
79 67 79 66
79 67 79 67
79 67 80 67
83 72 82 72
83 72 83 72
83 72 83 73
83 72 84 72
78 59 77 59
78 59 78 58
78 59 78 59
78 59 79 59
81 74 80 74
81 74 81 73
81 74 81 74
81 74 81 75
81 74 82 74
78 58 77 58
78 58 78 57
78 58 78 58
78 58 78 59
78 58 79 58
77 56 76 56
77 56 77 56
77 56 78 56
78 75 77 75
78 75 78 74
78 75 78 75
76 72 76 72
76 72 76 73
76 72 77 72
81 73 80 73
81 73 81 72
81 73 81 73
81 73 81 74
81 73 82 73
80 67 79 67
80 67 80 66
80 67 80 67
82 64 81 64
82 64 82 64
82 64 82 65
82 64 83 64
84 67 83 67
84 67 84 66
84 67 84 67
84 48 83 48
84 48 84 48
84 48 84 49
77 74 77 73
77 74 77 74
77 74 77 75
77 74 78 74
82 72 81 72
82 72 82 72
82 72 82 73
82 72 83 72
76 48 76 48
76 48 76 49
76 48 77 48
82 67 82 66
82 67 82 67
82 67 83 67
81 56 80 56
81 56 81 56
81 56 81 57
81 56 82 56
83 57 82 57
83 57 83 56
83 57 83 57
83 57 84 57
78 49 78 48
78 49 78 49
78 49 78 50
78 49 79 49
84 73 83 73
84 73 84 72
84 73 84 73
84 73 84 74
79 49 78 49
79 49 79 48
79 49 79 49
79 49 79 50
79 49 80 49
78 73 77 73
78 73 78 72
78 73 78 73
78 73 78 74
78 73 79 73
78 66 77 66
78 66 78 65
78 66 78 66
78 66 78 67
78 66 79 66
80 51 79 51
80 51 80 50
80 51 80 51
80 51 81 51
84 51 83 51
84 51 84 50
84 51 84 51
83 51 82 51
83 51 83 50
83 51 83 51
83 51 84 51
79 50 78 50
79 50 79 49
79 50 79 50
79 50 79 51
79 50 80 50
80 56 79 56
80 56 80 56
80 56 80 57
80 56 81 56
77 58 77 58
77 58 77 59
77 58 78 58
81 65 81 64
81 65 81 65
81 65 81 66
81 65 82 65
81 58 81 57
81 58 81 58
81 58 81 59
81 58 82 58
83 75 82 75
83 75 83 74
83 75 83 75
83 75 84 75
77 67 76 67
77 67 77 66
77 67 77 67
77 67 78 67
76 59 76 59
76 59 77 59
76 49 76 48
76 49 76 49
76 49 76 50
78 57 78 56
78 57 78 57
78 57 78 58
78 57 79 57
78 65 77 65
78 65 78 64
78 65 78 65
78 65 78 66
81 59 80 59
81 59 81 58
81 59 81 59
81 59 82 59
76 65 76 64
76 65 76 65
76 65 76 66
76 65 77 65
80 48 79 48
80 48 80 48
80 48 80 49
80 48 81 48
79 73 78 73
79 73 79 72
79 73 79 73
79 73 79 74
79 73 80 73
79 66 78 66
79 66 79 66
79 66 79 67
79 66 80 66
82 66 81 66
82 66 82 65
82 66 82 66
82 66 82 67
82 66 83 66
77 59 76 59
77 59 77 58
77 59 77 59
77 59 78 59
79 59 78 59
79 59 79 58
79 59 79 59
79 59 80 59
83 74 82 74
83 74 83 73
83 74 83 74
83 74 83 75
83 74 84 74
78 50 77 50
78 50 78 49
78 50 78 50
78 50 78 51
78 50 79 50
80 74 79 74
80 74 80 73
80 74 80 74
80 74 80 75
80 74 81 74
84 58 84 57
84 58 84 58
84 58 84 59
83 59 82 59
83 59 83 59
83 59 84 59
79 64 78 64
79 64 79 64
79 64 80 64
79 56 78 56
79 56 79 56
79 56 79 57
79 56 80 56
79 48 78 48
79 48 79 48
79 48 79 49
79 48 80 48
81 57 80 57
81 57 81 56
81 57 81 57
81 57 81 58
81 57 82 57
76 73 76 72
76 73 76 73
76 73 77 73
84 65 83 65
84 65 84 64
84 65 84 65
84 65 84 66
83 56 82 56
83 56 83 56
83 56 83 57
83 56 84 56
81 48 80 48
81 48 81 48
81 48 81 49
81 48 82 48
84 57 83 57
84 57 84 56
84 57 84 57
84 57 84 58
80 72 79 72
80 72 80 72
80 72 80 73
80 72 81 72
79 57 78 57
79 57 79 56
79 57 79 57
79 57 79 58
79 57 80 57
78 64 77 64
78 64 78 64
78 64 78 65
78 64 79 64
81 66 80 66
81 66 81 65
81 66 81 66
81 66 82 66
81 51 80 51
81 51 81 50
81 51 81 51
81 51 82 51
77 66 76 66
77 66 77 65
77 66 77 66
77 66 77 67
77 66 78 66
76 51 76 50
76 51 76 51
76 51 77 51
78 67 77 67
78 67 78 66
78 67 78 67
78 67 79 67
82 58 81 58
82 58 82 57
82 58 82 58
82 58 82 59
83 66 82 66
83 66 83 65
83 66 83 66
83 66 83 67
83 66 84 66
83 67 82 67
83 67 83 66
83 67 83 67
83 67 84 67
84 74 83 74
84 74 84 73
84 74 84 74
84 74 84 75
78 51 77 51
78 51 78 50
78 51 78 51
78 51 79 51
84 49 83 49
84 49 84 48
84 49 84 49
84 49 84 50
84 50 83 50
84 50 84 49
84 50 84 50
84 50 84 51
83 48 82 48
83 48 83 48
83 48 83 49
83 48 84 48
77 51 76 51
77 51 77 50
77 51 77 51
77 51 78 51
76 56 76 56
76 56 76 57
76 56 77 56
79 74 78 74
79 74 79 73
79 74 79 74
79 74 80 74
84 59 83 59
84 59 84 58
84 59 84 59
80 49 79 49
80 49 80 48
80 49 80 49
80 49 80 50
80 49 81 49
77 72 76 72
77 72 77 72
77 72 77 73
77 72 78 72
84 72 83 72
84 72 84 72
84 72 84 73
80 64 79 64
80 64 80 64
80 64 81 64
83 65 82 65
83 65 83 64
83 65 83 65
83 65 83 66
83 65 84 65
77 64 76 64
77 64 77 64
77 64 77 65
77 64 78 64
82 51 81 51
82 51 82 50
82 51 82 51
82 51 83 51
76 67 76 66
76 67 76 67
76 67 77 67
77 75 76 75
77 75 77 74
77 75 77 75
77 75 78 75
79 51 78 51
79 51 79 50
79 51 79 51
79 51 80 51
81 64 80 64
81 64 81 64
81 64 81 65
81 64 82 64
77 48 76 48
77 48 77 48
77 48 78 48
80 73 79 73
80 73 80 72
80 73 80 73
80 73 80 74
80 73 81 73
77 50 76 50
77 50 77 50
77 50 77 51
77 50 78 50
81 49 80 49
81 49 81 48
81 49 81 49
81 49 81 50
81 49 82 49
82 59 81 59
82 59 82 58
82 59 82 59
82 59 83 59
78 72 77 72
78 72 78 72
78 72 78 73
78 72 79 72
83 64 82 64
83 64 83 64
83 64 83 65
83 64 84 64
80 75 80 74
80 75 80 75
80 75 81 75
77 65 76 65
77 65 77 64
77 65 77 65
77 65 77 66
77 65 78 65
80 50 79 50
80 50 80 49
80 50 80 50
80 50 80 51
80 50 81 50
82 50 81 50
82 50 82 49
82 50 82 50
82 50 82 51
82 50 83 50
82 74 81 74
82 74 82 73
82 74 82 74
82 74 82 75
82 74 83 74
82 75 81 75
82 75 82 74
82 75 82 75
82 75 83 75
79 58 78 58
79 58 79 57
79 58 79 58
79 58 79 59
79 72 78 72
79 72 79 72
79 72 79 73
79 72 80 72
82 56 81 56
82 56 82 56
82 56 82 57
82 56 83 56
82 73 81 73
82 73 82 72
82 73 82 73
82 73 82 74
82 73 83 73
82 48 81 48
82 48 82 48
82 48 82 49
82 48 83 48
76 57 76 56
76 57 76 57
78 48 77 48
78 48 78 48
78 48 78 49
78 48 79 48
80 57 79 57
80 57 80 56
80 57 80 57
80 57 81 57
82 49 81 49
82 49 82 48
82 49 82 49
82 49 82 50
82 49 83 49
76 50 76 49
76 50 76 50
76 50 76 51
76 50 77 50
