37 114 36 114
37 114 37 113
37 114 37 114
37 114 37 115
37 114 38 114
36 91 36 90
36 91 36 91
36 91 37 91
42 98 41 98
42 98 42 97
42 98 42 98
42 98 43 98
40 89 39 89
40 89 40 88
40 89 40 89
40 89 40 90
40 89 41 89
40 96 39 96
40 96 40 96
40 96 40 97
40 96 41 96
37 98 36 98
37 98 37 97
37 98 37 98
37 98 37 99
37 98 38 98
43 105 42 105
43 105 43 104
43 105 43 105
43 105 43 106
43 105 44 105
38 105 37 105
38 105 38 104
38 105 38 105
38 105 38 106
38 105 39 105
41 99 40 99
41 99 41 98
41 99 41 99
38 99 37 99
38 99 38 98
38 99 38 99
38 99 39 99
39 112 38 112
39 112 39 112
39 112 39 113
39 112 40 112
43 96 42 96
43 96 43 96
43 96 43 97
39 98 38 98
39 98 39 97
39 98 39 98
39 98 39 99
39 98 40 98
36 114 36 113
36 114 36 114
36 114 36 115
36 114 37 114
44 115 43 115
44 115 44 114
44 115 44 115
43 90 42 90
43 90 43 89
43 90 43 90
43 90 43 91
36 88 36 88
36 88 36 89
36 88 37 88
43 91 42 91
43 91 43 90
43 91 43 91
43 91 44 91
36 106 36 105
36 106 36 106
36 106 36 107
36 106 37 106
41 114 40 114
41 114 41 113
41 114 41 114
41 114 41 115
41 114 42 114
36 98 36 97
36 98 36 98
36 98 36 99
36 98 37 98
36 113 36 112
36 113 36 113
36 113 36 114
36 113 37 113
38 104 37 104
38 104 38 104
38 104 38 105
38 104 39 104
36 97 36 96
36 97 36 97
36 97 36 98
36 97 37 97
43 89 42 89
43 89 43 88
43 89 43 89
43 89 43 90
43 89 44 89
42 115 41 115
42 115 42 114
42 115 42 115
42 115 43 115
41 104 40 104
41 104 41 104
41 104 41 105
41 104 42 104
39 90 38 90
39 90 39 89
39 90 39 90
39 90 40 90
40 112 39 112
40 112 40 112
40 112 41 112
38 107 37 107
38 107 38 106
38 107 38 107
41 112 40 112
41 112 41 112
41 112 41 113
41 112 42 112
37 90 36 90
37 90 37 89
37 90 37 90
37 90 37 91
37 90 38 90
38 97 37 97
38 97 38 96
38 97 38 97
38 97 38 98
38 97 39 97
36 115 36 114
36 115 36 115
36 115 37 115
38 91 37 91
38 91 38 90
38 91 38 91
43 98 42 98
43 98 43 97
43 98 43 98
43 98 43 99
43 98 44 98
44 88 43 88
44 88 44 88
44 88 44 89
37 88 36 88
37 88 37 88
37 88 37 89
37 88 38 88
41 107 40 107
41 107 41 106
41 107 41 107
41 107 42 107
44 106 43 106
44 106 44 105
44 106 44 106
40 115 39 115
40 115 40 114
40 115 40 115
40 115 41 115
39 88 38 88
39 88 39 88
39 88 39 89
39 88 40 88
43 88 42 88
43 88 43 88
43 88 43 89
43 88 44 88
42 90 42 89
42 90 42 90
42 90 42 91
42 90 43 90
43 97 42 97
43 97 43 96
43 97 43 97
43 97 43 98
43 97 44 97
40 104 39 104
40 104 40 104
40 104 40 105
40 104 41 104
42 97 41 97
42 97 42 96
42 97 42 97
42 97 42 98
42 97 43 97
38 90 37 90
38 90 38 89
38 90 38 90
38 90 38 91
38 90 39 90
43 114 42 114
43 114 43 113
43 114 43 114
43 114 43 115
43 114 44 114
43 106 42 106
43 106 43 105
43 106 43 106
43 106 43 107
43 106 44 106
42 89 41 89
42 89 42 88
42 89 42 89
42 89 42 90
42 89 43 89
38 96 37 96
38 96 38 96
38 96 38 97
38 96 39 96
41 105 40 105
41 105 41 104
41 105 41 105
41 105 41 106
41 105 42 105
39 99 38 99
39 99 39 98
39 99 39 99
39 99 40 99
44 99 43 99
44 99 44 98
44 99 44 99
40 99 39 99
40 99 40 98
40 99 40 99
40 99 41 99
39 114 38 114
39 114 39 113
39 114 39 114
39 114 39 115
39 114 40 114
41 106 40 106
41 106 41 105
41 106 41 106
41 106 41 107
41 106 42 106
42 106 41 106
42 106 42 105
42 106 42 106
42 106 42 107
42 106 43 106
43 99 43 98
43 99 43 99
43 99 44 99
41 89 40 89
41 89 41 88
41 89 41 89
41 89 42 89
36 99 36 98
36 99 36 99
36 99 37 99
44 97 43 97
44 97 44 97
44 97 44 98
41 88 40 88
41 88 41 88
41 88 41 89
41 88 42 88
36 96 36 96
36 96 36 97
36 96 37 96
44 105 43 105
44 105 44 104
44 105 44 105
44 105 44 106
42 112 41 112
42 112 42 112
42 112 42 113
42 112 43 112
42 107 41 107
42 107 42 106
42 107 42 107
42 107 43 107
39 96 38 96
39 96 39 96
39 96 39 97
39 96 40 96
42 104 41 104
42 104 42 104
42 104 42 105
42 104 43 104
38 115 37 115
38 115 38 114
38 115 38 115
38 115 39 115
40 90 39 90
40 90 40 89
40 90 40 90
40 90 40 91
37 115 36 115
37 115 37 114
37 115 37 115
37 115 38 115
44 112 43 112
44 112 44 112
43 112 42 112
43 112 43 112
43 112 43 113
43 112 44 112
36 107 36 106
36 107 36 107
36 107 37 107
37 105 36 105
37 105 37 104
37 105 37 105
37 105 37 106
37 105 38 105
37 89 36 89
37 89 37 88
37 89 37 89
37 89 37 90
37 89 38 89
44 89 43 89
44 89 44 88
44 89 44 89
39 105 38 105
39 105 39 104
39 105 39 105
39 105 39 106
39 105 40 105
39 115 38 115
39 115 39 114
39 115 39 115
39 115 40 115
41 91 40 91
41 91 41 91
41 91 42 91
38 113 37 113
38 113 38 112
38 113 38 113
38 113 38 114
38 113 39 113
37 99 36 99
37 99 37 98
37 99 37 99
37 99 38 99
42 96 41 96
42 96 42 96
42 96 42 97
42 96 43 96
36 104 36 104
36 104 36 105
36 104 37 104
39 97 38 97
39 97 39 96
39 97 39 97
39 97 39 98
39 97 40 97
42 105 41 105
42 105 42 104
42 105 42 105
42 105 42 106
42 105 43 105
39 113 38 113
39 113 39 112
39 113 39 113
39 113 39 114
44 114 43 114
44 114 44 114
44 114 44 115
40 114 39 114
40 114 40 114
40 114 40 115
40 114 41 114
38 112 37 112
38 112 38 112
38 112 38 113
38 112 39 112
38 114 37 114
38 114 38 113
38 114 38 114
38 114 38 115
38 114 39 114
42 114 41 114
42 114 42 113
42 114 42 114
42 114 42 115
42 114 43 114
42 91 41 91
42 91 42 90
42 91 42 91
42 91 43 91
42 88 41 88
42 88 42 88
42 88 42 89
42 88 43 88
39 104 38 104
39 104 39 104
39 104 39 105
39 104 40 104
40 105 39 105
40 105 40 104
40 105 40 105
40 105 40 106
40 105 41 105
40 107 40 106
40 107 40 107
40 107 41 107
43 104 42 104
43 104 43 104
43 104 43 105
43 104 44 104
41 96 40 96
41 96 41 96
41 96 41 97
41 96 42 96
42 113 41 113
42 113 42 112
42 113 42 113
42 113 42 114
42 113 43 113
40 97 39 97
40 97 40 96
40 97 40 97
40 97 40 98
40 97 41 97
37 106 36 106
37 106 37 105
37 106 37 106
37 106 37 107
37 106 38 106
38 98 37 98
38 98 38 97
38 98 38 98
38 98 38 99
38 98 39 98
37 96 36 96
37 96 37 96
37 96 37 97
37 96 38 96
44 98 43 98
44 98 44 97
44 98 44 98
44 98 44 99
40 106 39 106
40 106 40 105
40 106 40 106
40 106 40 107
40 106 41 106
41 113 41 112
41 113 41 113
41 113 41 114
41 113 42 113
38 89 37 89
38 89 38 88
38 89 38 89
38 89 38 90
38 89 39 89
41 97 40 97
41 97 41 96
41 97 41 97
41 97 41 98
41 97 42 97
40 88 39 88
40 88 40 88
40 88 40 89
40 88 41 88
38 106 37 106
38 106 38 105
38 106 38 106
38 106 38 107
38 106 39 106
41 115 40 115
41 115 41 114
41 115 41 115
41 115 42 115
37 113 36 113
37 113 37 112
37 113 37 113
37 113 37 114
37 113 38 113
37 107 36 107
37 107 37 106
37 107 37 107
37 107 38 107
44 104 43 104
44 104 44 104
44 104 44 105
44 91 43 91
44 91 44 91
38 88 37 88
38 88 38 88
38 88 38 89
38 88 39 88
39 106 38 106
39 106 39 105
39 106 39 106
39 106 40 106
37 91 36 91
37 91 37 90
37 91 37 91
37 91 38 91
36 90 36 89
36 90 36 90
36 90 36 91
36 90 37 90
37 104 36 104
37 104 37 104
37 104 37 105
37 104 38 104
43 113 42 113
43 113 43 112
43 113 43 113
43 113 43 114
43 107 42 107
43 107 43 106
43 107 43 107
41 98 40 98
41 98 41 97
41 98 41 98
41 98 41 99
41 98 42 98
43 115 42 115
43 115 43 114
43 115 43 115
43 115 44 115
36 105 36 104
36 105 36 105
36 105 36 106
36 105 37 105
40 98 39 98
40 98 40 97
40 98 40 98
40 98 40 99
40 98 41 98
36 112 36 112
36 112 36 113
36 112 37 112
37 97 36 97
37 97 37 96
37 97 37 97
37 97 37 98
37 97 38 97
40 91 40 90
40 91 40 91
40 91 41 91
36 89 36 88
36 89 36 89
36 89 36 90
36 89 37 89
37 112 36 112
37 112 37 112
37 112 37 113
37 112 38 112
39 89 38 89
39 89 39 88
39 89 39 89
39 89 39 90
39 89 40 89
