33 26 32 26
33 26 33 26
33 26 33 27
33 26 34 26
33 27 32 27
33 27 33 26
33 27 33 27
33 27 34 27
32 22 31 22
32 22 32 22
32 22 32 23
32 22 33 22
34 27 33 27
34 27 34 26
34 27 34 27
33 23 32 23
33 23 33 22
33 23 33 23
33 23 34 23
30 27 30 26
30 27 30 27
30 27 31 27
31 22 30 22
31 22 31 22
31 22 31 23
31 22 32 22
33 22 32 22
33 22 33 22
33 22 33 23
33 22 34 22
30 22 30 22
30 22 30 23
30 22 31 22
30 26 30 26
30 26 30 27
30 26 31 26
32 27 31 27
32 27 32 26
32 27 32 27
32 27 33 27
31 26 30 26
31 26 31 26
31 26 31 27
31 26 32 26
34 23 33 23
34 23 34 22
34 23 34 23
30 23 30 22
30 23 30 23
30 23 31 23
31 27 30 27
31 27 31 26
31 27 31 27
31 27 32 27
31 23 30 23
31 23 31 22
31 23 31 23
31 23 32 23
32 26 31 26
32 26 32 26
32 26 32 27
32 26 33 26
32 23 31 23
32 23 32 22
32 23 32 23
32 23 33 23
34 26 33 26
34 26 34 26
34 26 34 27
34 22 33 22
34 22 34 22
34 22 34 23
