105 16 104 16
105 16 105 15
105 16 105 16
105 16 105 17
105 16 106 16
102 7 101 7
102 7 102 6
102 7 102 7
102 7 102 8
102 7 103 7
106 11 105 11
106 11 106 10
106 11 106 11
106 11 106 12
106 11 107 11
117 20 116 20
117 20 117 19
117 20 117 20
117 20 117 21
117 20 118 20
115 7 114 7
115 7 115 6
115 7 115 7
115 7 115 8
115 7 116 7
118 27 117 27
118 27 118 26
118 27 118 27
118 27 118 28
118 27 119 27
97 28 96 28
97 28 97 27
97 28 97 28
97 28 97 29
104 22 103 22
104 22 104 21
104 22 104 22
104 22 104 23
104 22 105 22
112 23 111 23
112 23 112 22
112 23 112 23
112 23 112 24
112 23 113 23
105 23 104 23
105 23 105 22
105 23 105 23
105 23 105 24
105 23 106 23
104 10 103 10
104 10 104 9
104 10 104 10
104 10 104 11
104 10 105 10
119 19 118 19
119 19 119 18
119 19 119 19
119 19 119 20
116 11 115 11
116 11 116 10
116 11 116 11
116 11 116 12
96 11 96 10
96 11 96 11
96 11 97 11
102 10 101 10
102 10 102 9
102 10 102 10
102 10 102 11
102 10 103 10
93 25 92 25
93 25 93 24
93 25 93 25
93 25 93 26
93 25 94 25
106 18 105 18
106 18 106 17
106 18 106 18
106 18 106 19
106 18 107 18
95 17 95 16
95 17 95 17
95 17 95 18
95 17 96 17
113 4 112 4
113 4 113 3
113 4 113 4
113 4 113 5
113 4 114 4
108 2 108 1
108 2 108 2
108 2 108 3
108 2 109 2
95 29 95 28
95 29 95 29
95 29 96 29
107 8 106 8
107 8 107 7
107 8 107 8
107 8 107 9
107 8 108 8
117 12 116 12
117 12 117 12
117 12 117 13
117 12 118 12
113 1 112 1
113 1 113 1
113 1 113 2
113 1 114 1
114 15 113 15
114 15 114 14
114 15 114 15
114 15 114 16
114 15 115 15
91 28 90 28
91 28 91 27
91 28 91 28
91 28 91 29
91 28 92 28
113 23 112 23
113 23 113 22
113 23 113 23
113 23 113 24
113 23 114 23
102 11 101 11
102 11 102 10
102 11 102 11
102 11 103 11
119 4 118 4
119 4 119 3
119 4 119 4
119 4 119 5
102 2 101 2
102 2 102 1
102 2 102 2
102 2 102 3
102 2 103 2
98 24 97 24
98 24 98 23
98 24 98 24
98 24 98 25
98 24 99 24
107 9 106 9
107 9 107 8
107 9 107 9
107 9 107 10
107 9 108 9
109 9 108 9
109 9 109 8
109 9 109 9
109 9 109 10
109 9 110 9
111 20 110 20
111 20 111 19
111 20 111 20
111 20 111 21
111 20 112 20
118 17 117 17
118 17 118 16
118 17 118 17
118 17 118 18
118 17 119 17
97 14 96 14
97 14 97 13
97 14 97 14
97 14 97 15
97 14 98 14
108 10 107 10
108 10 108 9
108 10 108 10
108 10 108 11
108 10 109 10
109 7 108 7
109 7 109 6
109 7 109 7
109 7 109 8
109 7 110 7
119 0 118 0
119 0 119 0
119 0 119 1
107 16 106 16
107 16 107 15
107 16 107 16
107 16 107 17
107 16 108 16
97 27 96 27
97 27 97 26
97 27 97 27
97 27 97 28
103 13 102 13
103 13 103 12
103 13 103 13
103 13 103 14
103 13 104 13
113 21 112 21
113 21 113 20
113 21 113 21
113 21 113 22
113 21 114 21
107 1 106 1
107 1 107 0
107 1 107 1
107 1 108 1
111 16 110 16
111 16 111 15
111 16 111 16
111 16 111 17
111 16 112 16
92 24 91 24
92 24 92 24
92 24 92 25
92 24 93 24
107 11 106 11
107 11 107 10
107 11 107 11
107 11 107 12
107 11 108 11
98 8 97 8
98 8 98 7
98 8 98 8
98 8 98 9
98 8 99 8
111 7 110 7
111 7 111 6
111 7 111 7
111 7 111 8
111 7 112 7
103 7 102 7
103 7 103 6
103 7 103 7
103 7 103 8
103 7 104 7
103 16 102 16
103 16 103 15
103 16 103 16
103 16 103 17
103 16 104 16
97 10 96 10
97 10 97 9
97 10 97 10
97 10 97 11
97 10 98 10
114 20 113 20
114 20 114 20
114 20 114 21
114 20 115 20
116 6 115 6
116 6 116 5
116 6 116 6
116 6 116 7
116 6 117 6
92 29 91 29
92 29 92 28
92 29 92 29
92 29 93 29
109 19 108 19
109 19 109 18
109 19 109 19
109 19 109 20
109 19 110 19
103 8 102 8
103 8 103 7
103 8 103 8
103 8 103 9
103 8 104 8
112 15 111 15
112 15 112 14
112 15 112 15
112 15 112 16
112 15 113 15
104 23 103 23
104 23 104 22
104 23 104 23
104 23 104 24
104 23 105 23
94 28 93 28
94 28 94 27
94 28 94 28
94 28 95 28
105 5 104 5
105 5 105 4
105 5 105 5
105 5 105 6
105 5 106 5
100 14 99 14
100 14 100 13
100 14 100 14
100 14 100 15
100 14 101 14
113 24 112 24
113 24 113 23
113 24 113 24
113 24 113 25
113 24 114 24
98 3 97 3
98 3 98 2
98 3 98 3
98 3 98 4
98 3 99 3
104 1 103 1
104 1 104 0
104 1 104 1
104 1 104 2
104 1 105 1
109 1 108 1
109 1 109 0
109 1 109 1
109 1 109 2
109 1 110 1
117 1 116 1
117 1 117 0
117 1 117 1
117 1 117 2
117 1 118 1
114 9 113 9
114 9 114 8
114 9 114 9
114 9 114 10
114 9 115 9
95 25 94 25
95 25 95 24
95 25 95 25
95 25 96 25
97 29 96 29
97 29 97 28
97 29 97 29
96 20 95 20
96 20 96 19
96 20 96 20
96 20 96 21
96 20 97 20
115 22 114 22
115 22 115 21
115 22 115 22
115 22 115 23
115 22 116 22
106 16 105 16
106 16 106 15
106 16 106 16
106 16 106 17
106 16 107 16
116 12 116 11
116 12 116 12
116 12 116 13
116 12 117 12
116 8 115 8
116 8 116 7
116 8 116 8
116 8 116 9
116 8 117 8
110 22 109 22
110 22 110 21
110 22 110 22
110 22 110 23
110 22 111 22
109 12 108 12
109 12 109 11
109 12 109 12
109 12 109 13
109 12 110 12
112 19 111 19
112 19 112 18
112 19 112 19
112 19 112 20
112 19 113 19
110 14 109 14
110 14 110 13
110 14 110 14
110 14 110 15
110 14 111 14
100 2 99 2
100 2 100 1
100 2 100 2
100 2 100 3
100 2 101 2
119 15 118 15
119 15 119 15
119 15 119 16
105 25 104 25
105 25 105 24
105 25 105 25
105 25 106 25
107 14 106 14
107 14 107 13
107 14 107 14
107 14 107 15
118 12 117 12
118 12 118 11
118 12 118 12
118 12 118 13
118 12 119 12
107 5 106 5
107 5 107 4
107 5 107 5
107 5 107 6
107 5 108 5
118 11 118 10
118 11 118 11
118 11 118 12
109 24 108 24
109 24 109 23
109 24 109 24
109 24 109 25
109 24 110 24
101 13 100 13
101 13 101 13
101 13 101 14
101 13 102 13
103 2 102 2
103 2 103 1
103 2 103 2
103 2 103 3
103 2 104 2
117 10 116 10
117 10 117 9
117 10 117 10
117 10 118 10
112 12 111 12
112 12 112 11
112 12 112 12
112 12 112 13
112 12 113 12
114 0 114 0
114 0 114 1
114 0 115 0
115 8 114 8
115 8 115 7
115 8 115 8
115 8 115 9
115 8 116 8
102 13 101 13
102 13 102 13
102 13 102 14
102 13 103 13
115 3 114 3
115 3 115 2
115 3 115 3
115 3 116 3
95 1 95 0
95 1 95 1
95 1 95 2
95 1 96 1
105 20 104 20
105 20 105 19
105 20 105 20
105 20 105 21
105 20 106 20
113 10 112 10
113 10 113 9
113 10 113 10
113 10 113 11
113 10 114 10
111 15 110 15
111 15 111 14
111 15 111 15
111 15 111 16
111 15 112 15
115 16 114 16
115 16 115 15
115 16 115 16
115 16 115 17
115 16 116 16
116 26 115 26
116 26 116 25
116 26 116 26
116 26 116 27
116 26 117 26
115 19 115 18
115 19 115 19
115 19 115 20
115 19 116 19
116 13 115 13
116 13 116 12
116 13 116 13
116 13 116 14
116 13 117 13
118 10 117 10
118 10 118 9
118 10 118 10
118 10 118 11
118 10 119 10
100 5 99 5
100 5 100 4
100 5 100 5
100 5 101 5
118 25 117 25
118 25 118 24
118 25 118 25
118 25 118 26
118 25 119 25
116 1 115 1
116 1 116 0
116 1 116 1
116 1 116 2
116 1 117 1
119 29 118 29
119 29 119 28
119 29 119 29
107 17 106 17
107 17 107 16
107 17 107 17
107 17 107 18
107 17 108 17
113 17 112 17
113 17 113 16
113 17 113 17
113 17 113 18
113 17 114 17
112 6 111 6
112 6 112 5
112 6 112 6
112 6 112 7
112 6 113 6
116 22 115 22
116 22 116 21
116 22 116 22
116 22 116 23
116 22 117 22
115 24 114 24
115 24 115 23
115 24 115 24
115 24 115 25
115 24 116 24
119 17 118 17
119 17 119 16
119 17 119 17
119 17 119 18
119 8 118 8
119 8 119 7
119 8 119 8
119 8 119 9
114 10 113 10
114 10 114 9
114 10 114 10
114 10 114 11
114 10 115 10
116 15 115 15
116 15 116 14
116 15 116 15
116 15 116 16
116 15 117 15
111 14 110 14
111 14 111 13
111 14 111 14
111 14 111 15
111 14 112 14
111 0 110 0
111 0 111 0
111 0 112 0
106 10 105 10
106 10 106 9
106 10 106 10
106 10 106 11
106 10 107 10
113 15 112 15
113 15 113 14
113 15 113 15
113 15 113 16
113 15 114 15
91 24 90 24
91 24 91 24
91 24 91 25
91 24 92 24
119 22 118 22
119 22 119 21
119 22 119 22
119 22 119 23
117 15 116 15
117 15 117 14
117 15 117 15
117 15 117 16
117 15 118 15
104 4 103 4
104 4 104 3
104 4 104 4
104 4 104 5
104 4 105 4
96 21 95 21
96 21 96 20
96 21 96 21
96 21 96 22
96 21 97 21
106 15 105 15
106 15 106 14
106 15 106 15
106 15 106 16
106 15 107 15
108 5 107 5
108 5 108 5
108 5 108 6
110 3 109 3
110 3 110 2
110 3 110 3
110 3 110 4
110 3 111 3
112 20 111 20
112 20 112 19
112 20 112 20
112 20 112 21
112 20 113 20
113 13 112 13
113 13 113 12
113 13 113 13
113 13 113 14
113 13 114 13
96 10 95 10
96 10 96 9
96 10 96 10
96 10 96 11
96 10 97 10
105 8 104 8
105 8 105 7
105 8 105 8
105 8 105 9
105 8 106 8
113 2 112 2
113 2 113 1
113 2 113 2
113 2 113 3
113 2 114 2
108 17 107 17
108 17 108 16
108 17 108 17
108 17 109 17
110 17 109 17
110 17 110 16
110 17 110 17
110 17 110 18
110 17 111 17
100 11 100 10
100 11 100 11
100 11 100 12
100 11 101 11
99 2 98 2
99 2 99 1
99 2 99 2
99 2 99 3
99 2 100 2
117 0 116 0
117 0 117 0
117 0 117 1
117 0 118 0
98 10 97 10
98 10 98 9
98 10 98 10
98 10 98 11
98 10 99 10
111 18 110 18
111 18 111 17
111 18 111 18
111 18 111 19
111 18 112 18
115 6 114 6
115 6 115 5
115 6 115 6
115 6 115 7
115 6 116 6
96 7 95 7
96 7 96 7
96 7 96 8
96 7 97 7
97 1 96 1
97 1 97 1
97 1 97 2
97 1 98 1
116 5 115 5
116 5 116 4
116 5 116 5
116 5 116 6
116 5 117 5
100 16 99 16
100 16 100 15
100 16 100 16
100 16 100 17
100 16 101 16
95 0 95 0
95 0 95 1
95 0 96 0
115 28 114 28
115 28 115 27
115 28 115 28
115 28 115 29
115 28 116 28
103 19 102 19
103 19 103 18
103 19 103 19
103 19 103 20
103 19 104 19
97 26 96 26
97 26 97 25
97 26 97 26
97 26 97 27
106 8 105 8
106 8 106 7
106 8 106 8
106 8 106 9
106 8 107 8
96 9 95 9
96 9 96 8
96 9 96 9
96 9 96 10
96 9 97 9
114 6 113 6
114 6 114 5
114 6 114 6
114 6 114 7
114 6 115 6
114 1 113 1
114 1 114 0
114 1 114 1
114 1 114 2
114 1 115 1
107 3 106 3
107 3 107 3
107 3 107 4
107 3 108 3
110 9 109 9
110 9 110 8
110 9 110 9
110 9 110 10
110 9 111 9
100 21 99 21
100 21 100 20
100 21 100 21
100 21 100 22
100 21 101 21
105 15 105 14
105 15 105 15
105 15 105 16
105 15 106 15
100 7 99 7
100 7 100 7
100 7 101 7
107 23 106 23
107 23 107 22
107 23 107 23
107 23 107 24
107 23 108 23
97 3 96 3
97 3 97 2
97 3 97 3
97 3 97 4
97 3 98 3
103 0 102 0
103 0 103 0
103 0 103 1
103 0 104 0
119 23 118 23
119 23 119 22
119 23 119 23
119 23 119 24
117 25 116 25
117 25 117 24
117 25 117 25
117 25 117 26
117 25 118 25
102 21 101 21
102 21 102 20
102 21 102 21
102 21 102 22
102 21 103 21
119 10 118 10
119 10 119 9
119 10 119 10
115 9 114 9
115 9 115 8
115 9 115 9
115 9 115 10
115 9 116 9
97 4 96 4
97 4 97 3
97 4 97 4
97 4 97 5
97 4 98 4
115 18 114 18
115 18 115 17
115 18 115 18
115 18 115 19
115 18 116 18
112 18 111 18
112 18 112 17
112 18 112 18
112 18 112 19
112 18 113 18
104 8 103 8
104 8 104 7
104 8 104 8
104 8 104 9
104 8 105 8
102 24 101 24
102 24 102 23
102 24 102 24
102 24 102 25
102 24 103 24
95 19 95 18
95 19 95 19
95 19 95 20
95 19 96 19
103 17 102 17
103 17 103 16
103 17 103 17
103 17 103 18
103 17 104 17
99 15 98 15
99 15 99 14
99 15 99 15
99 15 99 16
99 15 100 15
104 20 103 20
104 20 104 19
104 20 104 20
104 20 104 21
104 20 105 20
114 7 113 7
114 7 114 6
114 7 114 7
114 7 114 8
114 7 115 7
104 19 103 19
104 19 104 19
104 19 104 20
104 19 105 19
112 16 111 16
112 16 112 15
112 16 112 16
112 16 112 17
112 16 113 16
115 26 114 26
115 26 115 25
115 26 115 26
115 26 115 27
115 26 116 26
119 6 119 5
119 6 119 6
119 6 119 7
119 21 118 21
119 21 119 20
119 21 119 21
119 21 119 22
108 9 107 9
108 9 108 8
108 9 108 9
108 9 108 10
108 9 109 9
97 21 96 21
97 21 97 20
97 21 97 21
97 21 97 22
97 21 98 21
101 20 100 20
101 20 101 19
101 20 101 20
101 20 101 21
101 20 102 20
105 9 104 9
105 9 105 8
105 9 105 9
105 9 105 10
105 9 106 9
115 15 114 15
115 15 115 14
115 15 115 15
115 15 115 16
115 15 116 15
109 17 108 17
109 17 109 16
109 17 109 17
109 17 109 18
109 17 110 17
107 22 106 22
107 22 107 21
107 22 107 22
107 22 107 23
107 22 108 22
116 2 115 2
116 2 116 1
116 2 116 2
116 2 116 3
116 2 117 2
98 23 98 22
98 23 98 23
98 23 98 24
98 23 99 23
110 10 109 10
110 10 110 9
110 10 110 10
110 10 110 11
110 10 111 10
116 17 115 17
116 17 116 16
116 17 116 17
116 17 116 18
116 17 117 17
114 8 114 7
114 8 114 8
114 8 114 9
114 8 115 8
99 7 98 7
99 7 99 6
99 7 99 7
99 7 99 8
99 7 100 7
96 17 95 17
96 17 96 16
96 17 96 17
96 17 96 18
96 17 97 17
96 19 95 19
96 19 96 18
96 19 96 19
96 19 96 20
96 19 97 19
98 1 97 1
98 1 98 0
98 1 98 1
98 1 98 2
98 1 99 1
101 0 100 0
101 0 101 0
101 0 101 1
101 0 102 0
112 21 111 21
112 21 112 20
112 21 112 21
112 21 112 22
112 21 113 21
106 14 105 14
106 14 106 13
106 14 106 14
106 14 106 15
106 14 107 14
97 5 96 5
97 5 97 4
97 5 97 5
97 5 97 6
97 5 98 5
108 19 107 19
108 19 108 19
108 19 108 20
108 19 109 19
115 0 114 0
115 0 115 0
115 0 115 1
115 0 116 0
110 16 109 16
110 16 110 15
110 16 110 16
110 16 110 17
110 16 111 16
111 22 110 22
111 22 111 21
111 22 111 22
111 22 111 23
111 22 112 22
114 25 113 25
114 25 114 24
114 25 114 25
114 25 114 26
114 25 115 25
101 11 100 11
101 11 101 10
101 11 101 11
101 11 102 11
104 21 103 21
104 21 104 20
104 21 104 21
104 21 104 22
104 21 105 21
112 7 111 7
112 7 112 6
112 7 112 7
112 7 112 8
112 7 113 7
109 2 108 2
109 2 109 1
109 2 109 2
109 2 109 3
109 2 110 2
96 28 95 28
96 28 96 27
96 28 96 28
96 28 96 29
96 28 97 28
113 5 112 5
113 5 113 4
113 5 113 5
113 5 113 6
113 5 114 5
113 25 112 25
113 25 113 24
113 25 113 25
113 25 114 25
106 6 105 6
106 6 106 5
106 6 106 6
106 6 106 7
106 6 107 6
99 0 98 0
99 0 99 0
99 0 99 1
99 0 100 0
100 10 99 10
100 10 100 9
100 10 100 10
100 10 100 11
100 10 101 10
100 12 99 12
100 12 100 11
100 12 100 12
100 12 100 13
118 1 117 1
118 1 118 0
118 1 118 1
118 1 118 2
118 1 119 1
113 11 112 11
113 11 113 10
113 11 113 11
113 11 113 12
113 11 114 11
114 28 114 27
114 28 114 28
114 28 114 29
114 28 115 28
95 2 95 1
95 2 95 2
95 2 95 3
111 6 110 6
111 6 111 5
111 6 111 6
111 6 111 7
111 6 112 6
114 14 113 14
114 14 114 13
114 14 114 14
114 14 114 15
114 14 115 14
108 8 107 8
108 8 108 7
108 8 108 8
108 8 108 9
108 8 109 8
113 12 112 12
113 12 113 11
113 12 113 12
113 12 113 13
113 12 114 12
95 13 95 12
95 13 95 13
95 13 95 14
95 13 96 13
103 22 102 22
103 22 103 21
103 22 103 22
103 22 103 23
103 22 104 22
95 27 94 27
95 27 95 27
95 27 95 28
95 27 96 27
117 23 116 23
117 23 117 22
117 23 117 23
117 23 117 24
117 23 118 23
99 14 98 14
99 14 99 13
99 14 99 14
99 14 99 15
99 14 100 14
114 5 113 5
114 5 114 4
114 5 114 5
114 5 114 6
114 5 115 5
102 17 101 17
102 17 102 16
102 17 102 17
102 17 102 18
102 17 103 17
109 0 108 0
109 0 109 0
109 0 109 1
109 0 110 0
108 25 107 25
108 25 108 24
108 25 108 25
108 25 109 25
116 27 115 27
116 27 116 26
116 27 116 27
116 27 116 28
116 27 117 27
111 19 110 19
111 19 111 18
111 19 111 19
111 19 111 20
111 19 112 19
105 19 104 19
105 19 105 18
105 19 105 19
105 19 105 20
105 19 106 19
115 2 114 2
115 2 115 1
115 2 115 2
115 2 115 3
115 2 116 2
114 27 114 26
114 27 114 27
114 27 114 28
114 27 115 27
90 24 90 24
90 24 91 24
99 12 98 12
99 12 99 12
99 12 99 13
99 12 100 12
119 3 118 3
119 3 119 2
119 3 119 3
119 3 119 4
107 19 106 19
107 19 107 18
107 19 107 19
107 19 107 20
107 19 108 19
117 21 116 21
117 21 117 20
117 21 117 21
117 21 117 22
117 21 118 21
101 18 100 18
101 18 101 17
101 18 101 18
101 18 101 19
101 18 102 18
90 28 90 27
90 28 90 28
90 28 90 29
90 28 91 28
99 4 98 4
99 4 99 3
99 4 99 4
99 4 99 5
99 4 100 4
105 22 104 22
105 22 105 21
105 22 105 22
105 22 105 23
105 22 106 22
113 16 112 16
113 16 113 15
113 16 113 16
113 16 113 17
113 16 114 16
107 13 106 13
107 13 107 12
107 13 107 13
107 13 107 14
107 13 108 13
102 0 101 0
102 0 102 0
102 0 102 1
102 0 103 0
112 11 111 11
112 11 112 10
112 11 112 11
112 11 112 12
112 11 113 11
117 24 116 24
117 24 117 23
117 24 117 24
117 24 117 25
117 24 118 24
117 17 116 17
117 17 117 16
117 17 117 17
117 17 117 18
117 17 118 17
113 6 112 6
113 6 113 5
113 6 113 6
113 6 113 7
113 6 114 6
105 17 104 17
105 17 105 16
105 17 105 17
105 17 105 18
105 17 106 17
117 8 116 8
117 8 117 7
117 8 117 8
117 8 117 9
117 8 118 8
101 3 100 3
101 3 101 2
101 3 101 3
101 3 101 4
101 3 102 3
101 8 101 7
101 8 101 8
101 8 101 9
101 8 102 8
109 11 108 11
109 11 109 10
109 11 109 11
109 11 109 12
109 11 110 11
95 3 95 2
95 3 95 3
95 3 95 4
95 3 96 3
102 3 101 3
102 3 102 2
102 3 102 3
102 3 102 4
102 3 103 3
109 15 108 15
109 15 109 14
109 15 109 15
109 15 109 16
109 15 110 15
117 29 116 29
117 29 117 28
117 29 117 29
117 29 118 29
117 7 116 7
117 7 117 6
117 7 117 7
117 7 117 8
117 7 118 7
99 18 98 18
99 18 99 17
99 18 99 18
99 18 99 19
99 18 100 18
97 20 96 20
97 20 97 19
97 20 97 20
97 20 97 21
97 20 98 20
99 24 98 24
99 24 99 23
99 24 99 24
99 24 99 25
99 24 100 24
104 5 104 4
104 5 104 5
104 5 104 6
104 5 105 5
102 15 101 15
102 15 102 14
102 15 102 15
102 15 102 16
102 15 103 15
108 1 107 1
108 1 108 0
108 1 108 1
108 1 108 2
108 1 109 1
108 6 107 6
108 6 108 5
108 6 108 6
108 6 108 7
108 6 109 6
96 14 95 14
96 14 96 13
96 14 96 14
96 14 96 15
96 14 97 14
94 27 93 27
94 27 94 26
94 27 94 27
94 27 94 28
94 27 95 27
109 13 108 13
109 13 109 12
109 13 109 13
109 13 109 14
109 13 110 13
98 9 97 9
98 9 98 8
98 9 98 9
98 9 98 10
98 9 99 9
98 16 97 16
98 16 98 15
98 16 98 16
98 16 98 17
98 16 99 16
99 9 98 9
99 9 99 8
99 9 99 9
99 9 99 10
99 9 100 9
111 21 110 21
111 21 111 20
111 21 111 21
111 21 111 22
111 21 112 21
102 1 101 1
102 1 102 0
102 1 102 1
102 1 102 2
102 1 103 1
100 22 99 22
100 22 100 21
100 22 100 22
100 22 100 23
100 22 101 22
97 24 96 24
97 24 97 24
97 24 97 25
97 24 98 24
117 13 116 13
117 13 117 12
117 13 117 13
117 13 117 14
117 13 118 13
104 14 103 14
104 14 104 13
104 14 104 14
104 14 105 14
106 20 105 20
106 20 106 19
106 20 106 20
106 20 106 21
106 20 107 20
114 21 113 21
114 21 114 20
114 21 114 21
114 21 114 22
114 21 115 21
119 2 118 2
119 2 119 1
119 2 119 2
119 2 119 3
104 13 103 13
104 13 104 12
104 13 104 13
104 13 104 14
104 13 105 13
114 13 113 13
114 13 114 12
114 13 114 13
114 13 114 14
114 13 115 13
98 0 98 0
98 0 98 1
98 0 99 0
104 17 103 17
104 17 104 16
104 17 104 17
104 17 105 17
100 15 99 15
100 15 100 14
100 15 100 15
100 15 100 16
100 15 101 15
118 9 117 9
118 9 118 8
118 9 118 9
118 9 118 10
118 9 119 9
109 23 108 23
109 23 109 22
109 23 109 23
109 23 109 24
109 23 110 23
100 3 99 3
100 3 100 2
100 3 100 3
100 3 100 4
100 3 101 3
119 1 118 1
119 1 119 0
119 1 119 1
119 1 119 2
103 15 102 15
103 15 103 14
103 15 103 15
103 15 103 16
110 2 109 2
110 2 110 1
110 2 110 2
110 2 110 3
110 2 111 2
109 16 108 16
109 16 109 15
109 16 109 16
109 16 109 17
109 16 110 16
103 3 102 3
103 3 103 2
103 3 103 3
103 3 103 4
103 3 104 3
98 21 97 21
98 21 98 20
98 21 98 21
98 21 98 22
98 21 99 21
96 1 95 1
96 1 96 0
96 1 96 1
96 1 97 1
90 27 90 27
90 27 90 28
90 27 91 27
118 13 117 13
118 13 118 12
118 13 118 13
118 13 118 14
118 13 119 13
95 28 94 28
95 28 95 27
95 28 95 28
95 28 95 29
95 28 96 28
101 16 100 16
101 16 101 15
101 16 101 16
101 16 101 17
101 16 102 16
95 23 95 22
95 23 95 23
95 23 95 24
95 23 96 23
117 3 116 3
117 3 117 2
117 3 117 3
117 3 117 4
117 3 118 3
118 21 117 21
118 21 118 20
118 21 118 21
118 21 118 22
118 21 119 21
99 3 98 3
99 3 99 2
99 3 99 3
99 3 99 4
99 3 100 3
107 24 106 24
107 24 107 23
107 24 107 24
107 24 107 25
107 24 108 24
109 3 108 3
109 3 109 2
109 3 109 3
109 3 109 4
109 3 110 3
100 25 99 25
100 25 100 24
100 25 100 25
100 25 101 25
105 14 104 14
105 14 105 13
105 14 105 14
105 14 105 15
105 14 106 14
111 23 110 23
111 23 111 22
111 23 111 23
111 23 112 23
103 23 102 23
103 23 103 22
103 23 103 23
103 23 103 24
103 23 104 23
112 4 111 4
112 4 112 3
112 4 112 4
112 4 112 5
112 4 113 4
118 19 117 19
118 19 118 18
118 19 118 19
118 19 118 20
118 19 119 19
104 25 103 25
104 25 104 24
104 25 104 25
104 25 105 25
118 14 117 14
118 14 118 13
118 14 118 14
118 14 118 15
110 7 109 7
110 7 110 6
110 7 110 7
110 7 110 8
110 7 111 7
106 0 105 0
106 0 106 0
106 0 106 1
106 0 107 0
97 15 96 15
97 15 97 14
97 15 97 15
97 15 97 16
97 15 98 15
102 19 101 19
102 19 102 18
102 19 102 19
102 19 102 20
102 19 103 19
118 0 117 0
118 0 118 0
118 0 118 1
118 0 119 0
98 5 97 5
98 5 98 4
98 5 98 5
98 5 98 6
98 5 99 5
104 16 103 16
104 16 104 16
104 16 104 17
104 16 105 16
112 13 111 13
112 13 112 12
112 13 112 13
112 13 112 14
112 13 113 13
116 29 115 29
116 29 116 28
116 29 116 29
116 29 117 29
119 5 118 5
119 5 119 4
119 5 119 5
119 5 119 6
113 18 112 18
113 18 113 17
113 18 113 18
113 18 113 19
113 18 114 18
106 22 105 22
106 22 106 21
106 22 106 22
106 22 106 23
106 22 107 22
113 9 112 9
113 9 113 9
113 9 113 10
113 9 114 9
100 19 99 19
100 19 100 18
100 19 100 19
100 19 100 20
100 19 101 19
110 5 110 4
110 5 110 5
110 5 110 6
110 5 111 5
97 25 96 25
97 25 97 24
97 25 97 25
97 25 97 26
97 25 98 25
97 6 97 5
97 6 97 6
97 6 97 7
97 6 98 6
107 18 106 18
107 18 107 17
107 18 107 18
107 18 107 19
118 7 117 7
118 7 118 7
118 7 118 8
118 7 119 7
98 12 97 12
98 12 98 11
98 12 98 12
98 12 98 13
98 12 99 12
113 20 112 20
113 20 113 19
113 20 113 20
113 20 113 21
113 20 114 20
108 0 107 0
108 0 108 0
108 0 108 1
108 0 109 0
108 16 107 16
108 16 108 15
108 16 108 16
108 16 108 17
108 16 109 16
102 6 101 6
102 6 102 5
102 6 102 6
102 6 102 7
102 6 103 6
119 18 118 18
119 18 119 17
119 18 119 18
119 18 119 19
100 1 99 1
100 1 100 0
100 1 100 1
100 1 100 2
100 1 101 1
103 21 102 21
103 21 103 20
103 21 103 21
103 21 103 22
103 21 104 21
99 16 98 16
99 16 99 15
99 16 99 16
99 16 99 17
99 16 100 16
116 23 115 23
116 23 116 22
116 23 116 23
116 23 116 24
116 23 117 23
97 7 96 7
97 7 97 6
97 7 97 7
97 7 97 8
97 7 98 7
119 13 118 13
119 13 119 12
119 13 119 13
114 4 113 4
114 4 114 3
114 4 114 4
114 4 114 5
103 14 102 14
103 14 103 13
103 14 103 14
103 14 103 15
103 14 104 14
105 12 104 12
105 12 105 11
105 12 105 12
105 12 105 13
105 12 106 12
101 22 100 22
101 22 101 21
101 22 101 22
101 22 101 23
101 22 102 22
96 4 95 4
96 4 96 3
96 4 96 4
96 4 96 5
96 4 97 4
114 16 113 16
114 16 114 15
114 16 114 16
114 16 114 17
114 16 115 16
103 25 102 25
103 25 103 24
103 25 103 25
103 25 104 25
96 26 96 25
96 26 96 26
96 26 96 27
96 26 97 26
107 7 106 7
107 7 107 6
107 7 107 7
107 7 107 8
107 7 108 7
101 21 100 21
101 21 101 20
101 21 101 21
101 21 101 22
101 21 102 21
99 5 98 5
99 5 99 4
99 5 99 5
99 5 99 6
99 5 100 5
100 24 99 24
100 24 100 23
100 24 100 24
100 24 100 25
100 24 101 24
106 3 105 3
106 3 106 2
106 3 106 3
106 3 106 4
106 3 107 3
110 25 109 25
110 25 110 24
110 25 110 25
110 25 111 25
111 5 110 5
111 5 111 4
111 5 111 5
111 5 111 6
111 5 112 5
97 12 97 11
97 12 97 12
97 12 97 13
97 12 98 12
108 13 107 13
108 13 108 12
108 13 108 13
108 13 109 13
91 25 91 24
91 25 91 25
91 25 91 26
91 25 92 25
112 10 111 10
112 10 112 9
112 10 112 10
112 10 112 11
112 10 113 10
107 12 106 12
107 12 107 11
107 12 107 12
107 12 107 13
107 12 108 12
114 18 113 18
114 18 114 17
114 18 114 18
114 18 115 18
116 7 115 7
116 7 116 6
116 7 116 7
116 7 116 8
116 7 117 7
93 28 92 28
93 28 93 27
93 28 93 28
93 28 93 29
93 28 94 28
112 0 111 0
112 0 112 0
112 0 112 1
104 24 103 24
104 24 104 23
104 24 104 24
104 24 104 25
104 24 105 24
95 7 95 6
95 7 95 7
95 7 95 8
95 7 96 7
95 22 95 21
95 22 95 22
95 22 95 23
95 22 96 22
98 6 97 6
98 6 98 5
98 6 98 6
98 6 98 7
98 6 99 6
119 9 118 9
119 9 119 8
119 9 119 9
119 9 119 10
98 17 97 17
98 17 98 16
98 17 98 17
98 17 98 18
98 17 99 17
112 3 111 3
112 3 112 2
112 3 112 3
112 3 112 4
112 3 113 3
106 1 105 1
106 1 106 0
106 1 106 1
106 1 106 2
106 1 107 1
99 13 98 13
99 13 99 12
99 13 99 13
99 13 99 14
99 13 100 13
104 7 103 7
104 7 104 6
104 7 104 7
104 7 104 8
104 7 105 7
96 25 95 25
96 25 96 24
96 25 96 25
96 25 96 26
96 25 97 25
114 23 113 23
114 23 114 22
114 23 114 23
114 23 114 24
114 23 115 23
109 22 108 22
109 22 109 21
109 22 109 22
109 22 109 23
109 22 110 22
96 27 95 27
96 27 96 26
96 27 96 27
96 27 96 28
96 27 97 27
106 23 105 23
106 23 106 22
106 23 106 23
106 23 106 24
106 23 107 23
116 18 115 18
116 18 116 17
116 18 116 18
116 18 116 19
116 18 117 18
95 20 95 19
95 20 95 20
95 20 95 21
95 20 96 20
109 10 108 10
109 10 109 9
109 10 109 10
109 10 109 11
109 10 110 10
98 7 97 7
98 7 98 6
98 7 98 7
98 7 98 8
98 7 99 7
108 3 107 3
108 3 108 2
108 3 108 3
108 3 109 3
96 13 95 13
96 13 96 13
96 13 96 14
96 13 97 13
98 11 97 11
98 11 98 10
98 11 98 11
98 11 98 12
112 22 111 22
112 22 112 21
112 22 112 22
112 22 112 23
112 22 113 22
103 18 102 18
103 18 103 17
103 18 103 18
103 18 103 19
107 21 106 21
107 21 107 20
107 21 107 21
107 21 107 22
107 21 108 21
117 4 116 4
117 4 117 3
117 4 117 4
117 4 117 5
117 4 118 4
96 18 95 18
96 18 96 17
96 18 96 18
96 18 96 19
96 18 97 18
101 6 101 5
101 6 101 6
101 6 101 7
101 6 102 6
92 27 91 27
92 27 92 26
92 27 92 27
92 27 92 28
92 27 93 27
101 4 100 4
101 4 101 3
101 4 101 4
101 4 101 5
101 4 102 4
101 15 100 15
101 15 101 14
101 15 101 15
101 15 101 16
101 15 102 15
105 3 104 3
105 3 105 2
105 3 105 3
105 3 105 4
105 3 106 3
116 28 115 28
116 28 116 27
116 28 116 28
116 28 116 29
116 28 117 28
118 2 117 2
118 2 118 1
118 2 118 2
118 2 118 3
118 2 119 2
101 10 100 10
101 10 101 9
101 10 101 10
101 10 101 11
101 10 102 10
119 12 118 12
119 12 119 12
119 12 119 13
98 25 97 25
98 25 98 24
98 25 98 25
98 25 99 25
107 20 106 20
107 20 107 19
107 20 107 20
107 20 107 21
107 20 108 20
95 18 95 17
95 18 95 18
95 18 95 19
95 18 96 18
119 16 118 16
119 16 119 15
119 16 119 16
119 16 119 17
95 8 95 7
95 8 95 8
95 8 95 9
95 8 96 8
99 25 98 25
99 25 99 24
99 25 99 25
99 25 100 25
101 23 100 23
101 23 101 22
101 23 101 23
101 23 101 24
101 23 102 23
113 3 112 3
113 3 113 2
113 3 113 3
113 3 113 4
113 3 114 3
110 15 109 15
110 15 110 14
110 15 110 15
110 15 110 16
110 15 111 15
97 11 96 11
97 11 97 10
97 11 97 11
97 11 97 12
97 11 98 11
108 22 107 22
108 22 108 21
108 22 108 22
108 22 108 23
108 22 109 22
103 1 102 1
103 1 103 0
103 1 103 1
103 1 103 2
103 1 104 1
103 9 102 9
103 9 103 8
103 9 103 9
103 9 103 10
103 9 104 9
103 4 102 4
103 4 103 3
103 4 103 4
103 4 104 4
104 6 103 6
104 6 104 5
104 6 104 6
104 6 104 7
104 6 105 6
102 16 101 16
102 16 102 15
102 16 102 16
102 16 102 17
102 16 103 16
91 26 91 25
91 26 91 26
91 26 91 27
91 26 92 26
111 10 110 10
111 10 111 9
111 10 111 10
111 10 111 11
111 10 112 10
116 16 115 16
116 16 116 15
116 16 116 16
116 16 116 17
116 16 117 16
101 14 100 14
101 14 101 13
101 14 101 14
101 14 101 15
101 14 102 14
97 19 96 19
97 19 97 18
97 19 97 19
97 19 97 20
97 19 98 19
118 20 117 20
118 20 118 19
118 20 118 20
118 20 118 21
118 20 119 20
110 21 109 21
110 21 110 20
110 21 110 21
110 21 110 22
110 21 111 21
114 3 113 3
114 3 114 2
114 3 114 3
114 3 114 4
114 3 115 3
112 9 111 9
112 9 112 8
112 9 112 9
112 9 112 10
112 9 113 9
99 6 98 6
99 6 99 5
99 6 99 6
99 6 99 7
115 14 114 14
115 14 115 13
115 14 115 14
115 14 115 15
115 14 116 14
101 19 100 19
101 19 101 18
101 19 101 19
101 19 101 20
101 19 102 19
117 26 116 26
117 26 117 25
117 26 117 26
117 26 117 27
117 26 118 26
117 14 116 14
117 14 117 13
117 14 117 14
117 14 117 15
117 14 118 14
105 21 104 21
105 21 105 20
105 21 105 21
105 21 105 22
105 21 106 21
106 12 105 12
106 12 106 11
106 12 106 12
106 12 106 13
106 12 107 12
117 5 116 5
117 5 117 4
117 5 117 5
117 5 117 6
117 5 118 5
114 2 113 2
114 2 114 1
114 2 114 2
114 2 114 3
114 2 115 2
104 9 103 9
104 9 104 8
104 9 104 9
104 9 104 10
104 9 105 9
95 16 95 15
95 16 95 16
95 16 95 17
95 16 96 16
104 2 103 2
104 2 104 1
104 2 104 2
104 2 104 3
104 2 105 2
95 15 95 14
95 15 95 15
95 15 95 16
95 15 96 15
93 27 92 27
93 27 93 26
93 27 93 27
93 27 93 28
93 27 94 27
99 10 98 10
99 10 99 9
99 10 99 10
99 10 100 10
98 22 97 22
98 22 98 21
98 22 98 22
98 22 98 23
98 22 99 22
98 20 97 20
98 20 98 19
98 20 98 20
98 20 98 21
98 20 99 20
90 29 90 28
90 29 90 29
90 29 91 29
95 21 95 20
95 21 95 21
95 21 95 22
95 21 96 21
95 24 94 24
95 24 95 23
95 24 95 24
95 24 95 25
95 24 96 24
112 14 111 14
112 14 112 13
112 14 112 14
112 14 112 15
112 14 113 14
106 21 105 21
106 21 106 20
106 21 106 21
106 21 106 22
106 21 107 21
112 2 111 2
112 2 112 1
112 2 112 2
112 2 112 3
112 2 113 2
103 11 102 11
103 11 103 10
103 11 103 11
103 11 103 12
103 11 104 11
118 3 117 3
118 3 118 2
118 3 118 3
118 3 118 4
118 3 119 3
93 24 92 24
93 24 93 24
93 24 93 25
93 24 94 24
112 8 111 8
112 8 112 7
112 8 112 8
112 8 112 9
105 0 104 0
105 0 105 0
105 0 105 1
105 0 106 0
110 18 109 18
110 18 110 17
110 18 110 18
110 18 110 19
110 18 111 18
97 18 96 18
97 18 97 17
97 18 97 18
97 18 97 19
97 18 98 18
116 19 115 19
116 19 116 18
116 19 116 19
116 19 116 20
116 19 117 19
101 17 100 17
101 17 101 16
101 17 101 17
101 17 101 18
101 17 102 17
98 13 97 13
98 13 98 12
98 13 98 13
98 13 98 14
98 13 99 13
110 6 109 6
110 6 110 5
110 6 110 6
110 6 110 7
110 6 111 6
98 14 97 14
98 14 98 13
98 14 98 14
98 14 98 15
98 14 99 14
118 28 117 28
118 28 118 27
118 28 118 28
118 28 118 29
118 28 119 28
109 4 109 3
109 4 109 4
109 4 110 4
116 4 116 3
116 4 116 4
116 4 116 5
116 4 117 4
107 10 106 10
107 10 107 9
107 10 107 10
107 10 107 11
107 10 108 10
96 22 95 22
96 22 96 21
96 22 96 22
96 22 96 23
96 22 97 22
96 5 95 5
96 5 96 4
96 5 96 5
96 5 97 5
117 19 116 19
117 19 117 18
117 19 117 19
117 19 117 20
117 19 118 19
106 17 105 17
106 17 106 16
106 17 106 17
106 17 106 18
106 17 107 17
118 4 117 4
118 4 118 3
118 4 118 4
118 4 118 5
118 4 119 4
112 5 111 5
112 5 112 4
112 5 112 5
112 5 112 6
112 5 113 5
112 17 111 17
112 17 112 16
112 17 112 17
112 17 112 18
112 17 113 17
117 16 116 16
117 16 117 15
117 16 117 16
117 16 117 17
117 16 118 16
113 7 112 7
113 7 113 6
113 7 113 7
113 7 114 7
109 25 108 25
109 25 109 24
109 25 109 25
109 25 110 25
106 5 105 5
106 5 106 4
106 5 106 5
106 5 106 6
106 5 107 5
108 23 107 23
108 23 108 22
108 23 108 23
108 23 108 24
108 23 109 23
99 8 98 8
99 8 99 7
99 8 99 8
99 8 99 9
114 22 113 22
114 22 114 21
114 22 114 22
114 22 114 23
114 22 115 22
118 23 117 23
118 23 118 22
118 23 118 23
118 23 118 24
118 23 119 23
102 4 101 4
102 4 102 3
102 4 102 4
102 4 102 5
102 4 103 4
110 24 109 24
110 24 110 23
110 24 110 24
110 24 110 25
98 15 97 15
98 15 98 14
98 15 98 15
98 15 98 16
98 15 99 15
97 17 96 17
97 17 97 16
97 17 97 17
97 17 97 18
97 17 98 17
100 17 99 17
100 17 100 16
100 17 100 17
100 17 100 18
100 17 101 17
97 22 96 22
97 22 97 21
97 22 97 22
97 22 98 22
96 15 95 15
96 15 96 14
96 15 96 15
96 15 96 16
96 15 97 15
114 26 114 25
114 26 114 26
114 26 114 27
114 26 115 26
95 14 95 13
95 14 95 14
95 14 95 15
95 14 96 14
106 7 105 7
106 7 106 6
106 7 106 7
106 7 106 8
106 7 107 7
111 4 110 4
111 4 111 3
111 4 111 4
111 4 111 5
111 4 112 4
115 25 114 25
115 25 115 24
115 25 115 25
115 25 115 26
115 25 116 25
110 23 109 23
110 23 110 22
110 23 110 23
110 23 110 24
110 23 111 23
95 12 95 12
95 12 95 13
96 8 95 8
96 8 96 7
96 8 96 8
96 8 96 9
96 8 97 8
115 21 114 21
115 21 115 20
115 21 115 21
115 21 115 22
115 21 116 21
102 9 101 9
102 9 102 8
102 9 102 9
102 9 102 10
102 9 103 9
111 17 110 17
111 17 111 16
111 17 111 17
111 17 111 18
111 17 112 17
118 29 117 29
118 29 118 28
118 29 118 29
118 29 119 29
108 12 107 12
108 12 108 11
108 12 108 12
108 12 108 13
108 12 109 12
107 4 106 4
107 4 107 3
107 4 107 4
107 4 107 5
112 1 112 0
112 1 112 1
112 1 112 2
112 1 113 1
97 8 96 8
97 8 97 7
97 8 97 8
97 8 97 9
97 8 98 8
118 16 117 16
118 16 118 15
118 16 118 16
118 16 118 17
118 16 119 16
104 0 103 0
104 0 104 0
104 0 104 1
104 0 105 0
114 24 113 24
114 24 114 23
114 24 114 24
114 24 114 25
114 24 115 24
104 12 103 12
104 12 104 11
104 12 104 12
104 12 104 13
104 12 105 12
115 1 114 1
115 1 115 0
115 1 115 1
115 1 115 2
115 1 116 1
92 25 91 25
92 25 92 24
92 25 92 25
92 25 92 26
92 25 93 25
100 23 99 23
100 23 100 22
100 23 100 23
100 23 100 24
100 23 101 23
102 18 101 18
102 18 102 17
102 18 102 18
102 18 102 19
102 18 103 18
106 19 105 19
106 19 106 18
106 19 106 19
106 19 106 20
106 19 107 19
113 14 112 14
113 14 113 13
113 14 113 14
113 14 113 15
113 14 114 14
111 3 110 3
111 3 111 2
111 3 111 3
111 3 111 4
111 3 112 3
110 8 109 8
110 8 110 7
110 8 110 8
110 8 110 9
110 8 111 8
101 1 100 1
101 1 101 0
101 1 101 1
101 1 101 2
101 1 102 1
99 20 98 20
99 20 99 19
99 20 99 20
99 20 99 21
99 20 100 20
109 20 108 20
109 20 109 19
109 20 109 20
109 20 109 21
109 20 110 20
110 12 109 12
110 12 110 11
110 12 110 12
110 12 110 13
110 12 111 12
110 1 109 1
110 1 110 0
110 1 110 1
110 1 110 2
118 24 117 24
118 24 118 23
118 24 118 24
118 24 118 25
118 24 119 24
105 11 104 11
105 11 105 10
105 11 105 11
105 11 105 12
105 11 106 11
103 6 102 6
103 6 103 6
103 6 103 7
103 6 104 6
113 19 112 19
113 19 113 18
113 19 113 19
113 19 113 20
119 24 118 24
119 24 119 23
119 24 119 24
119 24 119 25
112 25 111 25
112 25 112 24
112 25 112 25
112 25 113 25
118 26 117 26
118 26 118 25
118 26 118 26
118 26 118 27
118 26 119 26
117 28 116 28
117 28 117 27
117 28 117 28
117 28 117 29
117 28 118 28
99 21 98 21
99 21 99 20
99 21 99 21
99 21 99 22
99 21 100 21
106 24 105 24
106 24 106 23
106 24 106 24
106 24 106 25
106 24 107 24
102 5 101 5
102 5 102 4
102 5 102 5
102 5 102 6
96 29 95 29
96 29 96 28
96 29 96 29
96 29 97 29
99 1 98 1
99 1 99 0
99 1 99 1
99 1 99 2
99 1 100 1
105 10 104 10
105 10 105 9
105 10 105 10
105 10 105 11
105 10 106 10
108 21 107 21
108 21 108 20
108 21 108 21
108 21 108 22
108 21 109 21
116 10 115 10
116 10 116 9
116 10 116 10
116 10 116 11
116 10 117 10
95 4 95 3
95 4 95 4
95 4 95 5
95 4 96 4
117 18 116 18
117 18 117 17
117 18 117 18
117 18 117 19
117 18 118 18
93 26 92 26
93 26 93 25
93 26 93 26
93 26 93 27
93 26 94 26
117 2 116 2
117 2 117 1
117 2 117 2
117 2 117 3
117 2 118 2
106 25 105 25
106 25 106 24
106 25 106 25
106 25 107 25
105 24 104 24
105 24 105 23
105 24 105 24
105 24 105 25
105 24 106 24
116 9 115 9
116 9 116 8
116 9 116 9
116 9 116 10
116 9 117 9
115 27 114 27
115 27 115 26
115 27 115 27
115 27 115 28
115 27 116 27
97 2 97 1
97 2 97 2
97 2 97 3
97 2 98 2
103 24 102 24
103 24 103 23
103 24 103 24
103 24 103 25
103 24 104 24
117 9 116 9
117 9 117 8
117 9 117 9
117 9 117 10
117 9 118 9
100 13 99 13
100 13 100 12
100 13 100 13
100 13 100 14
100 13 101 13
109 21 108 21
109 21 109 20
109 21 109 21
109 21 109 22
109 21 110 21
114 29 114 28
114 29 114 29
114 29 115 29
96 24 95 24
96 24 96 23
96 24 96 24
96 24 96 25
96 24 97 24
102 25 101 25
102 25 102 24
102 25 102 25
102 25 103 25
119 20 118 20
119 20 119 19
119 20 119 20
119 20 119 21
116 0 115 0
116 0 116 0
116 0 116 1
116 0 117 0
103 20 102 20
103 20 103 19
103 20 103 20
103 20 103 21
103 20 104 20
116 20 115 20
116 20 116 19
116 20 116 20
116 20 116 21
116 20 117 20
118 5 117 5
118 5 118 4
118 5 118 5
118 5 119 5
105 13 104 13
105 13 105 12
105 13 105 13
105 13 105 14
105 13 106 13
110 19 109 19
110 19 110 18
110 19 110 19
110 19 110 20
110 19 111 19
119 27 118 27
119 27 119 26
119 27 119 27
119 27 119 28
115 20 114 20
115 20 115 19
115 20 115 20
115 20 115 21
115 20 116 20
110 4 109 4
110 4 110 3
110 4 110 4
110 4 110 5
110 4 111 4
119 7 118 7
119 7 119 6
119 7 119 7
119 7 119 8
111 12 110 12
111 12 111 11
111 12 111 12
111 12 111 13
111 12 112 12
107 25 106 25
107 25 107 24
107 25 107 25
107 25 108 25
116 14 115 14
116 14 116 13
116 14 116 14
116 14 116 15
116 14 117 14
93 29 92 29
93 29 93 28
93 29 93 29
102 22 101 22
102 22 102 21
102 22 102 22
102 22 102 23
102 22 103 22
118 18 117 18
118 18 118 17
118 18 118 18
118 18 118 19
118 18 119 18
99 17 98 17
99 17 99 16
99 17 99 17
99 17 99 18
99 17 100 17
98 2 97 2
98 2 98 1
98 2 98 2
98 2 98 3
98 2 99 2
96 0 95 0
96 0 96 0
96 0 96 1
101 2 100 2
101 2 101 1
101 2 101 2
101 2 101 3
101 2 102 2
94 26 93 26
94 26 94 25
94 26 94 26
94 26 94 27
100 18 99 18
100 18 100 17
100 18 100 18
100 18 100 19
100 18 101 18
107 15 106 15
107 15 107 14
107 15 107 15
107 15 107 16
107 15 108 15
103 12 103 11
103 12 103 12
103 12 103 13
103 12 104 12
99 23 98 23
99 23 99 22
99 23 99 23
99 23 99 24
99 23 100 23
108 15 107 15
108 15 108 15
108 15 108 16
108 15 109 15
117 27 116 27
117 27 117 26
117 27 117 27
117 27 117 28
117 27 118 27
110 0 109 0
110 0 110 0
110 0 110 1
110 0 111 0
106 2 105 2
106 2 106 1
106 2 106 2
106 2 106 3
116 25 115 25
116 25 116 24
116 25 116 25
116 25 116 26
116 25 117 25
105 18 105 17
105 18 105 18
105 18 105 19
105 18 106 18
106 4 105 4
106 4 106 3
106 4 106 4
106 4 106 5
106 4 107 4
105 1 104 1
105 1 105 0
105 1 105 1
105 1 105 2
105 1 106 1
117 6 116 6
117 6 117 5
117 6 117 6
117 6 117 7
101 7 100 7
101 7 101 6
101 7 101 7
101 7 101 8
101 7 102 7
115 17 114 17
115 17 115 16
115 17 115 17
115 17 115 18
115 17 116 17
111 11 110 11
111 11 111 10
111 11 111 11
111 11 111 12
111 11 112 11
113 22 112 22
113 22 113 21
113 22 113 22
113 22 113 23
113 22 114 22
110 20 109 20
110 20 110 19
110 20 110 20
110 20 110 21
110 20 111 20
114 12 113 12
114 12 114 11
114 12 114 12
114 12 114 13
108 7 107 7
108 7 108 6
108 7 108 7
108 7 108 8
108 7 109 7
101 25 100 25
101 25 101 24
101 25 101 25
101 25 102 25
101 24 100 24
101 24 101 23
101 24 101 24
101 24 101 25
101 24 102 24
118 8 117 8
118 8 118 7
118 8 118 8
118 8 118 9
118 8 119 8
105 6 104 6
105 6 105 5
105 6 105 6
105 6 105 7
105 6 106 6
104 11 103 11
104 11 104 10
104 11 104 11
104 11 104 12
104 11 105 11
115 5 114 5
115 5 115 5
115 5 115 6
115 5 116 5
97 9 96 9
97 9 97 8
97 9 97 9
97 9 97 10
97 9 98 9
109 8 108 8
109 8 109 7
109 8 109 8
109 8 109 9
109 8 110 8
100 20 99 20
100 20 100 19
100 20 100 20
100 20 100 21
100 20 101 20
111 25 110 25
111 25 111 25
111 25 112 25
98 18 97 18
98 18 98 17
98 18 98 18
98 18 98 19
98 18 99 18
111 2 110 2
111 2 111 2
111 2 111 3
111 2 112 2
110 13 109 13
110 13 110 12
110 13 110 13
110 13 110 14
110 13 111 13
92 26 91 26
92 26 92 25
92 26 92 26
92 26 92 27
92 26 93 26
94 25 93 25
94 25 94 24
94 25 94 25
94 25 94 26
94 25 95 25
114 17 113 17
114 17 114 16
114 17 114 17
114 17 114 18
114 17 115 17
116 21 115 21
116 21 116 20
116 21 116 21
116 21 116 22
116 21 117 21
111 8 110 8
111 8 111 7
111 8 111 8
111 8 111 9
111 8 112 8
116 24 115 24
116 24 116 23
116 24 116 24
116 24 116 25
116 24 117 24
107 6 106 6
107 6 107 5
107 6 107 6
107 6 107 7
107 6 108 6
95 10 95 9
95 10 95 10
95 10 96 10
92 28 91 28
92 28 92 27
92 28 92 28
92 28 92 29
92 28 93 28
109 18 109 17
109 18 109 18
109 18 109 19
109 18 110 18
107 0 106 0
107 0 107 0
107 0 107 1
107 0 108 0
105 4 104 4
105 4 105 3
105 4 105 4
105 4 105 5
105 4 106 4
108 24 107 24
108 24 108 23
108 24 108 24
108 24 108 25
108 24 109 24
98 4 97 4
98 4 98 3
98 4 98 4
98 4 98 5
98 4 99 4
115 13 114 13
115 13 115 13
115 13 115 14
115 13 116 13
91 27 90 27
91 27 91 26
91 27 91 27
91 27 91 28
91 27 92 27
96 16 95 16
96 16 96 15
96 16 96 16
96 16 96 17
96 16 97 16
105 7 104 7
105 7 105 6
105 7 105 7
105 7 105 8
105 7 106 7
119 25 118 25
119 25 119 24
119 25 119 25
119 25 119 26
106 9 105 9
106 9 106 8
106 9 106 9
106 9 106 10
106 9 107 9
101 5 100 5
101 5 101 4
101 5 101 5
101 5 101 6
101 5 102 5
94 24 93 24
94 24 94 24
94 24 94 25
94 24 95 24
97 13 96 13
97 13 97 12
97 13 97 13
97 13 97 14
97 13 98 13
108 20 107 20
108 20 108 19
108 20 108 20
108 20 108 21
108 20 109 20
99 22 98 22
99 22 99 21
99 22 99 22
99 22 99 23
99 22 100 22
102 14 101 14
102 14 102 13
102 14 102 14
102 14 102 15
102 14 103 14
116 3 115 3
116 3 116 2
116 3 116 3
116 3 116 4
116 3 117 3
101 9 100 9
101 9 101 8
101 9 101 9
101 9 101 10
101 9 102 9
109 6 108 6
109 6 109 6
109 6 109 7
109 6 110 6
106 13 105 13
106 13 106 12
106 13 106 13
106 13 106 14
106 13 107 13
103 10 102 10
103 10 103 9
103 10 103 10
103 10 103 11
103 10 104 10
97 16 96 16
97 16 97 15
97 16 97 16
97 16 97 17
97 16 98 16
102 23 101 23
102 23 102 22
102 23 102 23
102 23 102 24
102 23 103 23
117 22 116 22
117 22 117 21
117 22 117 22
117 22 117 23
117 22 118 22
91 29 90 29
91 29 91 28
91 29 91 29
91 29 92 29
118 22 117 22
118 22 118 21
118 22 118 22
118 22 118 23
118 22 119 22
115 29 114 29
115 29 115 28
115 29 115 29
115 29 116 29
95 6 95 5
95 6 95 6
95 6 95 7
96 3 95 3
96 3 96 3
96 3 96 4
96 3 97 3
104 3 103 3
104 3 104 2
104 3 104 3
104 3 104 4
104 3 105 3
111 13 110 13
111 13 111 12
111 13 111 13
111 13 111 14
111 13 112 13
115 23 114 23
115 23 115 22
115 23 115 23
115 23 115 24
115 23 116 23
95 9 95 8
95 9 95 9
95 9 95 10
95 9 96 9
119 28 118 28
119 28 119 27
119 28 119 28
119 28 119 29
95 5 95 4
95 5 95 5
95 5 95 6
95 5 96 5
114 11 113 11
114 11 114 10
114 11 114 11
114 11 114 12
114 11 115 11
98 19 97 19
98 19 98 18
98 19 98 19
98 19 98 20
98 19 99 19
115 10 114 10
115 10 115 9
115 10 115 10
115 10 115 11
115 10 116 10
102 8 101 8
102 8 102 7
102 8 102 8
102 8 102 9
102 8 103 8
102 20 101 20
102 20 102 19
102 20 102 20
102 20 102 21
102 20 103 20
105 2 104 2
105 2 105 1
105 2 105 2
105 2 105 3
105 2 106 2
100 0 99 0
100 0 100 0
100 0 100 1
100 0 101 0
100 9 99 9
100 9 100 9
100 9 100 10
100 9 101 9
119 26 118 26
119 26 119 25
119 26 119 26
119 26 119 27
108 11 107 11
108 11 108 10
108 11 108 11
108 11 108 12
108 11 109 11
96 23 95 23
96 23 96 22
96 23 96 23
96 23 96 24
99 19 98 19
99 19 99 18
99 19 99 19
99 19 99 20
99 19 100 19
100 4 99 4
100 4 100 3
100 4 100 4
100 4 100 5
100 4 101 4
111 9 110 9
111 9 111 8
111 9 111 9
111 9 111 10
111 9 112 9
115 11 114 11
115 11 115 10
115 11 115 11
115 11 116 11
110 11 109 11
110 11 110 10
110 11 110 11
110 11 110 12
110 11 111 11
112 24 112 23
112 24 112 24
112 24 112 25
112 24 113 24
118 15 117 15
118 15 118 14
118 15 118 15
118 15 118 16
118 15 119 15
109 14 109 13
109 14 109 14
109 14 109 15
109 14 110 14
