82 54 81 54
82 54 82 53
82 54 82 54
82 54 83 54
83 52 82 52
83 52 83 52
83 52 83 53
83 52 84 52
79 61 78 61
79 61 79 60
79 61 79 61
79 61 79 62
79 61 80 61
83 60 82 60
83 60 83 60
83 60 83 61
83 60 84 60
79 69 78 69
79 69 79 69
79 69 79 70
79 69 80 69
78 53 77 53
78 53 78 52
78 53 78 53
78 53 78 54
78 53 79 53
80 61 79 61
80 61 80 60
80 61 80 61
80 61 80 62
80 61 81 61
80 70 79 70
80 70 80 69
80 70 80 70
80 70 80 71
80 70 81 70
81 68 80 68
81 68 81 68
81 68 81 69
81 68 82 68
78 63 77 63
78 63 78 62
78 63 78 63
78 63 79 63
80 62 79 62
80 62 80 61
80 62 80 62
80 62 80 63
80 62 81 62
78 61 78 60
78 61 78 61
78 61 78 62
78 61 79 61
78 54 77 54
78 54 78 53
78 54 78 54
78 54 78 55
78 54 79 54
83 53 82 53
83 53 83 52
83 53 83 53
83 53 83 54
83 53 84 53
81 63 80 63
81 63 81 62
81 63 81 63
81 63 82 63
83 71 82 71
83 71 83 70
83 71 83 71
83 71 84 71
76 60 76 60
76 60 76 61
76 60 77 60
82 63 81 63
82 63 82 62
82 63 82 63
82 63 83 63
80 55 79 55
80 55 80 54
80 55 80 55
80 55 81 55
79 62 78 62
79 62 79 61
79 62 79 62
79 62 79 63
79 62 80 62
81 69 80 69
81 69 81 68
81 69 81 69
81 69 81 70
81 69 82 69
83 69 82 69
83 69 83 68
83 69 83 69
83 69 83 70
83 69 84 69
77 52 76 52
77 52 77 52
77 52 77 53
77 52 78 52
80 52 79 52
80 52 80 52
80 52 80 53
80 52 81 52
82 61 81 61
82 61 82 60
82 61 82 61
82 61 82 62
82 61 83 61
79 60 78 60
79 60 79 60
79 60 79 61
79 60 80 60
79 71 78 71
79 71 79 70
79 71 79 71
79 71 80 71
79 63 78 63
79 63 79 62
79 63 79 63
79 63 80 63
84 63 83 63
84 63 84 62
84 63 84 63
82 52 81 52
82 52 82 52
82 52 82 53
82 52 83 52
77 62 76 62
77 62 77 62
77 62 77 63
77 62 78 62
84 60 83 60
84 60 84 60
84 60 84 61
79 53 78 53
79 53 79 52
79 53 79 53
79 53 79 54
79 53 80 53
80 60 79 60
80 60 80 60
80 60 80 61
80 60 81 60
84 55 83 55
84 55 84 54
84 55 84 55
76 69 76 69
76 69 76 70
76 69 77 69
79 55 78 55
79 55 79 54
79 55 79 55
79 55 80 55
76 52 76 52
76 52 76 53
76 52 77 52
77 69 76 69
77 69 77 68
77 69 77 69
77 69 78 69
80 53 79 53
80 53 80 52
80 53 80 53
80 53 80 54
80 53 81 53
84 61 83 61
84 61 84 60
84 61 84 61
84 61 84 62
81 61 80 61
81 61 81 60
81 61 81 61
81 61 81 62
81 61 82 61
81 53 80 53
81 53 81 52
81 53 81 53
81 53 81 54
81 53 82 53
76 63 76 62
76 63 76 63
76 63 77 63
82 53 81 53
82 53 82 52
82 53 82 53
82 53 82 54
82 53 83 53
80 68 80 68
80 68 80 69
80 68 81 68
78 52 77 52
78 52 78 52
78 52 78 53
78 52 79 52
81 60 80 60
81 60 81 60
81 60 81 61
81 60 82 60
78 60 77 60
78 60 78 60
78 60 78 61
78 60 79 60
83 63 82 63
83 63 83 62
83 63 83 63
83 63 84 63
76 62 76 61
76 62 76 62
76 62 76 63
76 62 77 62
76 54 76 53
76 54 76 54
76 54 76 55
76 54 77 54
81 71 80 71
81 71 81 70
81 71 81 71
81 71 82 71
81 55 80 55
81 55 81 54
81 55 81 55
76 55 76 54
76 55 76 55
83 61 82 61
83 61 83 60
83 61 83 61
83 61 83 62
83 61 84 61
77 54 76 54
77 54 77 53
77 54 77 54
77 54 78 54
80 63 79 63
80 63 80 62
80 63 80 63
80 63 81 63
84 69 83 69
84 69 84 68
84 69 84 69
84 69 84 70
82 68 81 68
82 68 82 68
82 68 82 69
82 68 83 68
82 71 81 71
82 71 82 70
82 71 82 71
82 71 83 71
78 68 77 68
78 68 78 68
78 68 78 69
84 62 83 62
84 62 84 61
84 62 84 62
84 62 84 63
76 53 76 52
76 53 76 53
76 53 76 54
76 53 77 53
77 63 76 63
77 63 77 62
77 63 77 63
77 63 78 63
81 54 80 54
81 54 81 53
81 54 81 54
81 54 81 55
81 54 82 54
83 55 83 54
83 55 83 55
83 55 84 55
84 53 83 53
84 53 84 52
84 53 84 53
84 53 84 54
76 61 76 60
76 61 76 61
76 61 76 62
83 54 82 54
83 54 83 53
83 54 83 54
83 54 83 55
83 54 84 54
77 68 77 68
77 68 77 69
77 68 78 68
83 62 82 62
83 62 83 61
83 62 83 62
83 62 83 63
83 62 84 62
80 54 79 54
80 54 80 53
80 54 80 54
80 54 80 55
80 54 81 54
84 54 83 54
84 54 84 53
84 54 84 54
84 54 84 55
82 60 81 60
82 60 82 60
82 60 82 61
82 60 83 60
84 70 83 70
84 70 84 69
84 70 84 70
84 70 84 71
78 55 78 54
78 55 78 55
78 55 79 55
76 70 76 69
76 70 76 70
76 70 76 71
78 62 77 62
78 62 78 61
78 62 78 62
78 62 78 63
78 62 79 62
84 71 83 71
84 71 84 70
84 71 84 71
81 62 80 62
81 62 81 61
81 62 81 62
81 62 81 63
81 62 82 62
81 52 80 52
81 52 81 52
81 52 81 53
81 52 82 52
82 69 81 69
82 69 82 68
82 69 82 69
82 69 82 70
82 69 83 69
77 60 76 60
77 60 77 60
77 60 78 60
80 71 79 71
80 71 80 70
80 71 80 71
80 71 81 71
78 69 77 69
78 69 78 68
78 69 78 69
78 69 78 70
78 69 79 69
83 68 82 68
83 68 83 68
83 68 83 69
83 68 84 68
79 54 78 54
79 54 79 53
79 54 79 54
79 54 79 55
79 54 80 54
84 68 83 68
84 68 84 68
84 68 84 69
84 52 83 52
84 52 84 52
84 52 84 53
78 70 78 69
78 70 78 70
78 70 78 71
78 70 79 70
77 53 76 53
77 53 77 52
77 53 77 53
77 53 77 54
77 53 78 53
80 69 79 69
80 69 80 68
80 69 80 69
80 69 80 70
80 69 81 69
79 52 78 52
79 52 79 52
79 52 79 53
79 52 80 52
79 70 78 70
79 70 79 69
79 70 79 70
79 70 79 71
79 70 80 70
78 71 77 71
78 71 78 70
78 71 78 71
78 71 79 71
76 71 76 70
76 71 76 71
76 71 77 71
77 71 76 71
77 71 77 71
77 71 78 71
82 70 81 70
82 70 82 69
82 70 82 70
82 70 82 71
82 70 83 70
83 70 82 70
83 70 83 69
83 70 83 70
83 70 83 71
83 70 84 70
81 70 80 70
81 70 81 69
81 70 81 70
81 70 81 71
81 70 82 70
82 62 81 62
82 62 82 61
82 62 82 62
82 62 82 63
82 62 83 62
