94 84 93 84
94 84 94 83
94 84 94 84
94 84 95 84
95 82 94 82
95 82 95 81
95 82 95 82
95 82 95 83
100 79 100 78
100 79 100 79
100 79 100 80
95 81 94 81
95 81 95 80
95 81 95 81
95 81 95 82
103 77 102 77
103 77 103 76
103 77 103 77
103 77 103 78
92 80 92 79
92 80 92 80
92 80 92 81
92 80 93 80
94 79 93 79
94 79 94 78
94 79 94 79
94 79 94 80
94 79 95 79
101 84 100 84
101 84 101 83
101 84 101 84
101 84 102 84
109 77 108 77
109 77 109 76
109 77 109 77
109 77 110 77
110 80 109 80
110 80 110 79
110 80 110 80
110 80 110 81
110 80 111 80
110 82 110 81
110 82 110 82
110 82 110 83
110 82 111 82
102 82 101 82
102 82 102 81
102 82 102 82
102 82 102 83
102 82 103 82
102 79 102 79
102 79 102 80
102 79 103 79
102 80 101 80
102 80 102 79
102 80 102 80
102 80 102 81
102 80 103 80
110 81 109 81
110 81 110 80
110 81 110 81
110 81 110 82
110 81 111 81
111 79 110 79
111 79 111 78
111 79 111 79
111 79 111 80
111 82 110 82
111 82 111 81
111 82 111 82
111 82 111 83
92 83 92 82
92 83 92 83
92 83 92 84
92 83 93 83
102 84 101 84
102 84 102 83
102 84 102 84
102 84 103 84
111 78 110 78
111 78 111 77
111 78 111 78
111 78 111 79
103 78 103 77
103 78 103 78
103 78 103 79
103 80 102 80
103 80 103 79
103 80 103 80
103 80 103 81
95 76 94 76
95 76 95 76
95 76 95 77
95 83 94 83
95 83 95 82
95 83 95 83
95 83 95 84
94 76 93 76
94 76 94 76
94 76 94 77
94 76 95 76
95 80 94 80
95 80 95 79
95 80 95 80
95 80 95 81
94 82 93 82
94 82 94 81
94 82 94 82
94 82 94 83
94 82 95 82
94 77 93 77
94 77 94 76
94 77 94 77
94 77 94 78
94 77 95 77
92 84 92 83
92 84 92 84
92 84 93 84
94 81 93 81
94 81 94 80
94 81 94 81
94 81 94 82
94 81 95 81
108 77 108 76
108 77 108 77
108 77 108 78
108 77 109 77
93 76 92 76
93 76 93 76
93 76 93 77
93 76 94 76
103 81 102 81
103 81 103 80
103 81 103 81
103 81 103 82
93 78 92 78
93 78 93 77
93 78 93 78
93 78 93 79
93 78 94 78
108 81 108 80
108 81 108 81
108 81 108 82
108 81 109 81
110 77 109 77
110 77 110 76
110 77 110 77
110 77 110 78
110 77 111 77
110 78 110 77
110 78 110 78
110 78 110 79
110 78 111 78
103 82 102 82
103 82 103 81
103 82 103 82
103 82 103 83
108 80 108 79
108 80 108 80
108 80 108 81
108 80 109 80
100 78 100 77
100 78 100 78
100 78 100 79
100 78 101 78
101 80 100 80
101 80 101 80
101 80 102 80
111 76 110 76
111 76 111 76
111 76 111 77
109 79 108 79
109 79 109 79
109 79 109 80
109 79 110 79
109 81 108 81
109 81 109 80
109 81 109 81
109 81 110 81
95 77 94 77
95 77 95 76
95 77 95 77
111 83 110 83
111 83 111 82
111 83 111 83
92 79 92 78
92 79 92 79
92 79 92 80
92 79 93 79
101 78 100 78
101 78 101 77
101 78 101 78
100 81 100 80
100 81 100 81
100 81 100 82
93 81 92 81
93 81 93 80
93 81 93 81
93 81 93 82
93 81 94 81
102 77 101 77
102 77 102 76
102 77 102 77
102 77 103 77
103 83 102 83
103 83 103 82
103 83 103 83
103 83 103 84
109 76 108 76
109 76 109 76
109 76 109 77
109 76 110 76
101 82 100 82
101 82 101 82
101 82 101 83
101 82 102 82
93 77 92 77
93 77 93 76
93 77 93 77
93 77 93 78
93 77 94 77
102 76 101 76
102 76 102 76
102 76 102 77
102 76 103 76
100 83 100 82
100 83 100 83
100 83 100 84
100 83 101 83
100 84 100 83
100 84 100 84
100 84 101 84
109 84 109 83
109 84 109 84
109 84 110 84
102 81 102 80
102 81 102 81
102 81 102 82
102 81 103 81
93 80 92 80
93 80 93 79
93 80 93 80
93 80 93 81
93 80 94 80
103 84 102 84
103 84 103 83
103 84 103 84
111 80 110 80
111 80 111 79
111 80 111 80
111 80 111 81
92 81 92 80
92 81 92 81
92 81 92 82
92 81 93 81
101 83 100 83
101 83 101 82
101 83 101 83
101 83 101 84
101 83 102 83
100 76 100 76
100 76 100 77
100 76 101 76
94 80 93 80
94 80 94 79
94 80 94 80
94 80 94 81
94 80 95 80
93 79 92 79
93 79 93 78
93 79 93 79
93 79 93 80
93 79 94 79
93 84 92 84
93 84 93 83
93 84 93 84
93 84 94 84
108 76 108 76
108 76 108 77
108 76 109 76
100 77 100 76
100 77 100 77
100 77 100 78
100 77 101 77
111 77 110 77
111 77 111 76
111 77 111 77
111 77 111 78
108 79 108 78
108 79 108 79
108 79 108 80
108 79 109 79
100 80 100 79
100 80 100 80
100 80 100 81
100 80 101 80
108 83 108 82
108 83 108 83
108 83 109 83
110 79 109 79
110 79 110 78
110 79 110 79
110 79 110 80
110 79 111 79
94 83 93 83
94 83 94 82
94 83 94 83
94 83 94 84
94 83 95 83
92 78 92 77
92 78 92 78
92 78 92 79
92 78 93 78
103 76 102 76
103 76 103 76
103 76 103 77
102 83 101 83
102 83 102 82
102 83 102 83
102 83 102 84
102 83 103 83
100 82 100 81
100 82 100 82
100 82 100 83
100 82 101 82
95 84 94 84
95 84 95 83
95 84 95 84
94 78 93 78
94 78 94 77
94 78 94 78
94 78 94 79
93 82 92 82
93 82 93 81
93 82 93 82
93 82 93 83
93 82 94 82
95 79 94 79
95 79 95 79
95 79 95 80
110 83 109 83
110 83 110 82
110 83 110 83
110 83 110 84
110 83 111 83
109 83 108 83
109 83 109 83
109 83 109 84
109 83 110 83
92 82 92 81
92 82 92 82
92 82 92 83
92 82 93 82
108 78 108 77
108 78 108 78
108 78 108 79
93 83 92 83
93 83 93 82
93 83 93 83
93 83 93 84
93 83 94 83
92 77 92 76
92 77 92 77
92 77 92 78
92 77 93 77
109 80 108 80
109 80 109 79
109 80 109 80
109 80 109 81
109 80 110 80
103 79 102 79
103 79 103 78
103 79 103 79
103 79 103 80
101 77 100 77
101 77 101 76
101 77 101 77
101 77 101 78
101 77 102 77
110 84 109 84
110 84 110 83
110 84 110 84
101 76 100 76
101 76 101 76
101 76 101 77
101 76 102 76
111 81 110 81
111 81 111 80
111 81 111 81
111 81 111 82
92 76 92 76
92 76 92 77
92 76 93 76
108 82 108 81
108 82 108 82
108 82 108 83
110 76 109 76
110 76 110 76
110 76 110 77
110 76 111 76
