47 8 46 8
47 8 47 8
47 8 47 9
47 8 48 8
47 12 46 12
47 12 47 12
47 12 47 13
47 12 48 12
50 5 49 5
50 5 50 4
50 5 50 5
46 1 46 0
46 1 46 1
46 1 47 1
46 13 46 12
46 13 46 13
46 13 47 13
50 9 49 9
50 9 50 8
50 9 50 9
46 9 46 8
46 9 46 9
46 9 47 9
49 13 48 13
49 13 49 12
49 13 49 13
49 13 50 13
50 4 49 4
50 4 50 4
50 4 50 5
46 5 46 4
46 5 46 5
46 5 47 5
48 8 47 8
48 8 48 8
48 8 48 9
48 8 49 8
47 13 46 13
47 13 47 12
47 13 47 13
47 13 48 13
50 0 49 0
50 0 50 0
50 0 50 1
47 9 46 9
47 9 47 8
47 9 47 9
47 9 48 9
47 1 46 1
47 1 47 0
47 1 47 1
47 1 48 1
46 8 46 8
46 8 46 9
46 8 47 8
50 12 49 12
50 12 50 12
50 12 50 13
47 4 46 4
47 4 47 4
47 4 47 5
47 4 48 4
47 5 46 5
47 5 47 4
47 5 47 5
47 5 48 5
49 8 48 8
49 8 49 8
49 8 49 9
49 8 50 8
48 5 47 5
48 5 48 4
48 5 48 5
48 5 49 5
46 0 46 0
46 0 46 1
46 0 47 0
48 0 47 0
48 0 48 0
48 0 48 1
48 0 49 0
48 1 47 1
48 1 48 0
48 1 48 1
48 1 49 1
49 5 48 5
49 5 49 4
49 5 49 5
49 5 50 5
48 13 47 13
48 13 48 12
48 13 48 13
48 13 49 13
49 4 48 4
49 4 49 4
49 4 49 5
49 4 50 4
50 8 49 8
50 8 50 8
50 8 50 9
48 4 47 4
48 4 48 4
48 4 48 5
48 4 49 4
49 9 48 9
49 9 49 8
49 9 49 9
49 9 50 9
47 0 46 0
47 0 47 0
47 0 47 1
47 0 48 0
49 12 48 12
49 12 49 12
49 12 49 13
49 12 50 12
50 1 49 1
50 1 50 0
50 1 50 1
46 12 46 12
46 12 46 13
46 12 47 12
48 12 47 12
48 12 48 12
48 12 48 13
48 12 49 12
49 0 48 0
49 0 49 0
49 0 49 1
49 0 50 0
49 1 48 1
49 1 49 0
49 1 49 1
49 1 50 1
46 4 46 4
46 4 46 5
46 4 47 4
50 13 49 13
50 13 50 12
50 13 50 13
48 9 47 9
48 9 48 8
48 9 48 9
48 9 49 9
