42 34 42 33
42 34 42 34
42 34 43 34
39 33 38 33
39 33 39 32
39 33 39 33
39 33 39 34
39 31 38 31
39 31 39 30
39 31 39 31
39 31 39 32
38 32 38 31
38 32 38 32
38 32 38 33
38 32 39 32
38 31 38 30
38 31 38 31
38 31 38 32
38 31 39 31
43 31 42 31
43 31 43 30
43 31 43 31
43 31 43 32
42 30 42 30
42 30 42 31
42 30 43 30
39 32 38 32
39 32 39 31
39 32 39 32
39 32 39 33
42 32 42 31
42 32 42 32
42 32 42 33
42 32 43 32
39 34 38 34
39 34 39 33
39 34 39 34
43 32 42 32
43 32 43 31
43 32 43 32
43 32 43 33
43 30 42 30
43 30 43 30
43 30 43 31
38 33 38 32
38 33 38 33
38 33 38 34
38 33 39 33
39 30 38 30
39 30 39 30
39 30 39 31
43 33 42 33
43 33 43 32
43 33 43 33
43 33 43 34
42 33 42 32
42 33 42 33
42 33 42 34
42 33 43 33
38 34 38 33
38 34 38 34
38 34 39 34
43 34 42 34
43 34 43 33
43 34 43 34
42 31 42 30
42 31 42 31
42 31 42 32
42 31 43 31
38 30 38 30
38 30 38 31
38 30 39 30
