28 59 27 59
28 59 28 58
28 59 28 59
28 59 28 60
28 59 29 59
28 54 27 54
28 54 28 53
28 54 28 54
28 54 28 55
28 54 29 54
17 51 16 51
17 51 17 50
17 51 17 51
17 51 18 51
23 51 22 51
23 51 23 51
23 51 23 52
23 51 24 51
27 57 26 57
27 57 27 56
27 57 27 57
27 57 27 58
27 57 28 57
25 56 24 56
25 56 25 55
25 56 25 56
25 56 25 57
25 56 26 56
22 61 21 61
22 61 22 60
22 61 22 61
22 61 22 62
22 61 23 61
29 51 28 51
29 51 29 51
29 51 29 52
29 51 30 51
21 60 20 60
21 60 21 59
21 60 21 60
21 60 21 61
21 60 22 60
24 54 23 54
24 54 24 53
24 54 24 54
24 54 24 55
24 54 25 54
23 59 22 59
23 59 23 58
23 59 23 59
23 59 23 60
23 59 24 59
23 53 22 53
23 53 23 52
23 53 23 53
23 53 23 54
23 53 24 53
27 52 26 52
27 52 27 51
27 52 27 52
27 52 27 53
27 52 28 52
22 55 21 55
22 55 22 54
22 55 22 55
22 55 22 56
22 55 23 55
19 51 18 51
19 51 19 50
19 51 19 51
19 51 19 52
19 51 20 51
29 54 28 54
29 54 29 53
29 54 29 54
29 54 29 55
19 50 18 50
19 50 19 49
19 50 19 50
19 50 19 51
24 56 23 56
24 56 24 55
24 56 24 56
24 56 24 57
24 56 25 56
31 50 30 50
31 50 31 49
31 50 31 50
31 50 31 51
22 51 21 51
22 51 22 51
22 51 22 52
22 51 23 51
27 56 26 56
27 56 27 55
27 56 27 56
27 56 27 57
27 56 28 56
25 54 24 54
25 54 25 53
25 54 25 54
25 54 25 55
25 54 26 54
24 61 23 61
24 61 24 60
24 61 24 61
24 61 24 62
24 61 25 61
25 58 24 58
25 58 25 57
25 58 25 58
25 58 25 59
25 58 26 58
26 60 25 60
26 60 26 59
26 60 26 60
26 60 26 61
26 60 27 60
16 63 16 62
16 63 16 63
16 63 17 63
26 55 25 55
26 55 26 54
26 55 26 55
26 55 26 56
26 55 27 55
27 60 26 60
27 60 27 59
27 60 27 60
27 60 27 61
27 60 28 60
25 62 24 62
25 62 25 61
25 62 25 62
25 62 25 63
25 62 26 62
26 58 25 58
26 58 26 57
26 58 26 58
26 58 26 59
26 58 27 58
27 51 26 51
27 51 27 51
27 51 27 52
27 51 28 51
19 59 19 58
19 59 19 59
19 59 19 60
19 59 20 59
31 63 30 63
31 63 31 62
31 63 31 63
22 59 21 59
22 59 22 58
22 59 22 59
22 59 22 60
22 59 23 59
28 58 27 58
28 58 28 57
28 58 28 58
28 58 28 59
28 58 29 58
25 63 24 63
25 63 25 62
25 63 25 63
25 63 26 63
20 60 19 60
20 60 20 59
20 60 20 60
20 60 20 61
20 60 21 60
22 58 21 58
22 58 22 57
22 58 22 58
22 58 22 59
22 58 23 58
21 57 20 57
21 57 21 56
21 57 21 57
21 57 21 58
21 57 22 57
20 55 19 55
20 55 20 54
20 55 20 55
20 55 20 56
20 55 21 55
22 52 21 52
22 52 22 51
22 52 22 52
22 52 22 53
22 52 23 52
19 57 19 56
19 57 19 57
19 57 19 58
19 57 20 57
27 55 26 55
27 55 27 54
27 55 27 55
27 55 27 56
27 55 28 55
29 62 28 62
29 62 29 61
29 62 29 62
29 62 29 63
29 62 30 62
29 55 28 55
29 55 29 54
29 55 29 55
29 55 29 56
21 55 20 55
21 55 21 54
21 55 21 55
21 55 21 56
21 55 22 55
23 63 22 63
23 63 23 62
23 63 23 63
23 63 24 63
29 61 28 61
29 61 29 60
29 61 29 61
29 61 29 62
24 52 23 52
24 52 24 51
24 52 24 52
24 52 24 53
24 52 25 52
17 50 16 50
17 50 17 49
17 50 17 50
17 50 17 51
17 50 18 50
26 56 25 56
26 56 26 55
26 56 26 56
26 56 26 57
26 56 27 56
23 61 22 61
23 61 23 60
23 61 23 61
23 61 23 62
23 61 24 61
29 53 28 53
29 53 29 52
29 53 29 53
29 53 29 54
29 56 28 56
29 56 29 55
29 56 29 56
29 56 29 57
20 63 19 63
20 63 20 62
20 63 20 63
20 63 21 63
20 62 19 62
20 62 20 61
20 62 20 62
20 62 20 63
20 62 21 62
26 59 25 59
26 59 26 58
26 59 26 59
26 59 26 60
26 59 27 59
20 57 19 57
20 57 20 56
20 57 20 57
20 57 20 58
20 57 21 57
21 56 20 56
21 56 21 55
21 56 21 56
21 56 21 57
21 56 22 56
21 51 20 51
21 51 21 51
21 51 21 52
21 51 22 51
28 53 27 53
28 53 28 52
28 53 28 53
28 53 28 54
28 53 29 53
17 62 16 62
17 62 17 62
17 62 17 63
17 62 18 62
22 62 21 62
22 62 22 61
22 62 22 62
22 62 22 63
22 62 23 62
21 63 20 63
21 63 21 62
21 63 21 63
21 63 22 63
28 55 27 55
28 55 28 54
28 55 28 55
28 55 28 56
28 55 29 55
21 59 20 59
21 59 21 58
21 59 21 59
21 59 21 60
21 59 22 59
29 58 28 58
29 58 29 57
29 58 29 58
29 58 29 59
23 55 22 55
23 55 23 54
23 55 23 55
23 55 23 56
23 55 24 55
24 60 23 60
24 60 24 59
24 60 24 60
24 60 24 61
24 60 25 60
23 62 22 62
23 62 23 61
23 62 23 62
23 62 23 63
23 62 24 62
17 48 16 48
17 48 17 48
17 48 17 49
17 48 18 48
26 62 25 62
26 62 26 61
26 62 26 62
26 62 26 63
26 62 27 62
30 63 29 63
30 63 30 62
30 63 30 63
30 63 31 63
30 51 29 51
30 51 30 50
30 51 30 51
30 51 31 51
25 59 24 59
25 59 25 58
25 59 25 59
25 59 25 60
25 59 26 59
24 51 23 51
24 51 24 51
24 51 24 52
24 51 25 51
25 51 24 51
25 51 25 51
25 51 25 52
25 51 26 51
27 54 26 54
27 54 27 53
27 54 27 54
27 54 27 55
27 54 28 54
25 53 24 53
25 53 25 52
25 53 25 53
25 53 25 54
25 53 26 53
17 63 16 63
17 63 17 62
17 63 17 63
17 63 18 63
21 54 20 54
21 54 21 53
21 54 21 54
21 54 21 55
21 54 22 54
31 49 30 49
31 49 31 48
31 49 31 49
31 49 31 50
16 49 16 48
16 49 16 49
16 49 16 50
16 49 17 49
31 48 30 48
31 48 31 48
31 48 31 49
23 56 22 56
23 56 23 55
23 56 23 56
23 56 23 57
23 56 24 56
23 52 22 52
23 52 23 51
23 52 23 52
23 52 23 53
23 52 24 52
18 50 17 50
18 50 18 49
18 50 18 50
18 50 18 51
18 50 19 50
24 58 23 58
24 58 24 57
24 58 24 58
24 58 24 59
24 58 25 58
26 54 25 54
26 54 26 53
26 54 26 54
26 54 26 55
26 54 27 54
29 57 28 57
29 57 29 56
29 57 29 57
29 57 29 58
24 53 23 53
24 53 24 52
24 53 24 53
24 53 24 54
24 53 25 53
26 51 25 51
26 51 26 51
26 51 26 52
26 51 27 51
24 55 23 55
24 55 24 54
24 55 24 55
24 55 24 56
24 55 25 55
21 52 20 52
21 52 21 51
21 52 21 52
21 52 21 53
21 52 22 52
20 59 19 59
20 59 20 58
20 59 20 59
20 59 20 60
20 59 21 59
16 50 16 49
16 50 16 50
16 50 16 51
16 50 17 50
18 51 17 51
18 51 18 50
18 51 18 51
18 51 19 51
22 60 21 60
22 60 22 59
22 60 22 60
22 60 22 61
22 60 23 60
30 62 29 62
30 62 30 62
30 62 30 63
30 62 31 62
28 51 27 51
28 51 28 51
28 51 28 52
28 51 29 51
20 54 19 54
20 54 20 53
20 54 20 54
20 54 20 55
20 54 21 54
16 62 16 62
16 62 16 63
16 62 17 62
22 63 21 63
22 63 22 62
22 63 22 63
22 63 23 63
24 57 23 57
24 57 24 56
24 57 24 57
24 57 24 58
24 57 25 57
29 52 28 52
29 52 29 51
29 52 29 52
29 52 29 53
23 60 22 60
23 60 23 59
23 60 23 60
23 60 23 61
23 60 24 60
30 50 30 49
30 50 30 50
30 50 30 51
30 50 31 50
20 58 19 58
20 58 20 57
20 58 20 58
20 58 20 59
20 58 21 58
19 63 18 63
19 63 19 62
19 63 19 63
19 63 20 63
30 48 30 48
30 48 30 49
30 48 31 48
27 61 26 61
27 61 27 60
27 61 27 61
27 61 27 62
27 61 28 61
29 59 28 59
29 59 29 58
29 59 29 59
29 59 29 60
19 56 19 55
19 56 19 56
19 56 19 57
19 56 20 56
28 60 27 60
28 60 28 59
28 60 28 60
28 60 28 61
28 60 29 60
25 57 24 57
25 57 25 56
25 57 25 57
25 57 25 58
25 57 26 57
22 53 21 53
22 53 22 52
22 53 22 53
22 53 22 54
22 53 23 53
28 63 27 63
28 63 28 62
28 63 28 63
28 63 29 63
30 49 30 48
30 49 30 49
30 49 30 50
30 49 31 49
25 61 24 61
25 61 25 60
25 61 25 61
25 61 25 62
25 61 26 61
26 53 25 53
26 53 26 52
26 53 26 53
26 53 26 54
26 53 27 53
21 62 20 62
21 62 21 61
21 62 21 62
21 62 21 63
21 62 22 62
24 63 23 63
24 63 24 62
24 63 24 63
24 63 25 63
19 58 19 57
19 58 19 58
19 58 19 59
19 58 20 58
16 51 16 50
16 51 16 51
16 51 17 51
24 62 23 62
24 62 24 61
24 62 24 62
24 62 24 63
24 62 25 62
27 63 26 63
27 63 27 62
27 63 27 63
27 63 28 63
23 57 22 57
23 57 23 56
23 57 23 57
23 57 23 58
23 57 24 57
22 57 21 57
22 57 22 56
22 57 22 57
22 57 22 58
22 57 23 57
19 60 19 59
19 60 19 60
19 60 19 61
19 60 20 60
28 61 27 61
28 61 28 60
28 61 28 61
28 61 28 62
28 61 29 61
20 56 19 56
20 56 20 55
20 56 20 56
20 56 20 57
20 56 21 56
27 62 26 62
27 62 27 61
27 62 27 62
27 62 27 63
27 62 28 62
26 61 25 61
26 61 26 60
26 61 26 61
26 61 26 62
26 61 27 61
19 54 19 53
19 54 19 54
19 54 19 55
19 54 20 54
19 49 18 49
19 49 19 48
19 49 19 49
19 49 19 50
19 62 18 62
19 62 19 61
19 62 19 62
19 62 19 63
19 62 20 62
26 63 25 63
26 63 26 62
26 63 26 63
26 63 27 63
28 57 27 57
28 57 28 56
28 57 28 57
28 57 28 58
28 57 29 57
28 52 27 52
28 52 28 51
28 52 28 52
28 52 28 53
28 52 29 52
25 52 24 52
25 52 25 51
25 52 25 52
25 52 25 53
25 52 26 52
23 54 22 54
23 54 23 53
23 54 23 54
23 54 23 55
23 54 24 54
28 62 27 62
28 62 28 61
28 62 28 62
28 62 28 63
28 62 29 62
21 53 20 53
21 53 21 52
21 53 21 53
21 53 21 54
21 53 22 53
25 60 24 60
25 60 25 59
25 60 25 60
25 60 25 61
25 60 26 60
23 58 22 58
23 58 23 57
23 58 23 58
23 58 23 59
23 58 24 58
20 52 19 52
20 52 20 51
20 52 20 52
20 52 20 53
20 52 21 52
25 55 24 55
25 55 25 54
25 55 25 55
25 55 25 56
25 55 26 55
31 62 30 62
31 62 31 62
31 62 31 63
21 58 20 58
21 58 21 57
21 58 21 58
21 58 21 59
21 58 22 58
29 63 28 63
29 63 29 62
29 63 29 63
29 63 30 63
31 51 30 51
31 51 31 50
31 51 31 51
16 48 16 48
16 48 16 49
16 48 17 48
20 61 19 61
20 61 20 60
20 61 20 61
20 61 20 62
20 61 21 61
18 63 17 63
18 63 18 62
18 63 18 63
18 63 19 63
21 61 20 61
21 61 21 60
21 61 21 61
21 61 21 62
21 61 22 61
22 54 21 54
22 54 22 53
22 54 22 54
22 54 22 55
22 54 23 54
29 60 28 60
29 60 29 59
29 60 29 60
29 60 29 61
26 57 25 57
26 57 26 56
26 57 26 57
26 57 26 58
26 57 27 57
19 55 19 54
19 55 19 55
19 55 19 56
19 55 20 55
20 53 19 53
20 53 20 52
20 53 20 53
20 53 20 54
20 53 21 53
17 49 16 49
17 49 17 48
17 49 17 49
17 49 17 50
17 49 18 49
19 61 19 60
19 61 19 61
19 61 19 62
19 61 20 61
24 59 23 59
24 59 24 58
24 59 24 59
24 59 24 60
24 59 25 59
27 59 26 59
27 59 27 58
27 59 27 59
27 59 27 60
27 59 28 59
18 62 17 62
18 62 18 62
18 62 18 63
18 62 19 62
18 48 17 48
18 48 18 48
18 48 18 49
18 48 19 48
19 52 19 51
19 52 19 52
19 52 19 53
19 52 20 52
28 56 27 56
28 56 28 55
28 56 28 56
28 56 28 57
28 56 29 56
18 49 17 49
18 49 18 48
18 49 18 49
18 49 18 50
18 49 19 49
26 52 25 52
26 52 26 51
26 52 26 52
26 52 26 53
26 52 27 52
19 53 19 52
19 53 19 53
19 53 19 54
19 53 20 53
27 53 26 53
27 53 27 52
27 53 27 53
27 53 27 54
27 53 28 53
19 48 18 48
19 48 19 48
19 48 19 49
22 56 21 56
22 56 22 55
22 56 22 56
22 56 22 57
22 56 23 56
27 58 26 58
27 58 27 57
27 58 27 58
27 58 27 59
27 58 28 58
20 51 19 51
20 51 20 51
20 51 20 52
20 51 21 51
