43 63 42 63
43 63 43 62
43 63 43 63
43 63 43 64
10 60 9 60
10 60 10 59
10 60 10 60
10 60 10 61
10 60 11 60
16 60 16 59
16 60 16 60
16 60 16 61
16 60 17 60
41 57 40 57
41 57 41 56
41 57 41 57
41 57 41 58
41 57 42 57
43 56 42 56
43 56 43 56
43 56 43 57
0 57 0 56
0 57 0 57
0 57 0 58
0 57 1 57
19 61 18 61
19 61 19 60
19 61 19 61
19 61 19 62
32 58 32 57
32 58 32 58
32 58 32 59
32 58 33 58
25 63 24 63
25 63 25 62
25 63 25 63
25 63 25 64
25 63 26 63
26 62 25 62
26 62 26 61
26 62 26 62
26 62 26 63
26 62 27 62
17 62 16 62
17 62 17 61
17 62 17 62
17 62 17 63
17 62 18 62
41 56 40 56
41 56 41 56
41 56 41 57
41 56 42 56
3 58 2 58
3 58 3 57
3 58 3 58
3 58 3 59
50 59 49 59
50 59 50 58
50 59 50 59
50 59 50 60
1 60 0 60
1 60 1 59
1 60 1 60
1 60 1 61
1 60 2 60
40 56 40 56
40 56 40 57
40 56 41 56
11 61 10 61
11 61 11 60
11 61 11 61
11 61 11 62
11 60 10 60
11 60 11 59
11 60 11 60
11 60 11 61
10 59 9 59
10 59 10 58
10 59 10 59
10 59 10 60
10 59 11 59
43 62 42 62
43 62 43 61
43 62 43 62
43 62 43 63
48 58 48 57
48 58 48 58
48 58 48 59
10 56 9 56
10 56 10 56
10 56 10 57
10 56 11 56
33 63 32 63
33 63 33 62
33 63 33 63
33 63 33 64
33 63 34 63
43 60 42 60
43 60 43 59
43 60 43 60
43 60 43 61
27 63 26 63
27 63 27 62
27 63 27 63
27 63 27 64
2 56 1 56
2 56 2 56
2 56 2 57
2 56 3 56
32 62 32 61
32 62 32 62
32 62 32 63
32 62 33 62
27 61 26 61
27 61 27 61
27 61 27 62
2 58 1 58
2 58 2 57
2 58 2 58
2 58 2 59
2 58 3 58
0 62 0 61
0 62 0 62
0 62 1 62
26 60 25 60
26 60 26 59
26 60 26 60
26 60 26 61
40 64 40 63
40 64 40 64
40 64 41 64
19 57 18 57
19 57 19 56
19 57 19 57
19 57 19 58
18 64 17 64
18 64 18 63
18 64 18 64
18 64 19 64
16 61 16 60
16 61 16 61
16 61 16 62
16 61 17 61
24 64 24 63
24 64 24 64
24 64 25 64
9 56 8 56
9 56 9 56
9 56 9 57
9 56 10 56
26 61 25 61
26 61 26 60
26 61 26 61
26 61 26 62
26 61 27 61
17 59 16 59
17 59 17 58
17 59 17 59
17 59 17 60
17 59 18 59
8 62 8 61
8 62 8 62
8 62 8 63
8 62 9 62
41 58 40 58
41 58 41 57
41 58 41 58
41 58 41 59
41 58 42 58
49 57 48 57
49 57 49 56
49 57 49 57
48 59 48 58
48 59 48 59
48 59 48 60
48 59 49 59
0 60 0 59
0 60 0 60
0 60 0 61
0 60 1 60
19 62 18 62
19 62 19 61
19 62 19 62
19 62 19 63
8 63 8 62
8 63 8 63
8 63 8 64
8 63 9 63
43 57 42 57
43 57 43 56
43 57 43 57
43 57 43 58
25 62 24 62
25 62 25 61
25 62 25 62
25 62 25 63
25 62 26 62
18 56 17 56
18 56 18 56
18 56 18 57
18 56 19 56
40 62 40 61
40 62 40 62
40 62 40 63
40 62 41 62
35 62 34 62
35 62 35 62
35 62 35 63
32 64 32 63
32 64 32 64
32 64 33 64
25 60 24 60
25 60 25 59
25 60 25 60
25 60 25 61
25 60 26 60
10 64 9 64
10 64 10 63
10 64 10 64
10 64 11 64
19 56 18 56
19 56 19 56
19 56 19 57
27 57 26 57
27 57 27 57
27 57 27 58
50 61 49 61
50 61 50 60
50 61 50 61
50 61 50 62
50 61 51 61
10 62 9 62
10 62 10 61
10 62 10 62
10 62 10 63
10 62 11 62
11 64 10 64
11 64 11 63
11 64 11 64
33 58 32 58
33 58 33 57
33 58 33 58
33 58 34 58
35 59 34 59
35 59 35 58
35 59 35 59
35 59 35 60
25 58 24 58
25 58 25 57
25 58 25 58
25 58 25 59
25 58 26 58
42 59 41 59
42 59 42 58
42 59 42 59
42 59 42 60
42 59 43 59
16 62 16 61
16 62 16 62
16 62 16 63
16 62 17 62
11 57 10 57
11 57 11 56
11 57 11 57
11 57 11 58
51 62 50 62
51 62 51 61
51 62 51 62
51 62 51 63
11 59 10 59
11 59 11 58
11 59 11 59
11 59 11 60
19 64 18 64
19 64 19 63
19 64 19 64
41 63 40 63
41 63 41 62
41 63 41 63
41 63 41 64
41 63 42 63
8 58 8 57
8 58 8 58
8 58 8 59
8 58 9 58
25 59 24 59
25 59 25 58
25 59 25 59
25 59 25 60
25 59 26 59
26 56 25 56
26 56 26 56
26 56 26 57
25 61 24 61
25 61 25 60
25 61 25 61
25 61 25 62
25 61 26 61
27 58 26 58
27 58 27 57
27 58 27 58
27 58 27 59
24 62 24 61
24 62 24 62
24 62 24 63
24 62 25 62
11 62 10 62
11 62 11 61
11 62 11 62
11 62 11 63
43 59 42 59
43 59 43 58
43 59 43 59
43 59 43 60
18 57 17 57
18 57 18 56
18 57 18 57
18 57 18 58
18 57 19 57
3 63 2 63
3 63 3 62
3 63 3 63
3 63 3 64
24 59 24 58
24 59 24 59
24 59 24 60
24 59 25 59
48 57 48 56
48 57 48 57
48 57 48 58
48 57 49 57
3 57 2 57
3 57 3 56
3 57 3 57
3 57 3 58
18 63 17 63
18 63 18 62
18 63 18 63
18 63 18 64
18 63 19 63
1 61 0 61
1 61 1 60
1 61 1 61
1 61 1 62
24 63 24 62
24 63 24 63
24 63 24 64
24 63 25 63
26 57 25 57
26 57 26 56
26 57 26 57
26 57 26 58
26 57 27 57
43 64 42 64
43 64 43 63
43 64 43 64
16 63 16 62
16 63 16 63
16 63 16 64
16 63 17 63
19 63 18 63
19 63 19 62
19 63 19 63
19 63 19 64
25 56 24 56
25 56 25 56
25 56 25 57
25 56 26 56
35 56 35 56
35 56 35 57
27 62 26 62
27 62 27 61
27 62 27 62
27 62 27 63
1 63 1 62
1 63 1 63
1 63 2 63
42 63 41 63
42 63 42 62
42 63 42 63
42 63 42 64
42 63 43 63
0 58 0 57
0 58 0 58
0 58 0 59
0 58 1 58
26 64 25 64
26 64 26 63
26 64 26 64
26 64 27 64
50 64 49 64
50 64 50 63
50 64 50 64
50 64 51 64
33 57 32 57
33 57 33 57
33 57 33 58
33 57 34 57
18 60 17 60
18 60 18 59
18 60 18 60
18 60 18 61
18 60 19 60
48 63 48 62
48 63 48 63
48 63 48 64
48 63 49 63
3 61 3 60
3 61 3 61
3 61 3 62
40 57 40 56
40 57 40 57
40 57 40 58
40 57 41 57
1 58 0 58
1 58 1 57
1 58 1 58
1 58 1 59
1 58 2 58
19 60 18 60
19 60 19 59
19 60 19 60
19 60 19 61
17 60 16 60
17 60 17 59
17 60 17 60
17 60 17 61
17 60 18 60
16 56 16 56
16 56 16 57
16 56 17 56
8 61 8 60
8 61 8 61
8 61 8 62
8 61 9 61
3 64 3 63
3 64 3 64
17 56 16 56
17 56 17 56
17 56 17 57
17 56 18 56
8 57 8 56
8 57 8 57
8 57 8 58
8 57 9 57
9 63 8 63
9 63 9 62
9 63 9 63
9 63 9 64
9 63 10 63
17 64 16 64
17 64 17 63
17 64 17 64
17 64 18 64
41 60 40 60
41 60 41 59
41 60 41 60
41 60 41 61
41 60 42 60
2 57 1 57
2 57 2 56
2 57 2 57
2 57 2 58
2 57 3 57
51 60 50 60
51 60 51 60
51 60 51 61
51 58 50 58
51 58 51 58
27 59 26 59
27 59 27 58
27 59 27 59
49 59 48 59
49 59 49 59
49 59 49 60
49 59 50 59
1 59 0 59
1 59 1 58
1 59 1 59
1 59 1 60
1 59 2 59
9 60 8 60
9 60 9 59
9 60 9 60
9 60 9 61
9 60 10 60
17 61 16 61
17 61 17 60
17 61 17 61
17 61 17 62
17 61 18 61
27 64 26 64
27 64 27 63
27 64 27 64
40 63 40 62
40 63 40 63
40 63 40 64
40 63 41 63
18 59 17 59
18 59 18 58
18 59 18 59
18 59 18 60
18 59 19 59
51 61 50 61
51 61 51 60
51 61 51 61
51 61 51 62
2 63 1 63
2 63 2 63
2 63 3 63
48 60 48 59
48 60 48 60
48 60 48 61
48 60 49 60
25 64 24 64
25 64 25 63
25 64 25 64
25 64 26 64
26 58 25 58
26 58 26 57
26 58 26 58
26 58 26 59
26 58 27 58
0 59 0 58
0 59 0 59
0 59 0 60
0 59 1 59
34 63 33 63
34 63 34 62
34 63 34 63
34 63 34 64
34 63 35 63
32 63 32 62
32 63 32 63
32 63 32 64
32 63 33 63
10 57 9 57
10 57 10 56
10 57 10 57
10 57 10 58
10 57 11 57
42 60 41 60
42 60 42 59
42 60 42 60
42 60 42 61
42 60 43 60
42 58 41 58
42 58 42 57
42 58 42 58
42 58 42 59
42 58 43 58
48 61 48 60
48 61 48 61
48 61 48 62
48 61 49 61
24 56 24 56
24 56 24 57
24 56 25 56
9 58 8 58
9 58 9 57
9 58 9 58
9 58 9 59
9 58 10 58
2 59 1 59
2 59 2 58
2 59 2 59
2 59 2 60
2 59 3 59
48 56 48 56
48 56 48 57
48 56 49 56
42 57 41 57
42 57 42 56
42 57 42 57
42 57 42 58
42 57 43 57
48 62 48 61
48 62 48 62
48 62 48 63
48 62 49 62
9 64 8 64
9 64 9 63
9 64 9 64
9 64 10 64
24 61 24 60
24 61 24 61
24 61 24 62
24 61 25 61
25 57 24 57
25 57 25 56
25 57 25 57
25 57 25 58
25 57 26 57
18 62 17 62
18 62 18 61
18 62 18 62
18 62 18 63
18 62 19 62
43 61 42 61
43 61 43 60
43 61 43 61
43 61 43 62
48 64 48 63
48 64 48 64
48 64 49 64
40 58 40 57
40 58 40 58
40 58 40 59
40 58 41 58
16 58 16 57
16 58 16 58
16 58 16 59
16 58 17 58
9 57 8 57
9 57 9 56
9 57 9 57
9 57 9 58
9 57 10 57
9 59 8 59
9 59 9 58
9 59 9 59
9 59 9 60
9 59 10 59
49 64 48 64
49 64 49 63
49 64 49 64
49 64 50 64
3 62 3 61
3 62 3 62
3 62 3 63
42 61 41 61
42 61 42 60
42 61 42 61
42 61 42 62
42 61 43 61
3 59 2 59
3 59 3 58
3 59 3 59
3 59 3 60
34 64 33 64
34 64 34 63
34 64 34 64
34 64 35 64
41 61 40 61
41 61 41 60
41 61 41 61
41 61 41 62
41 61 42 61
35 64 34 64
35 64 35 63
35 64 35 64
40 59 40 58
40 59 40 59
40 59 40 60
40 59 41 59
1 57 0 57
1 57 1 56
1 57 1 57
1 57 1 58
1 57 2 57
35 60 35 59
35 60 35 60
11 63 10 63
11 63 11 62
11 63 11 63
11 63 11 64
33 61 32 61
33 61 33 60
33 61 33 61
33 61 33 62
33 61 34 61
17 58 16 58
17 58 17 57
17 58 17 58
17 58 17 59
17 58 18 58
43 58 42 58
43 58 43 57
43 58 43 58
43 58 43 59
32 57 32 57
32 57 32 58
32 57 33 57
9 62 8 62
9 62 9 61
9 62 9 62
9 62 9 63
9 62 10 62
34 59 34 58
34 59 34 59
34 59 35 59
49 56 48 56
49 56 49 56
49 56 49 57
34 62 33 62
34 62 34 61
34 62 34 62
34 62 34 63
34 62 35 62
50 60 49 60
50 60 50 59
50 60 50 60
50 60 50 61
50 60 51 60
42 56 41 56
42 56 42 56
42 56 42 57
42 56 43 56
33 60 32 60
33 60 33 60
33 60 33 61
1 56 0 56
1 56 1 56
1 56 1 57
1 56 2 56
51 64 50 64
51 64 51 63
51 64 51 64
49 60 48 60
49 60 49 59
49 60 49 60
49 60 49 61
49 60 50 60
40 60 40 59
40 60 40 60
40 60 40 61
40 60 41 60
42 62 41 62
42 62 42 61
42 62 42 62
42 62 42 63
42 62 43 62
0 64 0 64
41 64 40 64
41 64 41 63
41 64 41 64
41 64 42 64
34 58 33 58
34 58 34 57
34 58 34 58
34 58 34 59
34 58 35 58
41 62 40 62
41 62 41 61
41 62 41 62
41 62 41 63
41 62 42 62
41 59 40 59
41 59 41 58
41 59 41 59
41 59 41 60
41 59 42 59
42 64 41 64
42 64 42 63
42 64 42 64
42 64 43 64
24 58 24 57
24 58 24 58
24 58 24 59
24 58 25 58
32 61 32 60
32 61 32 61
32 61 32 62
32 61 33 61
51 63 50 63
51 63 51 62
51 63 51 63
51 63 51 64
40 61 40 60
40 61 40 61
40 61 40 62
40 61 41 61
11 58 10 58
11 58 11 57
11 58 11 58
11 58 11 59
34 57 33 57
34 57 34 57
34 57 34 58
34 57 35 57
35 57 34 57
35 57 35 56
35 57 35 57
35 57 35 58
2 60 1 60
2 60 2 59
2 60 2 60
2 60 3 60
10 61 9 61
10 61 10 60
10 61 10 61
10 61 10 62
10 61 11 61
35 58 34 58
35 58 35 57
35 58 35 58
35 58 35 59
9 61 8 61
9 61 9 60
9 61 9 61
9 61 9 62
9 61 10 61
1 62 0 62
1 62 1 61
1 62 1 62
1 62 1 63
10 63 9 63
10 63 10 62
10 63 10 63
10 63 10 64
10 63 11 63
16 57 16 56
16 57 16 57
16 57 16 58
16 57 17 57
16 64 16 63
16 64 16 64
16 64 17 64
19 59 18 59
19 59 19 58
19 59 19 59
19 59 19 60
49 61 48 61
49 61 49 60
49 61 49 61
49 61 49 62
49 61 50 61
49 62 48 62
49 62 49 61
49 62 49 62
49 62 49 63
49 62 50 62
8 59 8 58
8 59 8 59
8 59 8 60
8 59 9 59
18 58 17 58
18 58 18 57
18 58 18 58
18 58 18 59
18 58 19 58
8 56 8 56
8 56 8 57
8 56 9 56
19 58 18 58
19 58 19 57
19 58 19 58
19 58 19 59
50 63 49 63
50 63 50 62
50 63 50 63
50 63 50 64
50 63 51 63
18 61 17 61
18 61 18 60
18 61 18 61
18 61 18 62
18 61 19 61
17 57 16 57
17 57 17 56
17 57 17 57
17 57 17 58
17 57 18 57
34 61 33 61
34 61 34 61
34 61 34 62
26 59 25 59
26 59 26 58
26 59 26 59
26 59 26 60
26 59 27 59
0 56 0 56
0 56 0 57
0 56 1 56
33 64 32 64
33 64 33 63
33 64 33 64
33 64 34 64
24 60 24 59
24 60 24 60
24 60 24 61
24 60 25 60
35 63 34 63
35 63 35 62
35 63 35 63
35 63 35 64
32 59 32 58
32 59 32 59
32 59 32 60
50 62 49 62
50 62 50 61
50 62 50 62
50 62 50 63
50 62 51 62
49 63 48 63
49 63 49 62
49 63 49 63
49 63 49 64
49 63 50 63
32 60 32 59
32 60 32 60
32 60 32 61
32 60 33 60
17 63 16 63
17 63 17 62
17 63 17 63
17 63 17 64
17 63 18 63
3 56 2 56
3 56 3 56
3 56 3 57
8 60 8 59
8 60 8 60
8 60 8 61
8 60 9 60
16 59 16 58
16 59 16 59
16 59 16 60
16 59 17 59
33 62 32 62
33 62 33 61
33 62 33 62
33 62 33 63
33 62 34 62
26 63 25 63
26 63 26 62
26 63 26 63
26 63 26 64
26 63 27 63
0 61 0 60
0 61 0 61
0 61 0 62
0 61 1 61
11 56 10 56
11 56 11 56
11 56 11 57
3 60 2 60
3 60 3 59
3 60 3 60
3 60 3 61
10 58 9 58
10 58 10 57
10 58 10 58
10 58 10 59
10 58 11 58
24 57 24 56
24 57 24 57
24 57 24 58
24 57 25 57
8 64 8 63
8 64 8 64
8 64 9 64
50 58 50 58
50 58 50 59
50 58 51 58
