46 29 46 28
46 29 46 29
46 29 47 29
49 28 48 28
49 28 49 28
49 28 49 29
49 28 50 28
49 21 48 21
49 21 49 20
49 21 49 21
49 21 50 21
49 20 48 20
49 20 49 20
49 20 49 21
49 20 50 20
50 20 49 20
50 20 50 20
50 20 50 21
46 28 46 28
46 28 46 29
46 28 47 28
50 25 49 25
50 25 50 24
50 25 50 25
48 25 47 25
48 25 48 24
48 25 48 25
48 25 49 25
48 29 47 29
48 29 48 28
48 29 48 29
48 29 49 29
49 25 48 25
49 25 49 24
49 25 49 25
49 25 50 25
47 20 46 20
47 20 47 20
47 20 47 21
47 20 48 20
46 25 46 24
46 25 46 25
46 25 47 25
47 29 46 29
47 29 47 28
47 29 47 29
47 29 48 29
48 24 47 24
48 24 48 24
48 24 48 25
48 24 49 24
50 28 49 28
50 28 50 28
50 28 50 29
48 20 47 20
48 20 48 20
48 20 48 21
48 20 49 20
46 21 46 20
46 21 46 21
46 21 47 21
48 21 47 21
48 21 48 20
48 21 48 21
48 21 49 21
47 21 46 21
47 21 47 20
47 21 47 21
47 21 48 21
47 28 46 28
47 28 47 28
47 28 47 29
47 28 48 28
49 29 48 29
49 29 49 28
49 29 49 29
49 29 50 29
47 25 46 25
47 25 47 24
47 25 47 25
47 25 48 25
46 24 46 24
46 24 46 25
46 24 47 24
47 24 46 24
47 24 47 24
47 24 47 25
47 24 48 24
50 21 49 21
50 21 50 20
50 21 50 21
49 24 48 24
49 24 49 24
49 24 49 25
49 24 50 24
46 20 46 20
46 20 46 21
46 20 47 20
50 29 49 29
50 29 50 28
50 29 50 29
50 24 49 24
50 24 50 24
50 24 50 25
48 28 47 28
48 28 48 28
48 28 48 29
48 28 49 28
