27 28 26 28
27 28 27 27
27 28 27 28
27 28 27 29
27 28 28 28
20 27 19 27
20 27 20 26
20 27 20 27
20 27 20 28
20 27 21 27
28 26 27 26
28 26 28 25
28 26 28 26
28 26 28 27
28 26 29 26
28 25 27 25
28 25 28 24
28 25 28 25
28 25 28 26
28 25 29 25
27 27 26 27
27 27 27 26
27 27 27 27
27 27 27 28
27 27 28 27
24 27 23 27
24 27 24 26
24 27 24 27
24 27 24 28
24 27 25 27
30 17 30 16
30 17 30 17
30 17 30 18
30 17 31 17
26 23 25 23
26 23 26 22
26 23 26 23
26 23 26 24
26 23 27 23
19 18 18 18
19 18 19 17
19 18 19 18
19 18 19 19
17 31 16 31
17 31 17 30
17 31 17 31
17 31 18 31
31 16 30 16
31 16 31 16
31 16 31 17
29 29 28 29
29 29 29 28
29 29 29 29
24 26 23 26
24 26 24 25
24 26 24 26
24 26 24 27
24 26 25 26
23 22 22 22
23 22 23 21
23 22 23 22
23 22 23 23
23 22 24 22
24 25 23 25
24 25 24 24
24 25 24 25
24 25 24 26
24 25 25 25
20 22 19 22
20 22 20 21
20 22 20 22
20 22 20 23
20 22 21 22
25 19 24 19
25 19 25 19
25 19 25 20
25 19 26 19
22 23 21 23
22 23 22 22
22 23 22 23
22 23 22 24
22 23 23 23
19 17 18 17
19 17 19 16
19 17 19 17
19 17 19 18
22 29 21 29
22 29 22 28
22 29 22 29
22 29 23 29
19 27 19 26
19 27 19 27
19 27 19 28
19 27 20 27
24 22 23 22
24 22 24 21
24 22 24 22
24 22 24 23
24 22 25 22
16 17 16 16
16 17 16 17
16 17 16 18
16 17 17 17
19 31 18 31
19 31 19 30
19 31 19 31
19 29 19 28
19 29 19 29
19 29 19 30
19 29 20 29
18 19 17 19
18 19 18 18
18 19 18 19
18 19 19 19
28 27 27 27
28 27 28 26
28 27 28 27
28 27 28 28
28 27 29 27
21 21 20 21
21 21 21 20
21 21 21 21
21 21 21 22
21 21 22 21
24 19 23 19
24 19 24 19
24 19 24 20
24 19 25 19
16 19 16 18
16 19 16 19
16 19 17 19
20 19 19 19
20 19 20 19
20 19 20 20
20 19 21 19
26 22 25 22
26 22 26 21
26 22 26 22
26 22 26 23
26 22 27 22
19 23 19 22
19 23 19 23
19 23 19 24
19 23 20 23
29 20 28 20
29 20 29 19
29 20 29 20
29 20 29 21
21 20 20 20
21 20 21 19
21 20 21 20
21 20 21 21
21 20 22 20
30 18 30 17
30 18 30 18
30 18 30 19
30 18 31 18
20 29 19 29
20 29 20 28
20 29 20 29
20 29 21 29
21 25 20 25
21 25 21 24
21 25 21 25
21 25 21 26
21 25 22 25
20 24 19 24
20 24 20 23
20 24 20 24
20 24 20 25
20 24 21 24
23 25 22 25
23 25 23 24
23 25 23 25
23 25 23 26
23 25 24 25
19 20 19 19
19 20 19 20
19 20 19 21
19 20 20 20
28 24 27 24
28 24 28 23
28 24 28 24
28 24 28 25
28 24 29 24
25 21 24 21
25 21 25 20
25 21 25 21
25 21 25 22
25 21 26 21
27 29 26 29
27 29 27 28
27 29 27 29
27 29 28 29
28 21 27 21
28 21 28 20
28 21 28 21
28 21 28 22
28 21 29 21
20 25 19 25
20 25 20 24
20 25 20 25
20 25 20 26
20 25 21 25
24 23 23 23
24 23 24 22
24 23 24 23
24 23 24 24
24 23 25 23
28 28 27 28
28 28 28 27
28 28 28 28
28 28 28 29
28 28 29 28
19 19 18 19
19 19 19 18
19 19 19 19
19 19 19 20
19 19 20 19
21 19 20 19
21 19 21 19
21 19 21 20
21 19 22 19
19 21 19 20
19 21 19 21
19 21 19 22
19 21 20 21
20 28 19 28
20 28 20 27
20 28 20 28
20 28 20 29
20 28 21 28
21 29 20 29
21 29 21 28
21 29 21 29
21 29 22 29
16 16 16 16
16 16 16 17
16 16 17 16
21 24 20 24
21 24 21 23
21 24 21 24
21 24 21 25
21 24 22 24
25 23 24 23
25 23 25 22
25 23 25 23
25 23 25 24
25 23 26 23
27 19 26 19
27 19 27 19
27 19 27 20
27 19 28 19
23 28 22 28
23 28 23 27
23 28 23 28
23 28 23 29
23 28 24 28
19 25 19 24
19 25 19 25
19 25 19 26
19 25 20 25
22 24 21 24
22 24 22 23
22 24 22 24
22 24 22 25
22 24 23 24
19 16 18 16
19 16 19 16
19 16 19 17
23 23 22 23
23 23 23 22
23 23 23 23
23 23 23 24
23 23 24 23
31 18 30 18
31 18 31 17
31 18 31 18
31 18 31 19
24 24 23 24
24 24 24 23
24 24 24 24
24 24 24 25
24 24 25 24
21 28 20 28
21 28 21 27
21 28 21 28
21 28 21 29
21 28 22 28
25 29 24 29
25 29 25 28
25 29 25 29
25 29 26 29
29 23 28 23
29 23 29 22
29 23 29 23
29 23 29 24
22 20 21 20
22 20 22 19
22 20 22 20
22 20 22 21
22 20 23 20
27 24 26 24
27 24 27 23
27 24 27 24
27 24 27 25
27 24 28 24
26 24 25 24
26 24 26 23
26 24 26 24
26 24 26 25
26 24 27 24
22 28 21 28
22 28 22 27
22 28 22 28
22 28 22 29
22 28 23 28
16 30 16 30
16 30 16 31
16 30 17 30
24 21 23 21
24 21 24 20
24 21 24 21
24 21 24 22
24 21 25 21
18 31 17 31
18 31 18 30
18 31 18 31
18 31 19 31
29 22 28 22
29 22 29 21
29 22 29 22
29 22 29 23
25 24 24 24
25 24 25 23
25 24 25 24
25 24 25 25
25 24 26 24
17 19 16 19
17 19 17 18
17 19 17 19
17 19 18 19
16 18 16 17
16 18 16 18
16 18 16 19
16 18 17 18
22 26 21 26
22 26 22 25
22 26 22 26
22 26 22 27
22 26 23 26
25 27 24 27
25 27 25 26
25 27 25 27
25 27 25 28
25 27 26 27
24 28 23 28
24 28 24 27
24 28 24 28
24 28 24 29
24 28 25 28
31 30 30 30
31 30 31 30
31 30 31 31
28 20 27 20
28 20 28 19
28 20 28 20
28 20 28 21
28 20 29 20
20 26 19 26
20 26 20 25
20 26 20 26
20 26 20 27
20 26 21 26
30 19 29 19
30 19 30 18
30 19 30 19
30 19 31 19
17 30 16 30
17 30 17 30
17 30 17 31
17 30 18 30
18 16 17 16
18 16 18 16
18 16 18 17
18 16 19 16
26 25 25 25
26 25 26 24
26 25 26 25
26 25 26 26
26 25 27 25
18 18 17 18
18 18 18 17
18 18 18 18
18 18 18 19
18 18 19 18
24 20 23 20
24 20 24 19
24 20 24 20
24 20 24 21
24 20 25 20
22 25 21 25
22 25 22 24
22 25 22 25
22 25 22 26
22 25 23 25
28 29 27 29
28 29 28 28
28 29 28 29
28 29 29 29
17 17 16 17
17 17 17 16
17 17 17 17
17 17 17 18
17 17 18 17
23 19 22 19
23 19 23 19
23 19 23 20
23 19 24 19
22 22 21 22
22 22 22 21
22 22 22 22
22 22 22 23
22 22 23 22
22 19 21 19
22 19 22 19
22 19 22 20
22 19 23 19
23 29 22 29
23 29 23 28
23 29 23 29
23 29 24 29
21 22 20 22
21 22 21 21
21 22 21 22
21 22 21 23
21 22 22 22
24 29 23 29
24 29 24 28
24 29 24 29
24 29 25 29
16 31 16 30
16 31 16 31
16 31 17 31
29 25 28 25
29 25 29 24
29 25 29 25
29 25 29 26
25 22 24 22
25 22 25 21
25 22 25 22
25 22 25 23
25 22 26 22
30 16 30 16
30 16 30 17
30 16 31 16
28 22 27 22
28 22 28 21
28 22 28 22
28 22 28 23
28 22 29 22
19 28 19 27
19 28 19 28
19 28 19 29
19 28 20 28
19 30 18 30
19 30 19 29
19 30 19 30
19 30 19 31
26 26 25 26
26 26 26 25
26 26 26 26
26 26 26 27
26 26 27 26
30 31 30 30
30 31 30 31
30 31 31 31
19 24 19 23
19 24 19 24
19 24 19 25
19 24 20 24
31 31 30 31
31 31 31 30
31 31 31 31
29 24 28 24
29 24 29 23
29 24 29 24
29 24 29 25
21 26 20 26
21 26 21 25
21 26 21 26
21 26 21 27
21 26 22 26
26 29 25 29
26 29 26 28
26 29 26 29
26 29 27 29
17 16 16 16
17 16 17 16
17 16 17 17
17 16 18 16
27 21 26 21
27 21 27 20
27 21 27 21
27 21 27 22
27 21 28 21
25 26 24 26
25 26 25 25
25 26 25 26
25 26 25 27
25 26 26 26
21 23 20 23
21 23 21 22
21 23 21 23
21 23 21 24
21 23 22 23
27 25 26 25
27 25 27 24
27 25 27 25
27 25 27 26
27 25 28 25
20 21 19 21
20 21 20 20
20 21 20 21
20 21 20 22
20 21 21 21
29 19 28 19
29 19 29 19
29 19 29 20
29 19 30 19
22 27 21 27
22 27 22 26
22 27 22 27
22 27 22 28
22 27 23 27
31 19 30 19
31 19 31 18
31 19 31 19
31 17 30 17
31 17 31 16
31 17 31 17
31 17 31 18
30 30 30 30
30 30 30 31
30 30 31 30
29 26 28 26
29 26 29 25
29 26 29 26
29 26 29 27
28 19 27 19
28 19 28 19
28 19 28 20
28 19 29 19
18 30 17 30
18 30 18 30
18 30 18 31
18 30 19 30
22 21 21 21
22 21 22 20
22 21 22 21
22 21 22 22
22 21 23 21
26 28 25 28
26 28 26 27
26 28 26 28
26 28 26 29
26 28 27 28
19 22 19 21
19 22 19 22
19 22 19 23
19 22 20 22
27 26 26 26
27 26 27 25
27 26 27 26
27 26 27 27
27 26 28 26
20 20 19 20
20 20 20 19
20 20 20 20
20 20 20 21
20 20 21 20
27 20 26 20
27 20 27 19
27 20 27 20
27 20 27 21
27 20 28 20
26 20 25 20
26 20 26 19
26 20 26 20
26 20 26 21
26 20 27 20
26 21 25 21
26 21 26 20
26 21 26 21
26 21 26 22
26 21 27 21
20 23 19 23
20 23 20 22
20 23 20 23
20 23 20 24
20 23 21 23
25 25 24 25
25 25 25 24
25 25 25 25
25 25 25 26
25 25 26 25
23 20 22 20
23 20 23 19
23 20 23 20
23 20 23 21
23 20 24 20
26 27 25 27
26 27 26 26
26 27 26 27
26 27 26 28
26 27 27 27
25 20 24 20
25 20 25 19
25 20 25 20
25 20 25 21
25 20 26 20
29 28 28 28
29 28 29 27
29 28 29 28
29 28 29 29
17 18 16 18
17 18 17 17
17 18 17 18
17 18 17 19
17 18 18 18
19 26 19 25
19 26 19 26
19 26 19 27
19 26 20 26
26 19 25 19
26 19 26 19
26 19 26 20
26 19 27 19
27 23 26 23
27 23 27 22
27 23 27 23
27 23 27 24
27 23 28 23
29 21 28 21
29 21 29 20
29 21 29 21
29 21 29 22
23 24 22 24
23 24 23 23
23 24 23 24
23 24 23 25
23 24 24 24
21 27 20 27
21 27 21 26
21 27 21 27
21 27 21 28
21 27 22 27
18 17 17 17
18 17 18 16
18 17 18 17
18 17 18 18
18 17 19 17
28 23 27 23
28 23 28 22
28 23 28 23
28 23 28 24
28 23 29 23
25 28 24 28
25 28 25 27
25 28 25 28
25 28 25 29
25 28 26 28
29 27 28 27
29 27 29 26
29 27 29 27
29 27 29 28
23 26 22 26
23 26 23 25
23 26 23 26
23 26 23 27
23 26 24 26
23 27 22 27
23 27 23 26
23 27 23 27
23 27 23 28
23 27 24 27
23 21 22 21
23 21 23 20
23 21 23 21
23 21 23 22
23 21 24 21
27 22 26 22
27 22 27 21
27 22 27 22
27 22 27 23
27 22 28 22
