47 36 46 36
47 36 47 36
47 36 47 37
47 36 48 36
49 40 48 40
49 40 49 40
49 40 49 41
49 40 50 40
48 41 47 41
48 41 48 40
48 41 48 41
48 41 49 41
46 45 46 44
46 45 46 45
46 45 47 45
49 45 48 45
49 45 49 44
49 45 49 45
49 45 50 45
50 45 49 45
50 45 50 44
50 45 50 45
50 37 49 37
50 37 50 36
50 37 50 37
47 44 46 44
47 44 47 44
47 44 47 45
47 44 48 44
46 41 46 40
46 41 46 41
46 41 47 41
49 36 48 36
49 36 49 36
49 36 49 37
49 36 50 36
50 36 49 36
50 36 50 36
50 36 50 37
50 40 49 40
50 40 50 40
50 40 50 41
47 40 46 40
47 40 47 40
47 40 47 41
47 40 48 40
49 37 48 37
49 37 49 36
49 37 49 37
49 37 50 37
48 44 47 44
48 44 48 44
48 44 48 45
48 44 49 44
48 36 47 36
48 36 48 36
48 36 48 37
48 36 49 36
47 45 46 45
47 45 47 44
47 45 47 45
47 45 48 45
48 37 47 37
48 37 48 36
48 37 48 37
48 37 49 37
48 45 47 45
48 45 48 44
48 45 48 45
48 45 49 45
49 44 48 44
49 44 49 44
49 44 49 45
49 44 50 44
46 36 46 36
46 36 46 37
46 36 47 36
46 40 46 40
46 40 46 41
46 40 47 40
46 44 46 44
46 44 46 45
46 44 47 44
48 40 47 40
48 40 48 40
48 40 48 41
48 40 49 40
50 41 49 41
50 41 50 40
50 41 50 41
47 41 46 41
47 41 47 40
47 41 47 41
47 41 48 41
50 44 49 44
50 44 50 44
50 44 50 45
47 37 46 37
47 37 47 36
47 37 47 37
47 37 48 37
49 41 48 41
49 41 49 40
49 41 49 41
49 41 50 41
46 37 46 36
46 37 46 37
46 37 47 37
