77 105 76 105
77 105 77 104
77 105 77 105
77 105 77 106
77 105 78 105
80 89 79 89
80 89 80 88
80 89 80 89
80 89 80 90
80 89 81 89
82 112 81 112
82 112 82 112
82 112 82 113
82 112 83 112
84 105 83 105
84 105 84 104
84 105 84 105
84 105 84 106
76 89 76 88
76 89 76 89
76 89 76 90
76 89 77 89
84 114 83 114
84 114 84 113
84 114 84 114
84 114 84 115
84 98 83 98
84 98 84 97
84 98 84 98
83 88 82 88
83 88 83 88
83 88 83 89
83 88 84 88
81 91 80 91
81 91 81 90
81 91 81 91
81 91 82 91
77 90 76 90
77 90 77 89
77 90 77 90
77 90 77 91
77 90 78 90
80 91 80 90
80 91 80 91
80 91 81 91
78 107 77 107
78 107 78 106
78 107 78 107
78 107 79 107
81 98 80 98
81 98 81 97
81 98 81 98
81 98 81 99
81 98 82 98
81 104 80 104
81 104 81 104
81 104 81 105
81 104 82 104
78 98 78 97
78 98 78 98
78 98 79 98
84 115 83 115
84 115 84 114
84 115 84 115
81 107 80 107
81 107 81 107
81 107 82 107
80 88 79 88
80 88 80 88
80 88 80 89
80 88 81 88
76 91 76 90
76 91 76 91
76 91 77 91
77 107 76 107
77 107 77 106
77 107 77 107
77 107 78 107
84 89 83 89
84 89 84 88
84 89 84 89
84 89 84 90
79 114 78 114
79 114 79 113
79 114 79 114
79 114 79 115
79 114 80 114
76 104 76 104
76 104 76 105
76 104 77 104
82 98 81 98
82 98 82 97
82 98 82 98
82 98 82 99
82 98 83 98
76 90 76 89
76 90 76 90
76 90 76 91
76 90 77 90
82 105 81 105
82 105 82 104
82 105 82 105
82 105 82 106
82 105 83 105
78 105 77 105
78 105 78 104
78 105 78 105
78 105 78 106
78 105 79 105
81 114 80 114
81 114 81 113
81 114 81 114
81 114 81 115
81 114 82 114
84 90 83 90
84 90 84 89
84 90 84 90
84 90 84 91
84 104 83 104
84 104 84 104
84 104 84 105
79 106 78 106
79 106 79 105
79 106 79 106
79 106 79 107
79 106 80 106
80 114 79 114
80 114 80 113
80 114 80 114
80 114 80 115
80 114 81 114
83 96 82 96
83 96 83 96
83 96 83 97
83 96 84 96
84 96 83 96
84 96 84 96
84 96 84 97
80 105 79 105
80 105 80 104
80 105 80 105
80 105 80 106
80 105 81 105
83 98 82 98
83 98 83 97
83 98 83 98
83 98 83 99
83 98 84 98
84 106 83 106
84 106 84 105
84 106 84 106
84 106 84 107
77 106 76 106
77 106 77 105
77 106 77 106
77 106 77 107
77 106 78 106
80 115 79 115
80 115 80 114
80 115 80 115
80 115 81 115
77 91 76 91
77 91 77 90
77 91 77 91
77 91 78 91
83 105 82 105
83 105 83 104
83 105 83 105
83 105 83 106
83 105 84 105
80 104 79 104
80 104 80 104
80 104 80 105
80 104 81 104
83 115 82 115
83 115 83 114
83 115 83 115
83 115 84 115
78 91 77 91
78 91 78 90
78 91 78 91
84 107 83 107
84 107 84 106
84 107 84 107
77 114 76 114
77 114 77 114
77 114 77 115
77 114 78 114
80 90 79 90
80 90 80 89
80 90 80 90
80 90 80 91
80 90 81 90
84 97 83 97
84 97 84 96
84 97 84 97
84 97 84 98
83 90 82 90
83 90 83 89
83 90 83 90
83 90 83 91
83 90 84 90
79 98 78 98
79 98 79 97
79 98 79 98
79 98 80 98
82 104 81 104
82 104 82 104
82 104 82 105
82 104 83 104
76 98 76 97
76 98 76 98
76 98 76 99
76 115 76 114
76 115 76 115
76 115 77 115
83 99 82 99
83 99 83 98
83 99 83 99
83 104 82 104
83 104 83 104
83 104 83 105
83 104 84 104
84 91 83 91
84 91 84 90
84 91 84 91
76 96 76 96
76 96 76 97
76 96 77 96
81 90 80 90
81 90 81 89
81 90 81 90
81 90 81 91
81 90 82 90
77 96 76 96
77 96 77 96
77 96 77 97
80 96 79 96
80 96 80 96
80 96 80 97
80 96 81 96
77 88 76 88
77 88 77 88
77 88 77 89
77 88 78 88
80 98 79 98
80 98 80 97
80 98 80 98
80 98 80 99
80 98 81 98
81 88 80 88
81 88 81 88
81 88 81 89
81 88 82 88
79 90 78 90
79 90 79 89
79 90 79 90
79 90 80 90
78 104 77 104
78 104 78 104
78 104 78 105
78 104 79 104
82 107 81 107
82 107 82 106
82 107 82 107
82 107 83 107
79 113 79 112
79 113 79 113
79 113 79 114
79 113 80 113
83 89 82 89
83 89 83 88
83 89 83 89
83 89 83 90
83 89 84 89
82 88 81 88
82 88 82 88
82 88 82 89
82 88 83 88
78 112 77 112
78 112 78 112
78 112 79 112
76 107 76 106
76 107 76 107
76 107 77 107
83 97 82 97
83 97 83 96
83 97 83 97
83 97 83 98
83 97 84 97
83 106 82 106
83 106 83 105
83 106 83 106
83 106 83 107
83 106 84 106
81 99 80 99
81 99 81 98
81 99 81 99
81 99 82 99
82 114 81 114
82 114 82 113
82 114 82 114
82 114 82 115
82 114 83 114
78 106 77 106
78 106 78 105
78 106 78 106
78 106 78 107
78 106 79 106
80 112 79 112
80 112 80 112
80 112 80 113
80 112 81 112
83 114 82 114
83 114 83 113
83 114 83 114
83 114 83 115
83 114 84 114
79 104 78 104
79 104 79 104
79 104 79 105
79 104 80 104
82 90 81 90
82 90 82 89
82 90 82 90
82 90 82 91
82 90 83 90
78 89 77 89
78 89 78 88
78 89 78 89
78 89 78 90
78 89 79 89
81 89 80 89
81 89 81 88
81 89 81 89
81 89 81 90
81 89 82 89
77 104 76 104
77 104 77 104
77 104 77 105
77 104 78 104
78 115 77 115
78 115 78 114
78 115 78 115
78 115 79 115
79 105 78 105
79 105 79 104
79 105 79 105
79 105 79 106
79 105 80 105
79 107 78 107
79 107 79 106
79 107 79 107
79 107 80 107
76 114 76 113
76 114 76 114
76 114 76 115
76 114 77 114
77 89 76 89
77 89 77 88
77 89 77 89
77 89 77 90
77 89 78 89
84 112 83 112
84 112 84 112
84 112 84 113
83 91 82 91
83 91 83 90
83 91 83 91
83 91 84 91
79 112 78 112
79 112 79 112
79 112 79 113
79 112 80 112
82 96 81 96
82 96 82 96
82 96 82 97
82 96 83 96
78 114 77 114
78 114 78 114
78 114 78 115
78 114 79 114
82 89 81 89
82 89 82 88
82 89 82 89
82 89 82 90
82 89 83 89
79 96 79 96
79 96 79 97
79 96 80 96
81 113 80 113
81 113 81 112
81 113 81 113
81 113 81 114
81 113 82 113
80 99 80 98
80 99 80 99
80 99 81 99
76 106 76 105
76 106 76 106
76 106 76 107
76 106 77 106
80 106 79 106
80 106 80 105
80 106 80 106
80 106 80 107
83 107 82 107
83 107 83 106
83 107 83 107
83 107 84 107
82 113 81 113
82 113 82 112
82 113 82 113
82 113 82 114
82 113 83 113
78 90 77 90
78 90 78 89
78 90 78 90
78 90 78 91
78 90 79 90
76 97 76 96
76 97 76 97
76 97 76 98
76 97 77 97
81 97 80 97
81 97 81 96
81 97 81 97
81 97 81 98
81 97 82 97
81 96 80 96
81 96 81 96
81 96 81 97
81 96 82 96
81 105 80 105
81 105 81 104
81 105 81 105
81 105 82 105
82 91 81 91
82 91 82 90
82 91 82 91
82 91 83 91
76 88 76 88
76 88 76 89
76 88 77 88
79 97 78 97
79 97 79 96
79 97 79 97
79 97 79 98
79 97 80 97
76 99 76 98
76 99 76 99
76 99 77 99
77 115 76 115
77 115 77 114
77 115 77 115
77 115 78 115
77 97 76 97
77 97 77 96
77 97 77 97
77 97 78 97
81 115 80 115
81 115 81 114
81 115 81 115
81 115 82 115
80 107 79 107
80 107 80 106
80 107 80 107
80 107 81 107
83 113 82 113
83 113 83 112
83 113 83 113
83 113 83 114
83 113 84 113
84 88 83 88
84 88 84 88
84 88 84 89
76 113 76 113
76 113 76 114
82 106 82 105
82 106 82 106
82 106 82 107
82 106 83 106
80 113 79 113
80 113 80 112
80 113 80 113
80 113 80 114
80 113 81 113
77 99 76 99
77 99 77 99
82 99 81 99
82 99 82 98
82 99 82 99
82 99 83 99
82 115 81 115
82 115 82 114
82 115 82 115
82 115 83 115
79 115 78 115
79 115 79 114
79 115 79 115
79 115 80 115
79 88 78 88
79 88 79 88
79 88 79 89
79 88 80 88
78 97 77 97
78 97 78 97
78 97 78 98
78 97 79 97
76 105 76 104
76 105 76 105
76 105 76 106
76 105 77 105
84 113 83 113
84 113 84 112
84 113 84 113
84 113 84 114
82 97 81 97
82 97 82 96
82 97 82 97
82 97 82 98
82 97 83 97
81 112 80 112
81 112 81 112
81 112 81 113
81 112 82 112
78 88 77 88
78 88 78 88
78 88 78 89
78 88 79 88
79 89 78 89
79 89 79 88
79 89 79 89
79 89 79 90
79 89 80 89
83 112 82 112
83 112 83 112
83 112 83 113
83 112 84 112
77 112 77 112
77 112 78 112
80 97 79 97
80 97 80 96
80 97 80 97
80 97 80 98
80 97 81 97
