75 98 74 98
75 98 75 97
75 98 75 98
75 98 75 99
75 98 76 98
74 111 73 111
74 111 74 110
74 111 74 111
74 111 74 112
74 111 75 111
80 116 80 115
80 116 80 116
80 116 81 116
70 118 69 118
70 118 70 117
70 118 70 118
70 118 70 119
70 118 71 118
67 101 66 101
67 101 67 100
67 101 67 101
67 101 67 102
67 101 68 101
85 108 84 108
85 108 85 107
85 108 85 108
85 108 85 109
76 105 75 105
76 105 76 104
76 105 76 105
76 105 76 106
76 105 77 105
68 102 67 102
68 102 68 101
68 102 68 102
68 102 68 103
68 102 69 102
82 107 81 107
82 107 82 106
82 107 82 107
82 107 82 108
82 107 83 107
75 119 74 119
75 119 75 118
75 119 75 119
75 119 76 119
60 95 60 94
60 95 60 95
60 95 60 96
60 95 61 95
60 94 60 93
60 94 60 94
60 94 60 95
60 94 61 94
67 98 66 98
67 98 67 97
67 98 67 98
67 98 67 99
67 98 68 98
65 114 64 114
65 114 65 113
65 114 65 114
65 114 65 115
65 114 66 114
87 114 86 114
87 114 87 114
87 114 87 115
87 114 88 114
83 110 82 110
83 110 83 109
83 110 83 110
83 110 83 111
83 110 84 110
80 99 80 98
80 99 80 99
80 99 80 100
80 99 81 99
84 102 83 102
84 102 84 101
84 102 84 102
84 102 84 103
84 102 85 102
64 115 63 115
64 115 64 114
64 115 64 115
64 115 64 116
64 115 65 115
86 115 85 115
86 115 86 114
86 115 86 115
86 115 86 116
86 115 87 115
69 108 68 108
69 108 69 107
69 108 69 108
69 108 69 109
69 108 70 108
75 111 74 111
75 111 75 110
75 111 75 111
75 111 75 112
75 111 76 111
70 111 69 111
70 111 70 110
70 111 70 111
70 111 70 112
70 111 71 111
75 115 74 115
75 115 75 114
75 115 75 115
75 115 75 116
75 115 76 115
80 107 79 107
80 107 80 106
80 107 80 107
80 107 80 108
80 107 81 107
81 103 80 103
81 103 81 102
81 103 81 103
81 103 81 104
81 103 82 103
83 113 82 113
83 113 83 112
83 113 83 113
83 113 83 114
83 113 84 113
65 90 64 90
65 90 65 90
65 90 65 91
65 90 66 90
79 119 78 119
79 119 79 118
79 119 79 119
79 119 80 119
73 107 72 107
73 107 73 106
73 107 73 107
73 107 74 107
82 104 81 104
82 104 82 103
82 104 82 104
82 104 82 105
82 104 83 104
76 114 75 114
76 114 76 113
76 114 76 114
76 114 76 115
76 114 77 114
67 96 66 96
67 96 67 95
67 96 67 96
67 96 67 97
67 96 68 96
89 94 88 94
89 94 89 93
89 94 89 94
89 94 89 95
72 99 72 98
72 99 72 99
72 99 72 100
72 99 73 99
71 106 70 106
71 106 71 105
71 106 71 106
71 106 71 107
71 106 72 106
66 117 65 117
66 117 66 116
66 117 66 117
66 117 66 118
66 117 67 117
72 96 71 96
72 96 72 95
72 96 72 96
72 96 72 97
72 96 73 96
60 90 60 90
60 90 60 91
60 90 61 90
69 95 68 95
69 95 69 95
69 95 69 96
69 95 70 95
61 92 60 92
61 92 61 91
61 92 61 92
61 92 61 93
61 92 62 92
64 90 63 90
64 90 64 90
64 90 64 91
64 90 65 90
66 108 65 108
66 108 66 107
66 108 66 108
66 108 66 109
66 108 67 108
76 110 75 110
76 110 76 109
76 110 76 110
76 110 76 111
76 110 77 110
77 108 76 108
77 108 77 107
77 108 77 108
77 108 77 109
77 108 78 108
77 100 76 100
77 100 77 99
77 100 77 100
77 100 77 101
77 100 78 100
85 104 84 104
85 104 85 103
85 104 85 104
85 104 85 105
78 106 77 106
78 106 78 105
78 106 78 106
78 106 78 107
78 106 79 106
82 116 81 116
82 116 82 115
82 116 82 116
82 116 82 117
82 116 83 116
64 114 64 114
64 114 64 115
64 114 65 114
76 108 75 108
76 108 76 107
76 108 76 108
76 108 76 109
76 108 77 108
81 102 80 102
81 102 81 101
81 102 81 102
81 102 81 103
81 102 82 102
77 109 76 109
77 109 77 108
77 109 77 109
77 109 77 110
77 109 78 109
70 115 69 115
70 115 70 114
70 115 70 115
70 115 70 116
70 115 71 115
82 95 81 95
82 95 82 95
82 95 82 96
82 95 83 95
67 117 66 117
67 117 67 116
67 117 67 117
67 117 67 118
67 117 68 117
69 117 68 117
69 117 69 116
69 117 69 117
69 117 69 118
69 117 70 117
89 93 88 93
89 93 89 93
89 93 89 94
67 95 66 95
67 95 67 94
67 95 67 95
67 95 67 96
67 95 68 95
76 118 75 118
76 118 76 117
76 118 76 118
76 118 76 119
76 118 77 118
81 111 80 111
81 111 81 110
81 111 81 111
81 111 81 112
81 111 82 111
70 100 70 99
70 100 70 100
70 100 70 101
70 100 71 100
72 95 71 95
72 95 72 95
72 95 72 96
72 95 73 95
67 113 66 113
67 113 67 113
67 113 67 114
75 116 74 116
75 116 75 115
75 116 75 116
75 116 75 117
75 116 76 116
81 117 81 116
81 117 81 117
81 117 81 118
81 117 82 117
66 109 65 109
66 109 66 108
66 109 66 109
66 109 66 110
81 110 80 110
81 110 81 109
81 110 81 110
81 110 81 111
81 110 82 110
83 112 82 112
83 112 83 111
83 112 83 112
83 112 83 113
83 112 84 112
68 108 67 108
68 108 68 107
68 108 68 108
68 108 68 109
68 108 69 108
73 98 72 98
73 98 73 97
73 98 73 98
73 98 73 99
73 98 74 98
66 110 65 110
66 110 66 109
66 110 66 110
66 110 66 111
66 110 67 110
83 96 82 96
83 96 83 95
83 96 83 96
83 96 83 97
83 96 84 96
63 95 62 95
63 95 63 94
63 95 63 95
63 95 63 96
63 95 64 95
66 94 65 94
66 94 66 93
66 94 66 94
66 94 66 95
66 94 67 94
66 115 65 115
66 115 66 114
66 115 66 115
66 115 66 116
66 115 67 115
73 105 72 105
73 105 73 104
73 105 73 105
73 105 73 106
73 105 74 105
82 96 81 96
82 96 82 95
82 96 82 96
82 96 82 97
82 96 83 96
70 103 69 103
70 103 70 102
70 103 70 103
70 103 71 103
82 102 81 102
82 102 82 101
82 102 82 102
82 102 82 103
82 102 83 102
79 107 78 107
79 107 79 106
79 107 79 107
79 107 79 108
79 107 80 107
68 103 67 103
68 103 68 102
68 103 68 103
68 103 68 104
68 103 69 103
62 94 61 94
62 94 62 93
62 94 62 94
62 94 62 95
62 94 63 94
85 100 85 99
85 100 85 100
85 100 85 101
75 106 74 106
75 106 75 105
75 106 75 106
75 106 75 107
75 106 76 106
62 118 61 118
62 118 62 117
62 118 62 118
62 118 62 119
62 118 63 118
74 109 73 109
74 109 74 108
74 109 74 109
74 109 74 110
74 109 75 109
76 106 75 106
76 106 76 105
76 106 76 106
76 106 76 107
76 106 77 106
80 113 79 113
80 113 80 112
80 113 80 113
80 113 80 114
80 113 81 113
65 118 64 118
65 118 65 117
65 118 65 118
65 118 65 119
65 118 66 118
85 92 84 92
85 92 85 91
85 92 85 92
85 92 85 93
85 92 86 92
85 105 84 105
85 105 85 104
85 105 85 105
85 105 85 106
82 108 81 108
82 108 82 107
82 108 82 108
82 108 82 109
82 108 83 108
83 95 82 95
83 95 83 95
83 95 83 96
83 95 84 95
72 118 71 118
72 118 72 117
72 118 72 118
72 118 72 119
72 118 73 118
70 102 69 102
70 102 70 101
70 102 70 102
70 102 70 103
70 102 71 102
75 113 74 113
75 113 75 112
75 113 75 113
75 113 75 114
75 113 76 113
82 111 81 111
82 111 82 110
82 111 82 111
82 111 82 112
82 111 83 111
69 115 68 115
69 115 69 114
69 115 69 115
69 115 69 116
69 115 70 115
85 96 84 96
85 96 85 95
85 96 85 96
85 96 85 97
85 96 86 96
89 96 88 96
89 96 89 95
89 96 89 96
89 96 89 97
85 94 84 94
85 94 85 93
85 94 85 94
85 94 85 95
85 94 86 94
78 109 77 109
78 109 78 108
78 109 78 109
78 109 78 110
78 109 79 109
85 102 84 102
85 102 85 101
85 102 85 102
85 102 85 103
68 115 67 115
68 115 68 114
68 115 68 115
68 115 68 116
68 115 69 115
78 118 77 118
78 118 78 117
78 118 78 118
78 118 78 119
78 118 79 118
69 99 68 99
69 99 69 98
69 99 69 99
69 99 70 99
79 110 78 110
79 110 79 109
79 110 79 110
79 110 79 111
79 110 80 110
64 119 63 119
64 119 64 118
64 119 64 119
64 119 65 119
65 99 65 98
65 99 65 99
65 99 65 100
65 99 66 99
84 115 83 115
84 115 84 114
84 115 84 115
84 115 84 116
84 115 85 115
85 91 84 91
85 91 85 90
85 91 85 91
85 91 85 92
85 91 86 91
84 114 83 114
84 114 84 113
84 114 84 114
84 114 84 115
84 114 85 114
82 103 81 103
82 103 82 102
82 103 82 103
82 103 82 104
82 103 83 103
67 94 66 94
67 94 67 93
67 94 67 94
67 94 67 95
66 119 65 119
66 119 66 118
66 119 66 119
66 119 67 119
82 100 81 100
82 100 82 99
82 100 82 100
82 100 82 101
82 100 83 100
72 115 71 115
72 115 72 114
72 115 72 115
72 115 72 116
72 115 73 115
61 114 60 114
61 114 61 114
61 114 61 115
67 115 66 115
67 115 67 114
67 115 67 115
67 115 67 116
67 115 68 115
80 100 79 100
80 100 80 99
80 100 80 100
80 100 80 101
80 100 81 100
65 102 65 101
65 102 65 102
65 102 65 103
88 115 87 115
88 115 88 114
88 115 88 115
88 115 88 116
88 115 89 115
82 101 81 101
82 101 82 100
82 101 82 101
82 101 82 102
65 93 64 93
65 93 65 92
65 93 65 93
65 93 65 94
65 93 66 93
65 96 64 96
65 96 65 95
65 96 65 96
65 96 65 97
65 96 66 96
66 90 65 90
66 90 66 90
66 90 66 91
66 90 67 90
61 95 60 95
61 95 61 94
61 95 61 95
61 95 61 96
61 95 62 95
62 96 61 96
62 96 62 95
62 96 62 96
62 96 62 97
62 96 63 96
67 108 66 108
67 108 67 107
67 108 67 108
67 108 68 108
70 114 69 114
70 114 70 113
70 114 70 114
70 114 70 115
70 114 71 114
70 105 69 105
70 105 70 105
70 105 70 106
70 105 71 105
77 112 77 111
77 112 77 112
77 112 78 112
76 97 75 97
76 97 76 96
76 97 76 97
76 97 76 98
76 97 77 97
72 103 71 103
72 103 72 103
72 103 72 104
72 103 73 103
67 106 66 106
67 106 67 105
67 106 67 106
67 106 67 107
67 106 68 106
71 101 70 101
71 101 71 100
71 101 71 101
71 101 71 102
71 101 72 101
68 97 67 97
68 97 68 96
68 97 68 97
68 97 68 98
68 97 69 97
64 118 63 118
64 118 64 117
64 118 64 118
64 118 64 119
64 118 65 118
71 108 70 108
71 108 71 107
71 108 71 108
71 108 71 109
71 108 72 108
87 92 86 92
87 92 87 91
87 92 87 92
87 92 87 93
87 92 88 92
79 108 78 108
79 108 79 107
79 108 79 108
79 108 79 109
79 108 80 108
63 115 62 115
63 115 63 115
63 115 63 116
63 115 64 115
82 105 81 105
82 105 82 104
82 105 82 105
82 105 82 106
82 105 83 105
82 114 81 114
82 114 82 113
82 114 82 114
82 114 82 115
82 114 83 114
76 115 75 115
76 115 76 114
76 115 76 115
76 115 76 116
76 115 77 115
84 90 84 90
84 90 84 91
84 90 85 90
85 97 84 97
85 97 85 96
85 97 85 97
85 97 85 98
85 97 86 97
78 105 77 105
78 105 78 104
78 105 78 105
78 105 78 106
78 105 79 105
64 117 63 117
64 117 64 116
64 117 64 117
64 117 64 118
64 117 65 117
84 92 84 91
84 92 84 92
84 92 84 93
84 92 85 92
88 92 87 92
88 92 88 92
88 92 88 93
76 109 75 109
76 109 76 108
76 109 76 109
76 109 76 110
76 109 77 109
86 94 85 94
86 94 86 93
86 94 86 94
86 94 86 95
86 94 87 94
66 105 65 105
66 105 66 105
66 105 66 106
66 105 67 105
65 110 65 109
65 110 65 110
65 110 65 111
65 110 66 110
81 100 80 100
81 100 81 99
81 100 81 100
81 100 81 101
81 100 82 100
86 116 85 116
86 116 86 115
86 116 86 116
86 116 86 117
86 116 87 116
81 97 80 97
81 97 81 96
81 97 81 97
81 97 81 98
81 97 82 97
84 112 83 112
84 112 84 111
84 112 84 112
84 112 84 113
84 112 85 112
71 100 70 100
71 100 71 100
71 100 71 101
71 100 72 100
84 94 84 93
84 94 84 94
84 94 84 95
84 94 85 94
72 114 71 114
72 114 72 113
72 114 72 114
72 114 72 115
72 114 73 114
80 96 79 96
80 96 80 95
80 96 80 96
80 96 80 97
80 96 81 96
66 116 65 116
66 116 66 115
66 116 66 116
66 116 66 117
66 116 67 116
84 93 84 92
84 93 84 93
84 93 84 94
84 93 85 93
69 118 68 118
69 118 69 117
69 118 69 118
69 118 69 119
69 118 70 118
65 92 64 92
65 92 65 91
65 92 65 92
65 92 65 93
65 92 66 92
78 119 77 119
78 119 78 118
78 119 78 119
78 119 79 119
74 113 73 113
74 113 74 112
74 113 74 113
74 113 74 114
74 113 75 113
83 118 82 118
83 118 83 117
83 118 83 118
83 118 83 119
83 118 84 118
62 115 61 115
62 115 62 115
62 115 62 116
62 115 63 115
82 99 81 99
82 99 82 98
82 99 82 99
82 99 82 100
82 99 83 99
75 104 75 103
75 104 75 104
75 104 75 105
75 104 76 104
69 111 68 111
69 111 69 110
69 111 69 111
69 111 69 112
69 111 70 111
70 117 69 117
70 117 70 116
70 117 70 117
70 117 70 118
70 117 71 117
89 91 89 90
89 91 89 91
64 116 63 116
64 116 64 115
64 116 64 116
64 116 64 117
64 116 65 116
78 112 77 112
78 112 78 111
78 112 78 112
78 112 79 112
84 109 83 109
84 109 84 108
84 109 84 109
84 109 84 110
84 109 85 109
66 103 65 103
66 103 66 103
66 103 67 103
85 95 84 95
85 95 85 94
85 95 85 95
85 95 85 96
85 95 86 95
82 98 81 98
82 98 82 97
82 98 82 98
82 98 82 99
82 98 83 98
71 116 70 116
71 116 71 115
71 116 71 116
71 116 71 117
71 116 72 116
88 119 87 119
88 119 88 118
88 119 88 119
88 119 89 119
85 93 84 93
85 93 85 92
85 93 85 93
85 93 85 94
85 93 86 93
85 115 84 115
85 115 85 114
85 115 85 115
85 115 85 116
85 115 86 115
82 110 81 110
82 110 82 109
82 110 82 110
82 110 82 111
82 110 83 110
75 101 75 100
75 101 75 101
75 101 75 102
75 101 76 101
84 118 83 118
84 118 84 117
84 118 84 118
84 118 84 119
84 118 85 118
77 106 76 106
77 106 77 105
77 106 77 106
77 106 77 107
77 106 78 106
76 100 75 100
76 100 76 99
76 100 76 100
76 100 76 101
76 100 77 100
83 111 82 111
83 111 83 110
83 111 83 111
83 111 83 112
83 111 84 111
61 115 60 115
61 115 61 114
61 115 61 115
61 115 61 116
61 115 62 115
78 108 77 108
78 108 78 107
78 108 78 108
78 108 78 109
78 108 79 108
79 105 78 105
79 105 79 104
79 105 79 105
79 105 79 106
79 105 80 105
72 100 71 100
72 100 72 99
72 100 72 100
72 100 72 101
72 100 73 100
78 107 77 107
78 107 78 106
78 107 78 107
78 107 78 108
78 107 79 107
70 112 69 112
70 112 70 111
70 112 70 112
70 112 70 113
70 112 71 112
66 97 65 97
66 97 66 96
66 97 66 97
66 97 66 98
66 97 67 97
73 114 72 114
73 114 73 113
73 114 73 114
73 114 73 115
73 114 74 114
84 105 83 105
84 105 84 104
84 105 84 105
84 105 84 106
84 105 85 105
83 99 82 99
83 99 83 98
83 99 83 99
83 99 83 100
71 111 70 111
71 111 71 110
71 111 71 111
71 111 71 112
71 111 72 111
76 103 75 103
76 103 76 102
76 103 76 103
76 103 76 104
76 103 77 103
76 104 75 104
76 104 76 103
76 104 76 104
76 104 76 105
76 104 77 104
74 107 73 107
74 107 74 106
74 107 74 107
74 107 74 108
74 107 75 107
80 101 79 101
80 101 80 100
80 101 80 101
80 101 80 102
80 101 81 101
78 104 77 104
78 104 78 103
78 104 78 104
78 104 78 105
78 104 79 104
65 107 65 106
65 107 65 107
65 107 65 108
65 107 66 107
70 116 69 116
70 116 70 115
70 116 70 116
70 116 70 117
70 116 71 116
72 107 71 107
72 107 72 106
72 107 72 107
72 107 72 108
72 107 73 107
86 96 85 96
86 96 86 95
86 96 86 96
86 96 86 97
86 96 87 96
65 119 64 119
65 119 65 118
65 119 65 119
65 119 66 119
81 104 80 104
81 104 81 103
81 104 81 104
81 104 81 105
81 104 82 104
71 95 70 95
71 95 71 95
71 95 71 96
71 95 72 95
73 116 72 116
73 116 73 115
73 116 73 116
73 116 74 116
79 106 78 106
79 106 79 105
79 106 79 106
79 106 79 107
79 106 80 106
65 115 64 115
65 115 65 114
65 115 65 115
65 115 65 116
65 115 66 115
74 98 73 98
74 98 74 97
74 98 74 98
74 98 74 99
74 98 75 98
83 103 82 103
83 103 83 102
83 103 83 103
83 103 83 104
83 103 84 103
82 117 81 117
82 117 82 116
82 117 82 117
82 117 82 118
82 117 83 117
80 104 79 104
80 104 80 103
80 104 80 104
80 104 80 105
80 104 81 104
74 103 73 103
74 103 74 102
74 103 74 103
74 103 75 103
74 114 73 114
74 114 74 113
74 114 74 114
74 114 74 115
74 114 75 114
81 113 80 113
81 113 81 112
81 113 81 113
81 113 81 114
81 113 82 113
72 116 71 116
72 116 72 115
72 116 72 116
72 116 72 117
72 116 73 116
86 97 85 97
86 97 86 96
86 97 86 97
86 97 87 97
72 105 71 105
72 105 72 104
72 105 72 105
72 105 72 106
72 105 73 105
65 109 65 108
65 109 65 109
65 109 65 110
65 109 66 109
68 119 67 119
68 119 68 118
68 119 68 119
68 119 69 119
63 118 62 118
63 118 63 117
63 118 63 118
63 118 63 119
63 118 64 118
74 105 73 105
74 105 74 105
74 105 74 106
74 105 75 105
85 103 84 103
85 103 85 102
85 103 85 103
85 103 85 104
60 97 60 96
60 97 60 97
60 97 61 97
70 113 69 113
70 113 70 112
70 113 70 113
70 113 70 114
70 113 71 113
75 107 74 107
75 107 75 106
75 107 75 107
75 107 75 108
75 107 76 107
73 119 72 119
73 119 73 118
73 119 73 119
73 119 74 119
77 117 76 117
77 117 77 116
77 117 77 117
77 117 77 118
77 117 78 117
80 108 79 108
80 108 80 107
80 108 80 108
80 108 80 109
80 108 81 108
73 110 72 110
73 110 73 109
73 110 73 110
73 110 73 111
73 110 74 110
81 114 80 114
81 114 81 113
81 114 81 114
81 114 81 115
81 114 82 114
71 96 70 96
71 96 71 95
71 96 71 96
71 96 71 97
71 96 72 96
71 102 70 102
71 102 71 101
71 102 71 102
71 102 71 103
76 99 75 99
76 99 76 98
76 99 76 99
76 99 76 100
76 99 77 99
80 109 79 109
80 109 80 108
80 109 80 109
80 109 80 110
80 109 81 109
73 106 72 106
73 106 73 105
73 106 73 106
73 106 73 107
73 106 74 106
83 104 82 104
83 104 83 103
83 104 83 104
83 104 83 105
83 104 84 104
81 112 80 112
81 112 81 111
81 112 81 112
81 112 81 113
81 112 82 112
68 95 67 95
68 95 68 95
68 95 68 96
68 95 69 95
70 106 69 106
70 106 70 105
70 106 70 106
70 106 70 107
70 106 71 106
61 90 60 90
61 90 61 90
61 90 61 91
61 90 62 90
87 115 86 115
87 115 87 114
87 115 87 115
87 115 87 116
87 115 88 115
80 98 79 98
80 98 80 97
80 98 80 98
80 98 80 99
80 98 81 98
78 100 77 100
78 100 78 100
78 100 78 101
78 100 79 100
83 114 82 114
83 114 83 113
83 114 83 114
83 114 83 115
83 114 84 114
81 118 80 118
81 118 81 117
81 118 81 118
81 118 81 119
81 118 82 118
88 117 87 117
88 117 88 116
88 117 88 117
88 117 88 118
88 117 89 117
61 119 60 119
61 119 61 118
61 119 61 119
61 119 62 119
83 100 82 100
83 100 83 99
83 100 83 100
86 119 85 119
86 119 86 118
86 119 86 119
86 119 87 119
85 98 84 98
85 98 85 97
85 98 85 98
85 98 85 99
67 91 66 91
67 91 67 90
67 91 67 91
67 91 67 92
89 90 88 90
89 90 89 90
89 90 89 91
71 97 70 97
71 97 71 96
71 97 71 97
71 97 71 98
71 97 72 97
81 109 80 109
81 109 81 108
81 109 81 109
81 109 81 110
81 109 82 109
68 98 67 98
68 98 68 97
68 98 68 98
68 98 68 99
68 98 69 98
64 97 63 97
64 97 64 96
64 97 64 97
64 97 65 97
62 90 61 90
62 90 62 90
62 90 62 91
62 90 63 90
74 115 73 115
74 115 74 114
74 115 74 115
74 115 74 116
74 115 75 115
71 109 70 109
71 109 71 108
71 109 71 109
71 109 71 110
71 109 72 109
80 102 79 102
80 102 80 101
80 102 80 102
80 102 80 103
80 102 81 102
68 110 67 110
68 110 68 109
68 110 68 110
68 110 68 111
68 110 69 110
78 98 78 97
78 98 78 98
78 98 79 98
73 95 72 95
73 95 73 95
73 95 73 96
73 95 74 95
84 116 83 116
84 116 84 115
84 116 84 116
84 116 84 117
84 116 85 116
64 92 63 92
64 92 64 91
64 92 64 92
64 92 64 93
64 92 65 92
74 117 74 116
74 117 74 117
74 117 74 118
74 117 75 117
69 106 68 106
69 106 69 105
69 106 69 106
69 106 69 107
69 106 70 106
66 96 65 96
66 96 66 95
66 96 66 96
66 96 66 97
66 96 67 96
85 112 84 112
85 112 85 111
85 112 85 112
85 112 85 113
73 115 72 115
73 115 73 114
73 115 73 115
73 115 73 116
73 115 74 115
71 117 70 117
71 117 71 116
71 117 71 117
71 117 71 118
71 117 72 117
65 111 65 110
65 111 65 111
65 111 65 112
65 111 66 111
67 105 66 105
67 105 67 104
67 105 67 105
67 105 67 106
67 105 68 105
79 103 78 103
79 103 79 102
79 103 79 103
79 103 79 104
79 103 80 103
72 101 71 101
72 101 72 100
72 101 72 101
89 118 88 118
89 118 89 117
89 118 89 118
89 118 89 119
66 98 65 98
66 98 66 97
66 98 66 98
66 98 66 99
66 98 67 98
63 116 62 116
63 116 63 115
63 116 63 116
63 116 63 117
63 116 64 116
89 115 88 115
89 115 89 114
89 115 89 115
89 115 89 116
75 100 74 100
75 100 75 99
75 100 75 100
75 100 75 101
75 100 76 100
67 104 67 103
67 104 67 104
67 104 67 105
67 104 68 104
83 109 82 109
83 109 83 108
83 109 83 109
83 109 83 110
83 109 84 109
78 115 77 115
78 115 78 114
78 115 78 115
78 115 78 116
78 115 79 115
85 110 84 110
85 110 85 109
85 110 85 110
85 110 85 111
82 119 81 119
82 119 82 118
82 119 82 119
82 119 83 119
69 105 68 105
69 105 69 104
69 105 69 105
69 105 69 106
69 105 70 105
77 99 76 99
77 99 77 99
77 99 77 100
81 105 80 105
81 105 81 104
81 105 81 105
81 105 82 105
72 110 71 110
72 110 72 109
72 110 72 110
72 110 72 111
72 110 73 110
82 115 81 115
82 115 82 114
82 115 82 115
82 115 82 116
82 115 83 115
69 114 68 114
69 114 69 113
69 114 69 114
69 114 69 115
69 114 70 114
78 117 77 117
78 117 78 116
78 117 78 117
78 117 78 118
78 117 79 117
60 93 60 92
60 93 60 93
60 93 60 94
60 93 61 93
81 116 80 116
81 116 81 115
81 116 81 116
81 116 81 117
81 116 82 116
73 109 72 109
73 109 73 109
73 109 73 110
73 109 74 109
84 91 84 90
84 91 84 91
84 91 84 92
84 91 85 91
87 117 86 117
87 117 87 116
87 117 87 117
87 117 88 117
87 91 86 91
87 91 87 90
87 91 87 91
87 91 87 92
69 96 68 96
69 96 69 95
69 96 69 96
69 96 69 97
69 96 70 96
66 107 65 107
66 107 66 106
66 107 66 107
66 107 66 108
66 107 67 107
68 118 67 118
68 118 68 117
68 118 68 118
68 118 68 119
68 118 69 118
74 118 73 118
74 118 74 117
74 118 74 118
74 118 74 119
74 118 75 118
76 111 75 111
76 111 76 110
76 111 76 111
76 111 77 111
74 96 73 96
74 96 74 95
74 96 74 96
74 96 74 97
71 113 70 113
71 113 71 112
71 113 71 113
71 113 71 114
71 113 72 113
76 96 76 95
76 96 76 96
76 96 76 97
76 96 77 96
62 92 61 92
62 92 62 91
62 92 62 92
62 92 62 93
62 92 63 92
75 117 74 117
75 117 75 116
75 117 75 117
75 117 75 118
75 117 76 117
84 107 83 107
84 107 84 106
84 107 84 107
84 107 84 108
84 107 85 107
74 119 73 119
74 119 74 118
74 119 74 119
74 119 75 119
85 106 84 106
85 106 85 105
85 106 85 106
85 106 85 107
69 98 68 98
69 98 69 97
69 98 69 98
69 98 69 99
69 98 70 98
77 107 76 107
77 107 77 106
77 107 77 107
77 107 77 108
77 107 78 107
61 96 60 96
61 96 61 95
61 96 61 96
61 96 61 97
61 96 62 96
87 93 86 93
87 93 87 92
87 93 87 93
87 93 87 94
87 93 88 93
60 119 60 119
60 119 61 119
65 112 65 111
65 112 65 112
65 112 65 113
65 112 66 112
62 91 61 91
62 91 62 90
62 91 62 91
62 91 62 92
62 91 63 91
79 111 78 111
79 111 79 110
79 111 79 111
79 111 79 112
79 111 80 111
79 98 78 98
79 98 79 97
79 98 79 98
79 98 80 98
77 101 76 101
77 101 77 100
77 101 77 101
77 101 77 102
77 101 78 101
89 97 88 97
89 97 89 96
89 97 89 97
65 103 65 102
65 103 65 103
65 103 65 104
65 103 66 103
74 110 73 110
74 110 74 109
74 110 74 110
74 110 74 111
74 110 75 110
81 99 80 99
81 99 81 98
81 99 81 99
81 99 81 100
81 99 82 99
74 95 73 95
74 95 74 95
74 95 74 96
74 95 75 95
60 115 60 114
60 115 60 115
60 115 60 116
60 115 61 115
77 102 76 102
77 102 77 101
77 102 77 102
77 102 77 103
77 102 78 102
69 112 68 112
69 112 69 111
69 112 69 112
69 112 69 113
69 112 70 112
79 97 78 97
79 97 79 96
79 97 79 97
79 97 79 98
79 97 80 97
66 113 65 113
66 113 66 112
66 113 66 113
66 113 66 114
66 113 67 113
67 93 66 93
67 93 67 92
67 93 67 93
67 93 67 94
67 99 66 99
67 99 67 98
67 99 67 99
67 99 67 100
67 99 68 99
64 93 63 93
64 93 64 92
64 93 64 93
64 93 64 94
64 93 65 93
80 105 79 105
80 105 80 104
80 105 80 105
80 105 80 106
80 105 81 105
66 101 65 101
66 101 66 100
66 101 66 101
66 101 67 101
74 106 73 106
74 106 74 105
74 106 74 106
74 106 74 107
74 106 75 106
81 98 80 98
81 98 81 97
81 98 81 98
81 98 81 99
81 98 82 98
86 90 85 90
86 90 86 90
86 90 86 91
86 90 87 90
83 116 82 116
83 116 83 115
83 116 83 116
83 116 83 117
83 116 84 116
84 119 83 119
84 119 84 118
84 119 84 119
84 119 85 119
88 95 87 95
88 95 88 94
88 95 88 95
88 95 88 96
88 95 89 95
60 96 60 95
60 96 60 96
60 96 60 97
60 96 61 96
76 119 75 119
76 119 76 118
76 119 76 119
76 119 77 119
87 94 86 94
87 94 87 93
87 94 87 94
87 94 87 95
87 94 88 94
83 108 82 108
83 108 83 107
83 108 83 108
83 108 83 109
83 108 84 108
79 101 78 101
79 101 79 100
79 101 79 101
79 101 79 102
79 101 80 101
68 106 67 106
68 106 68 105
68 106 68 106
68 106 68 107
68 106 69 106
68 111 67 111
68 111 68 110
68 111 68 111
68 111 68 112
68 111 69 111
84 110 83 110
84 110 84 109
84 110 84 110
84 110 84 111
84 110 85 110
74 112 73 112
74 112 74 111
74 112 74 112
74 112 74 113
74 112 75 112
79 109 78 109
79 109 79 108
79 109 79 109
79 109 79 110
79 109 80 109
85 109 84 109
85 109 85 108
85 109 85 109
85 109 85 110
68 96 67 96
68 96 68 95
68 96 68 96
68 96 68 97
68 96 69 96
64 91 63 91
64 91 64 90
64 91 64 91
64 91 64 92
64 91 65 91
80 110 79 110
80 110 80 109
80 110 80 110
80 110 80 111
80 110 81 110
78 97 77 97
78 97 78 97
78 97 78 98
78 97 79 97
80 112 79 112
80 112 80 111
80 112 80 112
80 112 80 113
80 112 81 112
63 97 62 97
63 97 63 96
63 97 63 97
63 97 64 97
75 102 74 102
75 102 75 101
75 102 75 102
75 102 75 103
75 102 76 102
75 105 74 105
75 105 75 104
75 105 75 105
75 105 75 106
75 105 76 105
73 118 72 118
73 118 73 118
73 118 73 119
73 118 74 118
87 90 86 90
87 90 87 90
87 90 87 91
87 90 88 90
86 118 85 118
86 118 86 117
86 118 86 118
86 118 86 119
82 112 81 112
82 112 82 111
82 112 82 112
82 112 82 113
82 112 83 112
80 119 79 119
80 119 80 118
80 119 80 119
80 119 81 119
61 91 60 91
61 91 61 90
61 91 61 91
61 91 61 92
61 91 62 91
70 98 69 98
70 98 70 97
70 98 70 98
70 98 70 99
70 98 71 98
68 104 67 104
68 104 68 103
68 104 68 104
68 104 68 105
68 104 69 104
66 92 65 92
66 92 66 91
66 92 66 92
66 92 66 93
66 92 67 92
68 109 68 108
68 109 68 109
68 109 68 110
68 109 69 109
73 103 72 103
73 103 73 102
73 103 73 103
73 103 73 104
73 103 74 103
75 114 74 114
75 114 75 113
75 114 75 114
75 114 75 115
75 114 76 114
78 101 77 101
78 101 78 100
78 101 78 101
78 101 78 102
78 101 79 101
71 119 70 119
71 119 71 118
71 119 71 119
71 119 72 119
81 115 80 115
81 115 81 114
81 115 81 115
81 115 81 116
81 115 82 115
77 111 76 111
77 111 77 110
77 111 77 111
77 111 77 112
77 111 78 111
66 106 65 106
66 106 66 105
66 106 66 106
66 106 66 107
66 106 67 106
73 102 73 102
73 102 73 103
73 102 74 102
77 119 76 119
77 119 77 118
77 119 77 119
77 119 78 119
88 94 87 94
88 94 88 93
88 94 88 94
88 94 88 95
88 94 89 94
68 107 67 107
68 107 68 106
68 107 68 107
68 107 68 108
68 107 69 107
73 97 72 97
73 97 73 96
73 97 73 97
73 97 73 98
73 97 74 97
88 96 87 96
88 96 88 95
88 96 88 96
88 96 88 97
88 96 89 96
87 96 86 96
87 96 87 95
87 96 87 96
87 96 87 97
87 96 88 96
66 95 65 95
66 95 66 94
66 95 66 95
66 95 66 96
66 95 67 95
82 97 81 97
82 97 82 96
82 97 82 97
82 97 82 98
82 97 83 97
61 118 61 117
61 118 61 118
61 118 61 119
61 118 62 118
68 101 67 101
68 101 68 100
68 101 68 101
68 101 68 102
68 116 67 116
68 116 68 115
68 116 68 116
68 116 68 117
68 116 69 116
66 100 65 100
66 100 66 99
66 100 66 100
66 100 66 101
66 100 67 100
77 110 76 110
77 110 77 109
77 110 77 110
77 110 77 111
77 110 78 110
89 119 88 119
89 119 89 118
89 119 89 119
60 91 60 90
60 91 60 91
60 91 60 92
60 91 61 91
71 105 70 105
71 105 71 104
71 105 71 105
71 105 71 106
71 105 72 105
69 110 68 110
69 110 69 109
69 110 69 110
69 110 69 111
69 110 70 110
85 101 84 101
85 101 85 100
85 101 85 101
85 101 85 102
79 100 78 100
79 100 79 100
79 100 79 101
79 100 80 100
69 97 68 97
69 97 69 96
69 97 69 97
69 97 69 98
69 97 70 97
67 111 66 111
67 111 67 110
67 111 67 111
67 111 68 111
87 95 86 95
87 95 87 94
87 95 87 95
87 95 87 96
87 95 88 95
62 117 61 117
62 117 62 116
62 117 62 117
62 117 62 118
62 117 63 117
89 116 88 116
89 116 89 115
89 116 89 116
89 116 89 117
70 109 69 109
70 109 70 108
70 109 70 109
70 109 70 110
70 109 71 109
75 99 74 99
75 99 75 98
75 99 75 99
75 99 75 100
75 99 76 99
61 116 60 116
61 116 61 115
61 116 61 116
61 116 61 117
61 116 62 116
85 107 84 107
85 107 85 106
85 107 85 107
85 107 85 108
66 91 65 91
66 91 66 90
66 91 66 91
66 91 66 92
66 91 67 91
80 95 79 95
80 95 80 95
80 95 80 96
80 95 81 95
75 110 74 110
75 110 75 109
75 110 75 110
75 110 75 111
75 110 76 110
63 93 62 93
63 93 63 92
63 93 63 93
63 93 63 94
63 93 64 93
63 94 62 94
63 94 63 93
63 94 63 94
63 94 63 95
63 94 64 94
63 119 62 119
63 119 63 118
63 119 63 119
63 119 64 119
82 106 82 105
82 106 82 106
82 106 82 107
82 106 83 106
62 93 61 93
62 93 62 92
62 93 62 93
62 93 62 94
62 93 63 93
89 95 88 95
89 95 89 94
89 95 89 95
89 95 89 96
81 95 80 95
81 95 81 95
81 95 81 96
81 95 82 95
69 113 69 112
69 113 69 113
69 113 69 114
69 113 70 113
75 118 74 118
75 118 75 117
75 118 75 118
75 118 75 119
75 118 76 118
81 108 80 108
81 108 81 107
81 108 81 108
81 108 81 109
81 108 82 108
65 106 65 105
65 106 65 106
65 106 65 107
65 106 66 106
67 97 66 97
67 97 67 96
67 97 67 97
67 97 67 98
67 97 68 97
83 97 82 97
83 97 83 96
83 97 83 97
83 97 83 98
83 97 84 97
83 105 82 105
83 105 83 104
83 105 83 105
83 105 83 106
83 105 84 105
68 114 67 114
68 114 68 114
68 114 68 115
68 114 69 114
85 119 84 119
85 119 85 118
85 119 85 119
85 119 86 119
62 97 61 97
62 97 62 96
62 97 62 97
62 97 63 97
65 105 65 104
65 105 65 105
65 105 65 106
65 105 66 105
83 115 82 115
83 115 83 114
83 115 83 115
83 115 83 116
83 115 84 115
83 117 82 117
83 117 83 116
83 117 83 117
83 117 83 118
83 117 84 117
69 104 68 104
69 104 69 103
69 104 69 104
69 104 69 105
67 118 66 118
67 118 67 117
67 118 67 118
67 118 67 119
67 118 68 118
78 111 77 111
78 111 78 110
78 111 78 111
78 111 78 112
78 111 79 111
87 119 86 119
87 119 87 119
87 119 88 119
63 96 62 96
63 96 63 95
63 96 63 96
63 96 63 97
63 96 64 96
79 117 78 117
79 117 79 117
79 117 79 118
74 99 73 99
74 99 74 98
74 99 74 99
74 99 74 100
74 99 75 99
89 117 88 117
89 117 89 116
89 117 89 117
89 117 89 118
76 107 75 107
76 107 76 106
76 107 76 107
76 107 76 108
76 107 77 107
83 102 82 102
83 102 83 102
83 102 83 103
83 102 84 102
85 118 84 118
85 118 85 117
85 118 85 118
85 118 85 119
85 118 86 118
76 95 75 95
76 95 76 95
76 95 76 96
76 95 77 95
71 110 70 110
71 110 71 109
71 110 71 110
71 110 71 111
71 110 72 110
70 119 69 119
70 119 70 118
70 119 70 119
70 119 71 119
70 110 69 110
70 110 70 109
70 110 70 110
70 110 70 111
70 110 71 110
85 117 84 117
85 117 85 116
85 117 85 117
85 117 85 118
85 117 86 117
79 96 79 95
79 96 79 96
79 96 79 97
79 96 80 96
65 91 64 91
65 91 65 90
65 91 65 91
65 91 65 92
65 91 66 91
66 112 65 112
66 112 66 111
66 112 66 112
66 112 66 113
75 112 74 112
75 112 75 111
75 112 75 112
75 112 75 113
67 102 67 101
67 102 67 102
67 102 67 103
67 102 68 102
70 96 69 96
70 96 70 95
70 96 70 96
70 96 70 97
70 96 71 96
73 99 72 99
73 99 73 98
73 99 73 99
73 99 73 100
73 99 74 99
64 94 63 94
64 94 64 93
64 94 64 94
64 94 64 95
64 94 65 94
75 109 74 109
75 109 75 108
75 109 75 109
75 109 75 110
75 109 76 109
78 95 77 95
78 95 78 95
78 95 79 95
70 108 69 108
70 108 70 107
70 108 70 108
70 108 70 109
70 108 71 108
62 116 61 116
62 116 62 115
62 116 62 116
62 116 62 117
62 116 63 116
69 119 68 119
69 119 69 118
69 119 69 119
69 119 70 119
76 116 75 116
76 116 76 115
76 116 76 116
76 116 76 117
76 116 77 116
75 95 74 95
75 95 75 95
75 95 76 95
88 90 87 90
88 90 88 90
88 90 89 90
63 90 62 90
63 90 63 90
63 90 63 91
63 90 64 90
74 97 73 97
74 97 74 96
74 97 74 97
74 97 74 98
74 97 75 97
78 110 77 110
78 110 78 109
78 110 78 110
78 110 78 111
78 110 79 110
70 95 69 95
70 95 70 95
70 95 70 96
70 95 71 95
79 104 78 104
79 104 79 103
79 104 79 104
79 104 79 105
79 104 80 104
71 115 70 115
71 115 71 114
71 115 71 115
71 115 71 116
71 115 72 115
76 101 75 101
76 101 76 100
76 101 76 101
76 101 76 102
76 101 77 101
79 112 78 112
79 112 79 111
79 112 79 112
79 112 79 113
79 112 80 112
62 95 61 95
62 95 62 94
62 95 62 95
62 95 62 96
62 95 63 95
73 104 72 104
73 104 73 103
73 104 73 104
73 104 73 105
63 92 62 92
63 92 63 91
63 92 63 92
63 92 63 93
63 92 64 92
80 111 79 111
80 111 80 110
80 111 80 111
80 111 80 112
80 111 81 111
66 99 65 99
66 99 66 98
66 99 66 99
66 99 66 100
66 99 67 99
68 99 67 99
68 99 68 98
68 99 68 99
68 99 68 100
68 99 69 99
73 111 72 111
73 111 73 110
73 111 73 111
73 111 73 112
73 111 74 111
84 117 83 117
84 117 84 116
84 117 84 117
84 117 84 118
84 117 85 117
88 116 87 116
88 116 88 115
88 116 88 116
88 116 88 117
88 116 89 116
80 97 79 97
80 97 80 96
80 97 80 97
80 97 80 98
80 97 81 97
68 100 67 100
68 100 68 99
68 100 68 100
68 100 68 101
83 98 82 98
83 98 83 97
83 98 83 98
83 98 83 99
83 98 84 98
76 102 75 102
76 102 76 101
76 102 76 102
76 102 76 103
76 102 77 102
65 100 65 99
65 100 65 100
65 100 65 101
65 100 66 100
79 113 79 112
79 113 79 113
79 113 79 114
79 113 80 113
71 114 70 114
71 114 71 113
71 114 71 114
71 114 71 115
71 114 72 114
70 99 69 99
70 99 70 98
70 99 70 99
70 99 70 100
69 107 68 107
69 107 69 106
69 107 69 107
69 107 69 108
69 107 70 107
60 117 60 116
60 117 60 117
60 117 61 117
74 108 74 107
74 108 74 108
74 108 74 109
74 108 75 108
85 111 84 111
85 111 85 110
85 111 85 111
85 111 85 112
67 114 66 114
67 114 67 113
67 114 67 114
67 114 67 115
67 114 68 114
83 119 82 119
83 119 83 118
83 119 83 119
83 119 84 119
86 114 85 114
86 114 86 114
86 114 86 115
86 114 87 114
84 103 83 103
84 103 84 102
84 103 84 103
84 103 84 104
84 103 85 103
77 95 76 95
77 95 77 95
77 95 77 96
77 95 78 95
82 109 81 109
82 109 82 108
82 109 82 109
82 109 82 110
82 109 83 109
86 95 85 95
86 95 86 94
86 95 86 95
86 95 86 96
86 95 87 95
84 111 83 111
84 111 84 110
84 111 84 111
84 111 84 112
84 111 85 111
84 95 83 95
84 95 84 94
84 95 84 95
84 95 84 96
84 95 85 95
66 93 65 93
66 93 66 92
66 93 66 93
66 93 66 94
66 93 67 93
72 111 71 111
72 111 72 110
72 111 72 111
72 111 72 112
72 111 73 111
72 113 71 113
72 113 72 112
72 113 72 113
72 113 72 114
72 113 73 113
66 111 65 111
66 111 66 110
66 111 66 111
66 111 66 112
66 111 67 111
77 116 76 116
77 116 77 115
77 116 77 116
77 116 77 117
77 116 78 116
78 102 77 102
78 102 78 101
78 102 78 102
78 102 78 103
78 102 79 102
89 114 88 114
89 114 89 114
89 114 89 115
72 108 71 108
72 108 72 107
72 108 72 108
72 108 72 109
79 95 78 95
79 95 79 95
79 95 79 96
79 95 80 95
88 118 88 117
88 118 88 118
88 118 88 119
88 118 89 118
64 95 63 95
64 95 64 94
64 95 64 95
64 95 64 96
64 95 65 95
62 119 61 119
62 119 62 118
62 119 62 119
62 119 63 119
80 118 79 118
80 118 80 118
80 118 80 119
80 118 81 118
85 116 84 116
85 116 85 115
85 116 85 116
85 116 85 117
85 116 86 116
76 98 75 98
76 98 76 97
76 98 76 98
76 98 76 99
69 103 68 103
69 103 69 102
69 103 69 103
69 103 69 104
69 103 70 103
75 97 74 97
75 97 75 97
75 97 75 98
75 97 76 97
85 114 84 114
85 114 85 113
85 114 85 114
85 114 85 115
85 114 86 114
68 105 67 105
68 105 68 104
68 105 68 105
68 105 68 106
68 105 69 105
71 103 70 103
71 103 71 102
71 103 71 103
71 103 71 104
71 103 72 103
66 114 65 114
66 114 66 113
66 114 66 114
66 114 66 115
66 114 67 114
72 106 71 106
72 106 72 105
72 106 72 106
72 106 72 107
72 106 73 106
67 119 66 119
67 119 67 118
67 119 67 119
67 119 68 119
86 117 85 117
86 117 86 116
86 117 86 117
86 117 86 118
86 117 87 117
71 107 70 107
71 107 71 106
71 107 71 107
71 107 71 108
71 107 72 107
73 113 72 113
73 113 73 112
73 113 73 113
73 113 73 114
73 113 74 113
65 95 64 95
65 95 65 94
65 95 65 95
65 95 65 96
65 95 66 95
77 103 76 103
77 103 77 102
77 103 77 103
77 103 77 104
77 103 78 103
84 98 83 98
84 98 84 97
84 98 84 98
84 98 85 98
81 119 80 119
81 119 81 118
81 119 81 119
81 119 82 119
60 114 60 114
60 114 60 115
60 114 61 114
72 98 71 98
72 98 72 97
72 98 72 98
72 98 72 99
72 98 73 98
65 94 64 94
65 94 65 93
65 94 65 94
65 94 65 95
65 94 66 94
61 94 60 94
61 94 61 93
61 94 61 94
61 94 61 95
61 94 62 94
69 116 68 116
69 116 69 115
69 116 69 116
69 116 69 117
69 116 70 116
71 118 70 118
71 118 71 117
71 118 71 118
71 118 71 119
71 118 72 118
88 114 87 114
88 114 88 114
88 114 88 115
88 114 89 114
71 112 70 112
71 112 71 111
71 112 71 112
71 112 71 113
71 112 72 112
87 116 86 116
87 116 87 115
87 116 87 116
87 116 87 117
87 116 88 116
80 106 79 106
80 106 80 105
80 106 80 106
80 106 80 107
60 116 60 115
60 116 60 116
60 116 60 117
60 116 61 116
77 115 76 115
77 115 77 114
77 115 77 115
77 115 77 116
77 115 78 115
80 115 79 115
80 115 80 114
80 115 80 115
80 115 80 116
80 115 81 115
67 110 66 110
67 110 67 110
67 110 67 111
67 110 68 110
65 104 65 103
65 104 65 104
65 104 65 105
85 113 84 113
85 113 85 112
85 113 85 113
85 113 85 114
63 117 62 117
63 117 63 116
63 117 63 117
63 117 63 118
63 117 64 117
83 107 82 107
83 107 83 106
83 107 83 107
83 107 83 108
83 107 84 107
79 118 78 118
79 118 79 117
79 118 79 118
79 118 79 119
79 118 80 118
65 108 65 107
65 108 65 108
65 108 65 109
65 108 66 108
80 103 79 103
80 103 80 102
80 103 80 103
80 103 80 104
80 103 81 103
67 107 66 107
67 107 67 106
67 107 67 107
67 107 67 108
67 107 68 107
82 113 81 113
82 113 82 112
82 113 82 113
82 113 82 114
82 113 83 113
74 100 73 100
74 100 74 99
74 100 74 100
74 100 75 100
86 93 85 93
86 93 86 92
86 93 86 93
86 93 86 94
86 93 87 93
66 118 65 118
66 118 66 117
66 118 66 118
66 118 66 119
66 118 67 118
68 112 68 111
68 112 68 112
68 112 69 112
77 96 76 96
77 96 77 95
77 96 77 96
77 96 77 97
65 117 64 117
65 117 65 116
65 117 65 117
65 117 65 118
65 117 66 117
84 108 83 108
84 108 84 107
84 108 84 108
84 108 84 109
84 108 85 108
67 103 66 103
67 103 67 102
67 103 67 103
67 103 67 104
67 103 68 103
70 101 70 100
70 101 70 101
70 101 70 102
70 101 71 101
71 104 71 103
71 104 71 104
71 104 71 105
71 104 72 104
75 108 74 108
75 108 75 107
75 108 75 108
75 108 75 109
75 108 76 108
75 103 74 103
75 103 75 102
75 103 75 103
75 103 75 104
75 103 76 103
65 101 65 100
65 101 65 101
65 101 65 102
65 101 66 101
77 97 76 97
77 97 77 96
77 97 77 97
77 97 78 97
84 104 83 104
84 104 84 103
84 104 84 104
84 104 84 105
84 104 85 104
85 99 85 98
85 99 85 99
85 99 85 100
73 100 72 100
73 100 73 99
73 100 73 100
73 100 74 100
77 104 76 104
77 104 77 103
77 104 77 104
77 104 77 105
77 104 78 104
87 97 86 97
87 97 87 96
87 97 87 97
87 97 88 97
86 92 85 92
86 92 86 91
86 92 86 92
86 92 86 93
86 92 87 92
88 93 87 93
88 93 88 92
88 93 88 93
88 93 88 94
88 93 89 93
72 112 71 112
72 112 72 111
72 112 72 112
72 112 72 113
72 112 73 112
81 101 80 101
81 101 81 100
81 101 81 101
81 101 81 102
81 101 82 101
77 114 76 114
77 114 77 114
77 114 77 115
77 114 78 114
78 114 77 114
78 114 78 114
78 114 78 115
78 114 79 114
61 93 60 93
61 93 61 92
61 93 61 93
61 93 61 94
61 93 62 93
65 113 65 112
65 113 65 113
65 113 65 114
65 113 66 113
68 117 67 117
68 117 68 116
68 117 68 117
68 117 68 118
68 117 69 117
60 92 60 91
60 92 60 92
60 92 60 93
60 92 61 92
72 119 71 119
72 119 72 118
72 119 72 119
72 119 73 119
79 102 78 102
79 102 79 101
79 102 79 102
79 102 79 103
79 102 80 102
64 96 63 96
64 96 64 95
64 96 64 96
64 96 64 97
64 96 65 96
63 91 62 91
63 91 63 90
63 91 63 91
63 91 63 92
63 91 64 91
70 107 69 107
70 107 70 106
70 107 70 107
70 107 70 108
70 107 71 107
86 91 85 91
86 91 86 90
86 91 86 91
86 91 86 92
86 91 87 91
77 105 76 105
77 105 77 104
77 105 77 105
77 105 77 106
77 105 78 105
61 117 60 117
61 117 61 116
61 117 61 117
61 117 61 118
61 117 62 117
69 102 68 102
69 102 69 102
69 102 69 103
69 102 70 102
67 100 66 100
67 100 67 99
67 100 67 100
67 100 67 101
67 100 68 100
85 90 84 90
85 90 85 90
85 90 85 91
85 90 86 90
82 118 81 118
82 118 82 117
82 118 82 118
82 118 82 119
82 118 83 118
70 97 69 97
70 97 70 96
70 97 70 97
70 97 70 98
70 97 71 97
80 114 79 114
80 114 80 113
80 114 80 114
80 114 80 115
80 114 81 114
61 97 60 97
61 97 61 96
61 97 61 97
61 97 62 97
65 98 65 97
65 98 65 98
65 98 65 99
65 98 66 98
78 103 77 103
78 103 78 102
78 103 78 103
78 103 78 104
78 103 79 103
84 96 83 96
84 96 84 95
84 96 84 96
84 96 84 97
84 96 85 96
76 117 75 117
76 117 76 116
76 117 76 117
76 117 76 118
76 117 77 117
77 118 76 118
77 118 77 117
77 118 77 118
77 118 77 119
77 118 78 118
73 96 72 96
73 96 73 95
73 96 73 96
73 96 73 97
73 96 74 96
88 97 87 97
88 97 88 96
88 97 88 97
88 97 89 97
76 113 75 113
76 113 76 113
76 113 76 114
83 106 82 106
83 106 83 105
83 106 83 106
83 106 83 107
83 106 84 106
78 116 77 116
78 116 78 115
78 116 78 116
78 116 78 117
81 96 80 96
81 96 81 95
81 96 81 96
81 96 81 97
81 96 82 96
79 114 78 114
79 114 79 113
79 114 79 114
79 114 79 115
79 114 80 114
81 107 80 107
81 107 81 107
81 107 81 108
81 107 82 107
84 113 83 113
84 113 84 112
84 113 84 113
84 113 84 114
84 113 85 113
67 92 66 92
67 92 67 91
67 92 67 92
67 92 67 93
79 115 78 115
79 115 79 114
79 115 79 115
79 115 80 115
72 109 71 109
72 109 72 108
72 109 72 109
72 109 72 110
72 109 73 109
69 109 68 109
69 109 69 108
69 109 69 109
69 109 69 110
69 109 70 109
72 97 71 97
72 97 72 96
72 97 72 97
72 97 72 98
72 97 73 97
74 102 73 102
74 102 74 102
74 102 74 103
74 102 75 102
74 116 73 116
74 116 74 115
74 116 74 116
74 116 74 117
74 116 75 116
84 106 83 106
84 106 84 105
84 106 84 106
84 106 84 107
84 106 85 106
67 116 66 116
67 116 67 115
67 116 67 116
67 116 67 117
67 116 68 116
67 90 66 90
67 90 67 90
67 90 67 91
84 97 83 97
84 97 84 96
84 97 84 97
84 97 84 98
84 97 85 97
73 112 72 112
73 112 73 111
73 112 73 112
73 112 73 113
73 112 74 112
65 116 64 116
65 116 65 115
65 116 65 116
65 116 65 117
65 116 66 116
72 104 71 104
72 104 72 103
72 104 72 104
72 104 72 105
72 104 73 104
71 98 70 98
71 98 71 97
71 98 71 98
71 98 72 98
65 97 64 97
65 97 65 96
65 97 65 97
65 97 65 98
65 97 66 97
84 101 84 101
84 101 84 102
84 101 85 101
72 117 71 117
72 117 72 116
72 117 72 117
72 117 72 118
