25 14 24 14
25 14 25 14
25 14 25 15
24 17 24 16
24 17 24 17
24 17 24 18
24 17 25 17
21 18 20 18
21 18 21 17
21 18 21 18
28 14 28 14
28 14 28 15
28 14 29 14
29 18 28 18
29 18 29 17
29 18 29 18
21 17 20 17
21 17 21 16
21 17 21 17
21 17 21 18
24 18 24 17
24 18 24 18
24 18 25 18
25 15 24 15
25 15 25 14
25 15 25 15
25 15 25 16
20 17 20 16
20 17 20 17
20 17 20 18
20 17 21 17
24 15 24 14
24 15 24 15
24 15 24 16
24 15 25 15
20 16 20 15
20 16 20 16
20 16 20 17
20 16 21 16
25 17 24 17
25 17 25 16
25 17 25 17
25 17 25 18
21 16 20 16
21 16 21 15
21 16 21 16
21 16 21 17
25 16 24 16
25 16 25 15
25 16 25 16
25 16 25 17
28 18 28 17
28 18 28 18
28 18 29 18
29 16 28 16
29 16 29 15
29 16 29 16
29 16 29 17
29 15 28 15
29 15 29 14
29 15 29 15
29 15 29 16
25 18 24 18
25 18 25 17
25 18 25 18
28 17 28 16
28 17 28 17
28 17 28 18
28 17 29 17
21 14 20 14
21 14 21 14
21 14 21 15
21 15 20 15
21 15 21 14
21 15 21 15
21 15 21 16
28 15 28 14
28 15 28 15
28 15 28 16
28 15 29 15
24 16 24 15
24 16 24 16
24 16 24 17
24 16 25 16
20 18 20 17
20 18 20 18
20 18 21 18
24 14 24 14
24 14 24 15
24 14 25 14
28 16 28 15
28 16 28 16
28 16 28 17
28 16 29 16
29 17 28 17
29 17 29 16
29 17 29 17
29 17 29 18
20 14 20 14
20 14 20 15
20 14 21 14
29 14 28 14
29 14 29 14
29 14 29 15
20 15 20 14
20 15 20 15
20 15 20 16
20 15 21 15
