47 59 46 59
47 59 47 58
47 59 47 59
47 59 48 59
49 59 48 59
49 59 49 58
49 59 49 59
49 59 50 59
47 58 46 58
47 58 47 58
47 58 47 59
47 58 48 58
50 55 49 55
50 55 50 54
50 55 50 55
49 54 48 54
49 54 49 54
49 54 49 55
49 54 50 54
48 58 47 58
48 58 48 58
48 58 48 59
48 58 49 58
48 54 47 54
48 54 48 54
48 54 48 55
48 54 49 54
50 59 49 59
50 59 50 58
50 59 50 59
46 58 46 58
46 58 46 59
46 58 47 58
48 59 47 59
48 59 48 58
48 59 48 59
48 59 49 59
47 55 46 55
47 55 47 54
47 55 47 55
47 55 48 55
46 55 46 54
46 55 46 55
46 55 47 55
47 54 46 54
47 54 47 54
47 54 47 55
47 54 48 54
50 54 49 54
50 54 50 54
50 54 50 55
49 55 48 55
49 55 49 54
49 55 49 55
49 55 50 55
46 59 46 58
46 59 46 59
46 59 47 59
46 54 46 54
46 54 46 55
46 54 47 54
50 58 49 58
50 58 50 58
50 58 50 59
49 58 48 58
49 58 49 58
49 58 49 59
49 58 50 58
48 55 47 55
48 55 48 54
48 55 48 55
48 55 49 55
