38 50 38 49
38 50 38 50
38 50 39 50
42 50 42 49
42 50 42 50
42 50 43 50
39 49 38 49
39 49 39 48
39 49 39 49
39 49 39 50
39 46 38 46
39 46 39 46
39 46 39 47
39 50 38 50
39 50 39 49
39 50 39 50
42 48 42 47
42 48 42 48
42 48 42 49
42 48 43 48
42 46 42 46
42 46 42 47
42 46 43 46
42 49 42 48
42 49 42 49
42 49 42 50
42 49 43 49
43 48 42 48
43 48 43 47
43 48 43 48
43 48 43 49
43 49 42 49
43 49 43 48
43 49 43 49
43 49 43 50
38 48 38 47
38 48 38 48
38 48 38 49
38 48 39 48
43 46 42 46
43 46 43 46
43 46 43 47
43 47 42 47
43 47 43 46
43 47 43 47
43 47 43 48
42 47 42 46
42 47 42 47
42 47 42 48
42 47 43 47
39 48 38 48
39 48 39 47
39 48 39 48
39 48 39 49
38 47 38 46
38 47 38 47
38 47 38 48
38 47 39 47
38 49 38 48
38 49 38 49
38 49 38 50
38 49 39 49
38 46 38 46
38 46 38 47
38 46 39 46
43 50 42 50
43 50 43 49
43 50 43 50
39 47 38 47
39 47 39 46
39 47 39 47
39 47 39 48
