106 91 106 90
106 91 106 91
106 91 106 92
106 91 107 91
99 94 98 94
99 94 99 93
99 94 99 94
107 89 106 89
107 89 107 88
107 89 107 89
107 89 107 90
107 89 108 89
108 91 107 91
108 91 108 90
108 91 108 91
108 91 108 92
108 91 109 91
109 92 108 92
109 92 109 91
109 92 109 92
109 92 109 93
107 86 106 86
107 86 107 86
107 86 108 86
100 88 99 88
100 88 100 87
100 88 100 88
101 91 100 91
101 91 101 90
101 91 101 91
101 91 101 92
107 90 106 90
107 90 107 89
107 90 107 90
107 90 107 91
107 90 108 90
99 93 98 93
99 93 99 92
99 93 99 93
99 93 99 94
99 93 100 93
107 92 106 92
107 92 107 91
107 92 107 92
107 92 107 93
107 92 108 92
106 94 106 93
106 94 106 94
106 94 107 94
98 93 98 92
98 93 98 93
98 93 98 94
98 93 99 93
100 92 99 92
100 92 100 91
100 92 100 92
100 92 100 93
100 92 101 92
109 86 108 86
109 86 109 86
109 86 109 87
108 88 107 88
108 88 108 87
108 88 108 88
108 88 108 89
108 88 109 88
101 86 100 86
101 86 101 86
101 86 101 87
98 91 98 90
98 91 98 91
98 91 98 92
98 91 99 91
98 88 98 87
98 88 98 88
98 88 98 89
98 88 99 88
109 94 108 94
109 94 109 93
109 94 109 94
107 88 106 88
107 88 107 88
107 88 107 89
107 88 108 88
108 94 107 94
108 94 108 93
108 94 108 94
108 94 109 94
107 94 106 94
107 94 107 93
107 94 107 94
107 94 108 94
101 87 100 87
101 87 101 86
101 87 101 87
98 86 98 86
98 86 98 87
101 90 100 90
101 90 101 89
101 90 101 90
101 90 101 91
100 91 99 91
100 91 100 90
100 91 100 91
100 91 100 92
100 91 101 91
99 87 98 87
99 87 99 87
99 87 99 88
99 87 100 87
98 89 98 88
98 89 98 89
98 89 98 90
98 89 99 89
108 87 108 86
108 87 108 87
108 87 108 88
108 87 109 87
99 91 98 91
99 91 99 90
99 91 99 91
99 91 99 92
99 91 100 91
100 87 99 87
100 87 100 86
100 87 100 87
100 87 100 88
100 87 101 87
109 93 108 93
109 93 109 92
109 93 109 93
109 93 109 94
108 92 107 92
108 92 108 91
108 92 108 92
108 92 108 93
108 92 109 92
109 90 108 90
109 90 109 89
109 90 109 90
109 90 109 91
107 91 106 91
107 91 107 90
107 91 107 91
107 91 107 92
107 91 108 91
106 92 106 91
106 92 106 92
106 92 106 93
106 92 107 92
98 87 98 86
98 87 98 87
98 87 98 88
98 87 99 87
106 86 106 86
106 86 106 87
106 86 107 86
99 90 98 90
99 90 99 89
99 90 99 90
99 90 99 91
99 90 100 90
101 93 100 93
101 93 101 92
101 93 101 93
101 93 101 94
99 89 98 89
99 89 99 88
99 89 99 89
99 89 99 90
107 93 106 93
107 93 107 92
107 93 107 93
107 93 107 94
107 93 108 93
99 88 98 88
99 88 99 87
99 88 99 88
99 88 99 89
99 88 100 88
109 88 108 88
109 88 109 87
109 88 109 88
109 88 109 89
106 93 106 92
106 93 106 93
106 93 106 94
106 93 107 93
109 87 108 87
109 87 109 86
109 87 109 87
109 87 109 88
101 92 100 92
101 92 101 91
101 92 101 92
101 92 101 93
98 90 98 89
98 90 98 90
98 90 98 91
98 90 99 90
106 88 106 87
106 88 106 88
106 88 106 89
106 88 107 88
100 93 99 93
100 93 100 92
100 93 100 93
100 93 101 93
98 92 98 91
98 92 98 92
98 92 98 93
98 92 99 92
106 87 106 86
106 87 106 87
106 87 106 88
109 91 108 91
109 91 109 90
109 91 109 91
109 91 109 92
108 89 107 89
108 89 108 88
108 89 108 89
108 89 108 90
108 89 109 89
100 90 99 90
100 90 100 90
100 90 100 91
100 90 101 90
101 94 101 93
101 94 101 94
109 89 108 89
109 89 109 88
109 89 109 89
109 89 109 90
108 86 107 86
108 86 108 86
108 86 108 87
108 86 109 86
108 90 107 90
108 90 108 89
108 90 108 90
108 90 108 91
108 90 109 90
100 86 100 86
100 86 100 87
100 86 101 86
101 89 101 89
101 89 101 90
108 93 107 93
108 93 108 92
108 93 108 93
108 93 108 94
108 93 109 93
106 89 106 88
106 89 106 89
106 89 106 90
106 89 107 89
106 90 106 89
106 90 106 90
106 90 106 91
106 90 107 90
99 92 98 92
99 92 99 91
99 92 99 92
99 92 99 93
99 92 100 92
98 94 98 93
98 94 98 94
98 94 99 94
