90 43 89 43
90 43 90 42
90 43 90 43
90 43 90 44
90 43 91 43
93 51 92 51
93 51 93 50
93 51 93 51
93 51 93 52
93 51 94 51
94 42 93 42
94 42 94 42
94 42 94 43
94 53 93 53
94 53 94 52
94 53 94 53
87 51 86 51
87 51 87 50
87 51 87 51
87 51 87 52
87 51 88 51
88 52 87 52
88 52 88 51
88 52 88 52
88 52 88 53
88 52 89 52
86 51 86 50
86 51 86 51
86 51 86 52
86 51 87 51
94 50 93 50
94 50 94 50
94 50 94 51
86 43 86 42
86 43 86 43
86 43 86 44
86 43 87 43
91 50 90 50
91 50 91 50
91 50 91 51
91 50 92 50
92 53 91 53
92 53 92 52
92 53 92 53
92 53 93 53
86 42 86 42
86 42 86 43
86 42 87 42
94 43 93 43
94 43 94 42
94 43 94 43
94 43 94 44
86 45 86 44
86 45 86 45
86 45 87 45
92 42 91 42
92 42 92 42
92 42 92 43
92 42 93 42
94 44 93 44
94 44 94 43
94 44 94 44
94 44 94 45
88 50 87 50
88 50 88 50
88 50 88 51
88 50 89 50
90 51 89 51
90 51 90 50
90 51 90 51
90 51 90 52
90 51 91 51
91 53 90 53
91 53 91 53
91 53 92 53
93 52 92 52
93 52 93 51
93 52 93 52
93 52 93 53
93 52 94 52
88 44 87 44
88 44 88 43
88 44 88 44
88 44 88 45
88 44 89 44
88 42 87 42
88 42 88 42
88 42 88 43
88 42 89 42
87 43 86 43
87 43 87 42
87 43 87 43
87 43 87 44
87 43 88 43
86 52 86 51
86 52 86 52
86 52 86 53
86 52 87 52
94 52 93 52
94 52 94 51
94 52 94 52
94 52 94 53
90 52 89 52
90 52 90 51
90 52 90 52
90 52 90 53
90 45 89 45
90 45 90 44
90 45 90 45
90 45 91 45
86 53 86 52
86 53 86 53
86 53 87 53
89 43 88 43
89 43 89 42
89 43 89 43
89 43 89 44
89 43 90 43
92 43 91 43
92 43 92 42
92 43 92 43
92 43 92 44
92 43 93 43
92 44 91 44
92 44 92 43
92 44 92 44
92 44 92 45
92 44 93 44
93 43 92 43
93 43 93 42
93 43 93 43
93 43 93 44
93 43 94 43
92 52 92 51
92 52 92 52
92 52 92 53
92 52 93 52
89 44 88 44
89 44 89 43
89 44 89 44
89 44 89 45
89 44 90 44
87 45 86 45
87 45 87 44
87 45 87 45
87 45 88 45
93 45 92 45
93 45 93 44
93 45 93 45
93 45 94 45
88 51 87 51
88 51 88 50
88 51 88 51
88 51 88 52
88 51 89 51
87 42 86 42
87 42 87 42
87 42 87 43
87 42 88 42
88 43 87 43
88 43 88 42
88 43 88 43
88 43 88 44
88 43 89 43
90 50 89 50
90 50 90 50
90 50 90 51
90 50 91 50
94 45 93 45
94 45 94 44
94 45 94 45
93 53 92 53
93 53 93 52
93 53 93 53
93 53 94 53
92 51 91 51
92 51 92 50
92 51 92 51
92 51 92 52
92 51 93 51
90 53 89 53
90 53 90 52
90 53 90 53
90 53 91 53
94 51 93 51
94 51 94 50
94 51 94 51
94 51 94 52
86 50 86 50
86 50 86 51
86 50 87 50
87 44 86 44
87 44 87 43
87 44 87 44
87 44 87 45
87 44 88 44
88 45 87 45
88 45 88 44
88 45 88 45
88 45 89 45
87 52 86 52
87 52 87 51
87 52 87 52
87 52 87 53
87 52 88 52
91 45 90 45
91 45 91 44
91 45 91 45
91 45 92 45
92 45 91 45
92 45 92 44
92 45 92 45
92 45 93 45
90 42 89 42
90 42 90 42
90 42 90 43
90 42 91 42
92 50 91 50
92 50 92 50
92 50 92 51
92 50 93 50
91 43 90 43
91 43 91 42
91 43 91 43
91 43 91 44
91 43 92 43
87 50 86 50
87 50 87 50
87 50 87 51
87 50 88 50
88 53 87 53
88 53 88 52
88 53 88 53
88 53 89 53
93 44 92 44
93 44 93 43
93 44 93 44
93 44 93 45
93 44 94 44
89 42 88 42
89 42 89 42
89 42 89 43
89 42 90 42
91 42 90 42
91 42 91 42
91 42 91 43
91 42 92 42
93 42 92 42
93 42 93 42
93 42 93 43
93 42 94 42
90 44 89 44
90 44 90 43
90 44 90 44
90 44 90 45
90 44 91 44
89 51 88 51
89 51 89 50
89 51 89 51
89 51 89 52
89 51 90 51
89 52 88 52
89 52 89 51
89 52 89 52
89 52 89 53
89 52 90 52
93 50 92 50
93 50 93 50
93 50 93 51
93 50 94 50
91 44 90 44
91 44 91 43
91 44 91 44
91 44 91 45
91 44 92 44
87 53 86 53
87 53 87 52
87 53 87 53
87 53 88 53
89 45 88 45
89 45 89 44
89 45 89 45
89 45 90 45
89 53 88 53
89 53 89 52
89 53 89 53
89 53 90 53
89 50 88 50
89 50 89 50
89 50 89 51
89 50 90 50
86 44 86 43
86 44 86 44
86 44 86 45
86 44 87 44
91 51 90 51
91 51 91 50
91 51 91 51
91 51 92 51
