57 68 56 68
57 68 57 68
57 68 57 69
64 78 63 78
64 78 64 77
64 78 64 78
64 78 64 79
56 76 56 76
56 76 56 77
56 76 57 76
63 79 62 79
63 79 63 78
63 79 63 79
63 79 64 79
59 70 58 70
59 70 59 69
59 70 59 70
59 70 59 71
59 70 60 70
61 69 61 68
61 69 61 69
61 69 61 70
61 69 62 69
57 77 56 77
57 77 57 76
57 77 57 77
57 77 57 78
57 77 58 77
61 68 60 68
61 68 61 68
61 68 61 69
61 68 62 68
63 68 62 68
63 68 63 68
63 68 63 69
63 68 64 68
58 69 57 69
58 69 58 69
58 69 58 70
58 69 59 69
59 78 58 78
59 78 59 77
59 78 59 78
59 78 59 79
59 78 60 78
62 69 61 69
62 69 62 68
62 69 62 69
62 69 63 69
57 78 56 78
57 78 57 77
57 78 57 78
57 78 57 79
57 78 58 78
63 77 62 77
63 77 63 76
63 77 63 77
63 77 63 78
63 77 64 77
56 71 56 70
56 71 56 71
56 71 57 71
61 76 60 76
61 76 61 76
61 76 61 77
61 76 62 76
56 78 56 77
56 78 56 78
56 78 56 79
56 78 57 78
63 69 62 69
63 69 63 68
63 69 63 69
63 69 63 70
63 69 64 69
60 70 59 70
60 70 60 70
60 70 60 71
60 70 61 70
56 77 56 76
56 77 56 77
56 77 56 78
56 77 57 77
60 79 59 79
60 79 60 78
60 79 60 79
60 79 61 79
60 78 59 78
60 78 60 77
60 78 60 78
60 78 60 79
64 69 63 69
64 69 64 68
64 69 64 69
64 69 64 70
58 70 57 70
58 70 58 69
58 70 58 70
58 70 58 71
58 70 59 70
63 76 62 76
63 76 63 76
63 76 63 77
63 76 64 76
56 79 56 78
56 79 56 79
56 79 57 79
64 70 63 70
64 70 64 69
64 70 64 70
64 70 64 71
59 69 58 69
59 69 59 68
59 69 59 69
59 69 59 70
58 71 57 71
58 71 58 70
58 71 58 71
58 71 59 71
60 68 59 68
60 68 60 68
60 68 61 68
56 68 56 68
56 68 56 69
56 68 57 68
62 71 61 71
62 71 62 71
62 71 63 71
59 76 58 76
59 76 59 76
59 76 59 77
59 76 60 76
61 71 60 71
61 71 61 70
61 71 61 71
61 71 62 71
61 79 60 79
61 79 61 79
61 79 62 79
62 79 61 79
62 79 62 78
62 79 62 79
62 79 63 79
58 76 57 76
58 76 58 76
58 76 58 77
58 76 59 76
60 77 59 77
60 77 60 76
60 77 60 77
60 77 60 78
60 77 61 77
57 69 56 69
57 69 57 68
57 69 57 69
57 69 57 70
57 69 58 69
60 76 59 76
60 76 60 76
60 76 60 77
60 76 61 76
58 78 57 78
58 78 58 77
58 78 58 78
58 78 58 79
58 78 59 78
57 76 56 76
57 76 57 76
57 76 57 77
57 76 58 76
64 77 63 77
64 77 64 76
64 77 64 77
64 77 64 78
64 68 63 68
64 68 64 68
64 68 64 69
58 77 57 77
58 77 58 76
58 77 58 77
58 77 58 78
58 77 59 77
59 68 59 68
59 68 59 69
59 68 60 68
62 76 61 76
62 76 62 76
62 76 62 77
62 76 63 76
62 77 61 77
62 77 62 76
62 77 62 77
62 77 62 78
62 77 63 77
57 70 56 70
57 70 57 69
57 70 57 70
57 70 57 71
57 70 58 70
63 78 62 78
63 78 63 77
63 78 63 78
63 78 63 79
63 78 64 78
59 79 58 79
59 79 59 78
59 79 59 79
59 79 60 79
59 71 58 71
59 71 59 70
59 71 59 71
59 71 60 71
64 76 63 76
64 76 64 76
64 76 64 77
57 71 56 71
57 71 57 70
57 71 57 71
57 71 58 71
57 79 56 79
57 79 57 78
57 79 57 79
57 79 58 79
58 79 57 79
58 79 58 78
58 79 58 79
58 79 59 79
61 77 60 77
61 77 61 76
61 77 61 77
61 77 62 77
64 79 63 79
64 79 64 78
64 79 64 79
62 78 62 77
62 78 62 78
62 78 62 79
62 78 63 78
59 77 58 77
59 77 59 76
59 77 59 77
59 77 59 78
59 77 60 77
62 68 61 68
62 68 62 68
62 68 62 69
62 68 63 68
63 71 62 71
63 71 63 70
63 71 63 71
63 71 64 71
60 71 59 71
60 71 60 70
60 71 60 71
60 71 61 71
63 70 63 69
63 70 63 70
63 70 63 71
63 70 64 70
56 70 56 69
56 70 56 70
56 70 56 71
56 70 57 70
56 69 56 68
56 69 56 69
56 69 56 70
56 69 57 69
64 71 63 71
64 71 64 70
64 71 64 71
61 70 60 70
61 70 61 69
61 70 61 70
61 70 61 71
