72 40 71 40
72 40 72 39
72 40 72 40
72 40 72 41
72 40 73 40
79 49 78 49
79 49 79 48
79 49 79 49
79 49 79 50
79 49 80 49
74 38 73 38
74 38 74 37
74 38 74 38
74 38 74 39
74 38 75 38
83 50 82 50
83 50 83 49
83 50 83 50
83 50 83 51
83 50 84 50
81 44 80 44
81 44 81 43
81 44 81 44
81 44 81 45
81 44 82 44
66 51 65 51
66 51 66 50
66 51 66 51
66 51 66 52
66 51 67 51
83 51 82 51
83 51 83 50
83 51 83 51
83 51 83 52
83 51 84 51
74 42 73 42
74 42 74 41
74 42 74 42
74 42 74 43
74 42 75 42
68 43 67 43
68 43 68 42
68 43 68 43
68 43 68 44
68 43 69 43
65 54 64 54
65 54 65 53
65 54 65 54
65 54 65 55
65 54 66 54
69 42 68 42
69 42 69 41
69 42 69 42
69 42 69 43
69 42 70 42
80 37 79 37
80 37 80 36
80 37 80 37
80 37 80 38
80 37 81 37
66 52 65 52
66 52 66 51
66 52 66 52
66 52 66 53
66 52 67 52
74 49 73 49
74 49 74 48
74 49 74 49
74 49 74 50
74 49 75 49
74 52 73 52
74 52 74 51
74 52 74 52
74 52 74 53
74 52 75 52
65 56 64 56
65 56 65 55
65 56 65 56
65 56 65 57
71 36 71 35
71 36 71 36
71 36 71 37
71 36 72 36
73 48 72 48
73 48 73 47
73 48 73 48
73 48 73 49
73 48 74 48
70 37 69 37
70 37 70 37
70 37 70 38
70 37 71 37
76 48 75 48
76 48 76 48
76 48 76 49
76 48 77 48
65 59 64 59
65 59 65 58
65 59 65 59
65 59 66 59
63 58 62 58
63 58 63 57
63 58 63 58
63 58 64 58
84 56 84 55
84 56 84 56
84 56 84 57
84 56 85 56
75 42 74 42
75 42 75 42
75 42 75 43
75 42 76 42
78 46 77 46
78 46 78 45
78 46 78 46
78 46 78 47
78 46 79 46
60 32 60 31
60 32 60 32
60 32 60 33
60 32 61 32
67 39 66 39
67 39 67 38
67 39 67 39
67 39 67 40
67 39 68 39
78 35 77 35
78 35 78 35
78 35 78 36
78 35 79 35
61 56 60 56
61 56 61 55
61 56 61 56
61 56 61 57
61 56 62 56
71 51 70 51
71 51 71 50
71 51 71 51
71 51 71 52
71 51 72 51
72 51 71 51
72 51 72 50
72 51 72 51
72 51 72 52
72 51 73 51
68 42 67 42
68 42 68 41
68 42 68 42
68 42 68 43
68 42 69 42
66 40 65 40
66 40 66 39
66 40 66 40
66 40 66 41
66 40 67 40
66 45 65 45
66 45 66 44
66 45 66 45
66 45 67 45
70 41 69 41
70 41 70 40
70 41 70 41
70 41 70 42
70 41 71 41
80 45 79 45
80 45 80 44
80 45 80 45
80 45 80 46
80 45 81 45
87 55 86 55
87 55 87 54
87 55 87 55
87 55 87 56
87 55 88 55
71 50 70 50
71 50 71 49
71 50 71 50
71 50 71 51
71 50 72 50
77 48 76 48
77 48 77 47
77 48 77 48
77 48 78 48
76 51 75 51
76 51 76 50
76 51 76 51
76 51 76 52
76 51 77 51
63 34 62 34
63 34 63 33
63 34 63 34
63 34 63 35
63 34 64 34
63 55 62 55
63 55 63 54
63 55 63 55
63 55 63 56
63 55 64 55
69 53 68 53
69 53 69 52
69 53 69 53
69 53 69 54
69 53 70 53
82 35 81 35
82 35 82 35
82 35 82 36
82 35 83 35
84 39 83 39
84 39 84 38
84 39 84 39
84 39 85 39
63 54 62 54
63 54 63 54
63 54 63 55
63 54 64 54
74 43 73 43
74 43 74 42
74 43 74 43
74 43 74 44
74 43 75 43
67 30 66 30
67 30 67 30
67 30 67 31
83 46 82 46
83 46 83 45
83 46 83 46
83 46 83 47
83 46 84 46
76 39 75 39
76 39 76 38
76 39 76 39
76 39 76 40
76 39 77 39
78 50 77 50
78 50 78 49
78 50 78 50
78 50 78 51
78 50 79 50
78 55 78 54
78 55 78 55
78 55 79 55
64 30 63 30
64 30 64 30
64 30 64 31
64 30 65 30
65 58 64 58
65 58 65 57
65 58 65 58
65 58 65 59
65 58 66 58
66 38 65 38
66 38 66 38
66 38 66 39
66 38 67 38
87 54 86 54
87 54 87 54
87 54 87 55
87 54 88 54
82 37 81 37
82 37 82 36
82 37 82 37
82 37 82 38
82 37 83 37
68 37 67 37
68 37 68 36
68 37 68 37
68 37 68 38
68 37 69 37
68 39 67 39
68 39 68 38
68 39 68 39
68 39 68 40
68 39 69 39
85 38 84 38
85 38 85 37
85 38 85 38
85 38 85 39
82 44 81 44
82 44 82 43
82 44 82 44
82 44 82 45
66 50 65 50
66 50 66 49
66 50 66 50
66 50 66 51
66 50 67 50
87 57 86 57
87 57 87 56
87 57 87 57
87 57 87 58
87 57 88 57
81 46 80 46
81 46 81 45
81 46 81 46
81 46 81 47
81 46 82 46
62 57 61 57
62 57 62 56
62 57 62 57
62 57 62 58
62 57 63 57
64 56 63 56
64 56 64 55
64 56 64 56
64 56 64 57
64 56 65 56
88 56 87 56
88 56 88 55
88 56 88 56
88 56 88 57
88 56 89 56
65 42 65 41
65 42 65 42
65 42 65 43
73 40 72 40
73 40 73 39
73 40 73 40
73 40 73 41
73 40 74 40
62 55 61 55
62 55 62 54
62 55 62 55
62 55 62 56
62 55 63 55
63 31 62 31
63 31 63 30
63 31 63 31
63 31 63 32
63 31 64 31
89 37 88 37
89 37 89 36
89 37 89 37
89 54 88 54
89 54 89 54
89 54 89 55
65 50 65 49
65 50 65 50
65 50 65 51
65 50 66 50
67 37 67 36
67 37 67 37
67 37 67 38
67 37 68 37
82 41 81 41
82 41 82 40
82 41 82 41
82 41 82 42
82 41 83 41
80 36 79 36
80 36 80 35
80 36 80 36
80 36 80 37
80 36 81 36
68 49 67 49
68 49 68 48
68 49 68 49
68 49 68 50
68 49 69 49
81 55 80 55
81 55 81 54
81 55 81 55
69 51 68 51
69 51 69 50
69 51 69 51
69 51 69 52
69 51 70 51
74 36 73 36
74 36 74 36
74 36 74 37
74 36 75 36
64 58 63 58
64 58 64 57
64 58 64 58
64 58 64 59
64 58 65 58
67 34 66 34
67 34 67 33
67 34 67 34
67 34 67 35
84 34 84 34
84 34 84 35
84 34 85 34
73 54 72 54
73 54 73 53
73 54 73 54
73 54 73 55
73 54 74 54
88 54 87 54
88 54 88 54
88 54 88 55
88 54 89 54
72 47 71 47
72 47 72 46
72 47 72 47
72 47 72 48
72 47 73 47
65 52 65 51
65 52 65 52
65 52 65 53
65 52 66 52
77 45 76 45
77 45 77 44
77 45 77 45
77 45 77 46
77 45 78 45
66 34 65 34
66 34 66 33
66 34 66 34
66 34 66 35
66 34 67 34
78 40 77 40
78 40 78 39
78 40 78 40
78 40 78 41
78 40 79 40
82 38 81 38
82 38 82 37
82 38 82 38
82 38 82 39
82 38 83 38
85 33 85 32
85 33 85 33
85 33 85 34
85 33 86 33
84 58 84 57
84 58 84 58
84 58 84 59
84 58 85 58
68 48 67 48
68 48 68 47
68 48 68 48
68 48 68 49
68 48 69 48
61 36 60 36
61 36 61 35
61 36 61 36
61 36 61 37
61 36 62 36
78 38 77 38
78 38 78 38
78 38 78 39
78 38 79 38
79 51 78 51
79 51 79 50
79 51 79 51
79 51 79 52
79 51 80 51
66 31 65 31
66 31 66 30
66 31 66 31
66 31 66 32
66 31 67 31
69 55 68 55
69 55 69 54
69 55 69 55
69 55 70 55
73 55 72 55
73 55 73 54
73 55 73 55
73 55 74 55
66 36 65 36
66 36 66 35
66 36 66 36
66 36 67 36
71 38 70 38
71 38 71 37
71 38 71 38
71 38 71 39
71 38 72 38
81 50 80 50
81 50 81 49
81 50 81 50
81 50 81 51
81 50 82 50
84 31 84 30
84 31 84 31
84 31 84 32
84 31 85 31
77 50 76 50
77 50 77 50
77 50 77 51
77 50 78 50
85 34 84 34
85 34 85 33
85 34 85 34
85 34 85 35
85 34 86 34
79 53 78 53
79 53 79 52
79 53 79 53
79 53 79 54
79 53 80 53
79 47 78 47
79 47 79 46
79 47 79 47
79 47 79 48
79 47 80 47
71 41 70 41
71 41 71 40
71 41 71 41
71 41 71 42
71 41 72 41
75 54 74 54
75 54 75 53
75 54 75 54
75 54 75 55
75 54 76 54
80 51 79 51
80 51 80 50
80 51 80 51
80 51 80 52
80 51 81 51
79 42 79 41
79 42 79 42
79 42 79 43
79 42 80 42
89 34 88 34
89 34 89 33
89 34 89 34
89 34 89 35
67 33 66 33
67 33 67 32
67 33 67 33
67 33 67 34
81 39 80 39
81 39 81 38
81 39 81 39
81 39 81 40
81 39 82 39
86 36 85 36
86 36 86 35
86 36 86 36
86 36 86 37
86 36 87 36
71 44 70 44
71 44 71 43
71 44 71 44
71 44 71 45
71 44 72 44
86 32 85 32
86 32 86 31
86 32 86 32
86 32 86 33
86 32 87 32
63 35 62 35
63 35 63 34
63 35 63 35
63 35 63 36
63 35 64 35
78 48 77 48
78 48 78 47
78 48 78 48
78 48 78 49
78 48 79 48
65 45 65 44
65 45 65 45
65 45 65 46
65 45 66 45
60 33 60 32
60 33 60 33
60 33 60 34
60 33 61 33
73 42 72 42
73 42 73 41
73 42 73 42
73 42 73 43
73 42 74 42
83 40 82 40
83 40 83 39
83 40 83 40
83 40 83 41
69 39 68 39
69 39 69 38
69 39 69 39
69 39 69 40
69 39 70 39
78 43 77 43
78 43 78 43
78 43 78 44
78 43 79 43
89 35 88 35
89 35 89 34
89 35 89 35
89 35 89 36
70 54 69 54
70 54 70 53
70 54 70 54
70 54 70 55
70 54 71 54
85 50 84 50
85 50 85 50
85 50 85 51
88 37 87 37
88 37 88 36
88 37 88 37
88 37 89 37
63 33 62 33
63 33 63 32
63 33 63 33
63 33 63 34
63 33 64 33
77 38 76 38
77 38 77 37
77 38 77 38
77 38 77 39
77 38 78 38
61 54 60 54
61 54 61 54
61 54 61 55
61 54 62 54
69 41 68 41
69 41 69 40
69 41 69 41
69 41 69 42
69 41 70 41
77 53 76 53
77 53 77 52
77 53 77 53
77 53 77 54
77 53 78 53
76 36 75 36
76 36 76 35
76 36 76 36
76 36 76 37
76 36 77 36
66 35 65 35
66 35 66 34
66 35 66 35
66 35 66 36
66 35 67 35
80 54 79 54
80 54 80 53
80 54 80 54
80 54 80 55
80 54 81 54
66 54 65 54
66 54 66 53
66 54 66 54
66 54 66 55
66 54 67 54
83 55 83 54
83 55 83 55
83 55 84 55
84 53 83 53
84 53 84 52
84 53 84 53
84 53 84 54
84 53 85 53
88 57 87 57
88 57 88 56
88 57 88 57
88 57 88 58
72 44 71 44
72 44 72 44
72 44 72 45
72 44 73 44
76 41 76 40
76 41 76 41
76 41 76 42
76 41 77 41
77 47 77 46
77 47 77 47
77 47 77 48
77 47 78 47
62 33 61 33
62 33 62 32
62 33 62 33
62 33 62 34
62 33 63 33
82 48 81 48
82 48 82 47
82 48 82 48
82 48 82 49
82 48 83 48
88 31 87 31
88 31 88 30
88 31 88 31
88 31 88 32
88 31 89 31
83 53 82 53
83 53 83 52
83 53 83 53
83 53 83 54
83 53 84 53
69 37 68 37
69 37 69 36
69 37 69 37
69 37 69 38
69 37 70 37
84 37 83 37
84 37 84 36
84 37 84 37
84 37 84 38
84 37 85 37
64 37 63 37
64 37 64 36
64 37 64 37
64 37 65 37
74 51 73 51
74 51 74 50
74 51 74 51
74 51 74 52
74 51 75 51
70 43 69 43
70 43 70 42
70 43 70 43
70 43 70 44
70 43 71 43
67 55 66 55
67 55 67 54
67 55 67 55
67 55 67 56
67 55 68 55
87 34 86 34
87 34 87 33
87 34 87 34
87 34 87 35
87 34 88 34
81 37 80 37
81 37 81 36
81 37 81 37
81 37 81 38
81 37 82 37
60 54 60 54
60 54 60 55
60 54 61 54
74 46 73 46
74 46 74 45
74 46 74 46
74 46 74 47
74 46 75 46
82 39 81 39
82 39 82 38
82 39 82 39
82 39 82 40
82 39 83 39
89 36 88 36
89 36 89 35
89 36 89 36
89 36 89 37
85 41 84 41
85 41 85 40
85 41 85 41
85 41 85 42
70 49 69 49
70 49 70 48
70 49 70 49
70 49 70 50
70 49 71 49
83 36 82 36
83 36 83 35
83 36 83 36
83 36 83 37
83 36 84 36
60 34 60 33
60 34 60 34
60 34 60 35
60 34 61 34
85 37 84 37
85 37 85 36
85 37 85 37
85 37 85 38
85 37 86 37
86 59 85 59
86 59 86 58
86 59 86 59
86 59 87 59
73 45 72 45
73 45 73 44
73 45 73 45
73 45 73 46
73 45 74 45
65 55 64 55
65 55 65 54
65 55 65 55
65 55 65 56
65 55 66 55
84 32 84 31
84 32 84 32
84 32 85 32
74 50 73 50
74 50 74 49
74 50 74 50
74 50 74 51
74 50 75 50
66 49 65 49
66 49 66 48
66 49 66 49
66 49 66 50
66 49 67 49
61 37 60 37
61 37 61 36
61 37 61 37
61 37 62 37
80 49 79 49
80 49 80 48
80 49 80 49
80 49 80 50
80 49 81 49
78 52 77 52
78 52 78 51
78 52 78 52
78 52 78 53
78 52 79 52
73 43 73 42
73 43 73 43
73 43 73 44
73 43 74 43
61 30 60 30
61 30 61 30
61 30 61 31
61 30 62 30
75 39 74 39
75 39 75 38
75 39 75 39
75 39 75 40
75 39 76 39
85 55 84 55
85 55 85 54
85 55 85 55
85 55 85 56
85 55 86 55
73 38 72 38
73 38 73 37
73 38 73 38
73 38 73 39
73 38 74 38
61 55 60 55
61 55 61 54
61 55 61 55
61 55 61 56
61 55 62 55
67 31 66 31
67 31 67 30
67 31 67 31
67 31 67 32
62 34 61 34
62 34 62 33
62 34 62 34
62 34 62 35
62 34 63 34
71 45 70 45
71 45 71 44
71 45 71 45
71 45 71 46
71 45 72 45
72 35 71 35
72 35 72 35
72 35 72 36
72 35 73 35
77 40 76 40
77 40 77 39
77 40 77 40
77 40 77 41
77 40 78 40
71 48 70 48
71 48 71 47
71 48 71 48
71 48 71 49
71 48 72 48
61 35 60 35
61 35 61 34
61 35 61 35
61 35 61 36
61 35 62 35
88 34 87 34
88 34 88 33
88 34 88 34
88 34 88 35
88 34 89 34
73 51 72 51
73 51 73 50
73 51 73 51
73 51 73 52
73 51 74 51
60 57 60 56
60 57 60 57
60 57 60 58
60 57 61 57
66 57 65 57
66 57 66 57
66 57 66 58
67 51 66 51
67 51 67 50
67 51 67 51
67 51 67 52
67 51 68 51
67 42 67 41
67 42 67 42
67 42 67 43
67 42 68 42
85 47 84 47
85 47 85 46
85 47 85 47
85 47 85 48
68 45 67 45
68 45 68 44
68 45 68 45
68 45 68 46
68 45 69 45
72 49 71 49
72 49 72 48
72 49 72 49
72 49 72 50
72 49 73 49
72 48 71 48
72 48 72 47
72 48 72 48
72 48 72 49
72 48 73 48
78 49 78 48
78 49 78 49
78 49 78 50
78 49 79 49
71 54 70 54
71 54 71 53
71 54 71 54
71 54 71 55
71 54 72 54
69 43 68 43
69 43 69 42
69 43 69 43
69 43 69 44
69 43 70 43
72 38 71 38
72 38 72 37
72 38 72 38
72 38 72 39
72 38 73 38
83 52 82 52
83 52 83 51
83 52 83 52
83 52 83 53
83 52 84 52
89 31 88 31
89 31 89 30
89 31 89 31
89 31 89 32
68 46 67 46
68 46 68 45
68 46 68 46
68 46 68 47
68 46 69 46
76 44 75 44
76 44 76 43
76 44 76 44
76 44 76 45
76 44 77 44
80 53 79 53
80 53 80 52
80 53 80 53
80 53 80 54
80 53 81 53
62 35 61 35
62 35 62 34
62 35 62 35
62 35 62 36
62 35 63 35
84 41 83 41
84 41 84 41
84 41 84 42
84 41 85 41
77 35 76 35
77 35 77 35
77 35 77 36
77 35 78 35
65 49 65 49
65 49 65 50
65 49 66 49
61 32 60 32
61 32 61 31
61 32 61 32
61 32 61 33
61 32 62 32
74 45 73 45
74 45 74 44
74 45 74 45
74 45 74 46
74 45 75 45
65 46 65 45
65 46 65 46
65 46 65 47
79 37 79 36
79 37 79 37
79 37 79 38
79 37 80 37
83 43 82 43
83 43 83 42
83 43 83 43
83 43 84 43
71 37 70 37
71 37 71 36
71 37 71 37
71 37 71 38
71 37 72 37
65 31 64 31
65 31 65 30
65 31 65 31
65 31 65 32
65 31 66 31
75 40 74 40
75 40 75 39
75 40 75 40
75 40 76 40
76 38 75 38
76 38 76 37
76 38 76 38
76 38 76 39
76 38 77 38
66 58 65 58
66 58 66 57
66 58 66 58
66 58 66 59
66 58 67 58
68 41 67 41
68 41 68 40
68 41 68 41
68 41 68 42
68 41 69 41
70 44 69 44
70 44 70 43
70 44 70 44
70 44 70 45
70 44 71 44
69 35 68 35
69 35 69 35
69 35 69 36
69 35 70 35
66 32 65 32
66 32 66 31
66 32 66 32
66 32 66 33
66 32 67 32
82 45 81 45
82 45 82 44
82 45 82 45
82 45 82 46
82 45 83 45
88 35 87 35
88 35 88 34
88 35 88 35
88 35 88 36
88 35 89 35
69 38 68 38
69 38 69 37
69 38 69 38
69 38 69 39
69 38 70 38
70 50 69 50
70 50 70 49
70 50 70 50
70 50 70 51
70 50 71 50
76 50 75 50
76 50 76 49
76 50 76 50
76 50 76 51
76 50 77 50
88 36 87 36
88 36 88 35
88 36 88 36
88 36 88 37
88 36 89 36
73 41 72 41
73 41 73 40
73 41 73 41
73 41 73 42
73 41 74 41
66 55 65 55
66 55 66 54
66 55 66 55
66 55 67 55
82 51 81 51
82 51 82 50
82 51 82 51
82 51 82 52
82 51 83 51
66 59 65 59
66 59 66 58
66 59 66 59
66 59 67 59
74 44 73 44
74 44 74 43
74 44 74 44
74 44 74 45
74 44 75 44
80 38 79 38
80 38 80 37
80 38 80 38
80 38 80 39
80 38 81 38
88 55 87 55
88 55 88 54
88 55 88 55
88 55 88 56
88 55 89 55
81 51 80 51
81 51 81 50
81 51 81 51
81 51 81 52
81 51 82 51
68 50 67 50
68 50 68 49
68 50 68 50
68 50 68 51
68 50 69 50
79 48 78 48
79 48 79 47
79 48 79 48
79 48 79 49
79 48 80 48
67 46 67 45
67 46 67 46
67 46 67 47
67 46 68 46
89 55 88 55
89 55 89 54
89 55 89 55
89 55 89 56
83 37 82 37
83 37 83 36
83 37 83 37
83 37 83 38
83 37 84 37
65 47 65 46
65 47 65 47
65 47 66 47
68 38 67 38
68 38 68 37
68 38 68 38
68 38 68 39
68 38 69 38
85 48 84 48
85 48 85 47
85 48 85 48
61 34 60 34
61 34 61 33
61 34 61 34
61 34 61 35
61 34 62 34
63 37 62 37
63 37 63 36
63 37 63 37
63 37 64 37
85 51 84 51
85 51 85 50
85 51 85 51
85 51 85 52
65 40 65 39
65 40 65 40
65 40 65 41
65 40 66 40
75 38 74 38
75 38 75 37
75 38 75 38
75 38 75 39
75 38 76 38
85 59 84 59
85 59 85 58
85 59 85 59
85 59 86 59
68 40 67 40
68 40 68 39
68 40 68 40
68 40 68 41
68 40 69 40
69 52 68 52
69 52 69 51
69 52 69 52
69 52 69 53
87 56 86 56
87 56 87 55
87 56 87 56
87 56 87 57
87 56 88 56
73 49 72 49
73 49 73 48
73 49 73 49
73 49 73 50
73 49 74 49
67 35 66 35
67 35 67 34
67 35 67 35
67 35 67 36
67 35 68 35
86 55 85 55
86 55 86 54
86 55 86 55
86 55 86 56
86 55 87 55
79 35 78 35
79 35 79 35
79 35 79 36
79 35 80 35
67 47 66 47
67 47 67 46
67 47 67 47
67 47 67 48
67 47 68 47
77 41 76 41
77 41 77 40
77 41 77 41
77 41 78 41
81 41 81 40
81 41 81 41
81 41 81 42
81 41 82 41
67 49 66 49
67 49 67 48
67 49 67 49
67 49 67 50
67 49 68 49
65 41 65 40
65 41 65 41
65 41 65 42
65 41 66 41
87 30 87 30
87 30 87 31
87 30 88 30
76 37 75 37
76 37 76 36
76 37 76 37
76 37 76 38
76 37 77 37
74 53 73 53
74 53 74 52
74 53 74 53
74 53 74 54
74 53 75 53
71 42 70 42
71 42 71 41
71 42 71 42
71 42 71 43
71 42 72 42
66 39 65 39
66 39 66 38
66 39 66 39
66 39 66 40
66 39 67 39
83 49 82 49
83 49 83 48
83 49 83 49
83 49 83 50
83 49 84 49
78 44 77 44
78 44 78 43
78 44 78 44
78 44 78 45
78 44 79 44
85 43 84 43
85 43 85 42
85 43 85 43
85 43 85 44
78 47 77 47
78 47 78 46
78 47 78 47
78 47 78 48
78 47 79 47
65 34 64 34
65 34 65 33
65 34 65 34
65 34 65 35
65 34 66 34
70 35 69 35
70 35 70 35
70 35 71 35
72 53 71 53
72 53 72 52
72 53 72 53
72 53 72 54
72 53 73 53
72 50 71 50
72 50 72 49
72 50 72 50
72 50 72 51
72 50 73 50
60 59 60 58
60 59 60 59
60 59 61 59
74 39 73 39
74 39 74 38
74 39 74 39
74 39 74 40
74 39 75 39
84 51 83 51
84 51 84 50
84 51 84 51
84 51 84 52
84 51 85 51
70 42 69 42
70 42 70 41
70 42 70 42
70 42 70 43
70 42 71 42
85 36 84 36
85 36 85 35
85 36 85 36
85 36 85 37
85 36 86 36
81 45 80 45
81 45 81 44
81 45 81 45
81 45 81 46
81 45 82 45
70 47 69 47
70 47 70 47
70 47 70 48
70 47 71 47
78 53 77 53
78 53 78 52
78 53 78 53
78 53 78 54
78 53 79 53
72 42 71 42
72 42 72 41
72 42 72 42
72 42 73 42
68 51 67 51
68 51 68 50
68 51 68 51
68 51 68 52
68 51 69 51
67 38 66 38
67 38 67 37
67 38 67 38
67 38 67 39
67 38 68 38
65 37 64 37
65 37 65 36
65 37 65 37
65 37 65 38
81 40 80 40
81 40 81 39
81 40 81 40
81 40 81 41
81 40 82 40
64 55 63 55
64 55 64 54
64 55 64 55
64 55 64 56
64 55 65 55
62 58 61 58
62 58 62 57
62 58 62 58
62 58 62 59
62 58 63 58
67 58 66 58
67 58 67 58
67 58 67 59
70 48 69 48
70 48 70 47
70 48 70 48
70 48 70 49
70 48 71 48
81 35 80 35
81 35 81 35
81 35 81 36
81 35 82 35
77 44 76 44
77 44 77 43
77 44 77 44
77 44 77 45
77 44 78 44
88 32 87 32
88 32 88 31
88 32 88 32
88 32 88 33
88 32 89 32
88 33 87 33
88 33 88 32
88 33 88 33
88 33 88 34
88 33 89 33
61 58 60 58
61 58 61 57
61 58 61 58
61 58 61 59
61 58 62 58
79 50 78 50
79 50 79 49
79 50 79 50
79 50 79 51
79 50 80 50
62 54 61 54
62 54 62 54
62 54 62 55
62 54 63 54
66 41 65 41
66 41 66 40
66 41 66 41
66 41 67 41
67 32 66 32
67 32 67 31
67 32 67 32
67 32 67 33
66 47 65 47
66 47 66 47
66 47 66 48
66 47 67 47
79 44 78 44
79 44 79 43
79 44 79 44
79 44 79 45
79 44 80 44
68 55 67 55
68 55 68 54
68 55 68 55
68 55 69 55
60 56 60 55
60 56 60 56
60 56 60 57
60 56 61 56
85 30 84 30
85 30 85 30
85 30 85 31
85 58 84 58
85 58 85 57
85 58 85 58
85 58 85 59
85 58 86 58
80 39 79 39
80 39 80 38
80 39 80 39
80 39 80 40
80 39 81 39
88 59 87 59
88 59 88 58
88 59 88 59
71 49 70 49
71 49 71 48
71 49 71 49
71 49 71 50
71 49 72 49
77 36 76 36
77 36 77 35
77 36 77 36
77 36 77 37
77 36 78 36
81 42 80 42
81 42 81 41
81 42 81 42
81 42 81 43
81 42 82 42
84 57 84 56
84 57 84 57
84 57 84 58
84 57 85 57
70 45 69 45
70 45 70 44
70 45 70 45
70 45 71 45
89 30 88 30
89 30 89 30
89 30 89 31
89 58 88 58
89 58 89 58
85 32 84 32
85 32 85 31
85 32 85 32
85 32 85 33
85 32 86 32
67 36 66 36
67 36 67 35
67 36 67 36
67 36 67 37
67 36 68 36
82 43 81 43
82 43 82 42
82 43 82 43
82 43 82 44
82 43 83 43
87 35 86 35
87 35 87 34
87 35 87 35
87 35 87 36
87 35 88 35
75 49 74 49
75 49 75 48
75 49 75 49
75 49 75 50
75 49 76 49
68 35 67 35
68 35 68 35
68 35 68 36
68 35 69 35
79 54 78 54
79 54 79 53
79 54 79 54
79 54 79 55
79 54 80 54
78 39 77 39
78 39 78 38
78 39 78 39
78 39 78 40
78 39 79 39
73 37 72 37
73 37 73 36
73 37 73 37
73 37 73 38
73 37 74 37
85 46 84 46
85 46 85 45
85 46 85 46
85 46 85 47
76 54 75 54
76 54 76 53
76 54 76 54
76 54 76 55
76 54 77 54
84 55 83 55
84 55 84 54
84 55 84 55
84 55 84 56
84 55 85 55
69 47 68 47
69 47 69 46
69 47 69 47
69 47 69 48
69 47 70 47
65 39 65 38
65 39 65 39
65 39 65 40
65 39 66 39
82 46 81 46
82 46 82 45
82 46 82 46
82 46 82 47
82 46 83 46
64 54 63 54
64 54 64 54
64 54 64 55
64 54 65 54
89 56 88 56
89 56 89 55
89 56 89 56
69 54 68 54
69 54 69 53
69 54 69 54
69 54 69 55
69 54 70 54
81 54 80 54
81 54 81 53
81 54 81 54
81 54 81 55
81 54 82 54
71 40 70 40
71 40 71 39
71 40 71 40
71 40 71 41
71 40 72 40
72 52 71 52
72 52 72 51
72 52 72 52
72 52 72 53
72 52 73 52
82 50 81 50
82 50 82 49
82 50 82 50
82 50 82 51
82 50 83 50
84 59 84 58
84 59 84 59
84 59 85 59
62 32 61 32
62 32 62 31
62 32 62 32
62 32 62 33
62 32 63 32
65 36 64 36
65 36 65 35
65 36 65 36
65 36 65 37
65 36 66 36
77 37 76 37
77 37 77 36
77 37 77 37
77 37 77 38
81 49 80 49
81 49 81 48
81 49 81 49
81 49 81 50
81 49 82 49
87 59 86 59
87 59 87 58
87 59 87 59
87 59 88 59
84 48 83 48
84 48 84 47
84 48 84 48
84 48 84 49
84 48 85 48
70 55 69 55
70 55 70 54
70 55 70 55
70 55 71 55
85 40 85 39
85 40 85 40
85 40 85 41
85 44 84 44
85 44 85 43
85 44 85 44
85 44 85 45
72 36 71 36
72 36 72 35
72 36 72 36
72 36 72 37
72 36 73 36
75 55 74 55
75 55 75 54
75 55 75 55
75 55 76 55
62 36 61 36
62 36 62 35
62 36 62 36
62 36 62 37
62 36 63 36
72 39 71 39
72 39 72 38
72 39 72 39
72 39 72 40
72 39 73 39
72 46 71 46
72 46 72 45
72 46 72 46
72 46 72 47
72 46 73 46
81 47 80 47
81 47 81 46
81 47 81 47
81 47 81 48
81 47 82 47
63 57 62 57
63 57 63 56
63 57 63 57
63 57 63 58
63 57 64 57
78 36 77 36
78 36 78 35
78 36 78 36
78 36 79 36
74 47 73 47
74 47 74 46
74 47 74 47
74 47 74 48
74 47 75 47
75 45 74 45
75 45 75 44
75 45 75 45
75 45 75 46
75 45 76 45
79 36 78 36
79 36 79 35
79 36 79 36
79 36 79 37
79 36 80 36
65 30 64 30
65 30 65 30
65 30 65 31
65 30 66 30
83 54 82 54
83 54 83 53
83 54 83 54
83 54 83 55
83 54 84 54
75 52 74 52
75 52 75 51
75 52 75 52
75 52 75 53
75 52 76 52
67 50 66 50
67 50 67 49
67 50 67 50
67 50 67 51
67 50 68 50
87 31 86 31
87 31 87 30
87 31 87 31
87 31 87 32
87 31 88 31
67 56 67 55
67 56 67 56
80 52 79 52
80 52 80 51
80 52 80 52
80 52 80 53
80 52 81 52
71 52 71 51
71 52 71 52
71 52 71 53
71 52 72 52
76 55 75 55
76 55 76 54
76 55 76 55
75 47 74 47
75 47 75 46
75 47 75 47
75 47 75 48
76 49 75 49
76 49 76 48
76 49 76 49
76 49 76 50
83 39 82 39
83 39 83 38
83 39 83 39
83 39 83 40
83 39 84 39
71 47 70 47
71 47 71 46
71 47 71 47
71 47 71 48
71 47 72 47
75 37 74 37
75 37 75 36
75 37 75 37
75 37 75 38
75 37 76 37
60 35 60 34
60 35 60 35
60 35 60 36
60 35 61 35
83 41 82 41
83 41 83 40
83 41 83 41
83 41 83 42
83 41 84 41
74 40 73 40
74 40 74 39
74 40 74 40
74 40 74 41
74 40 75 40
64 59 64 58
64 59 64 59
64 59 65 59
71 43 70 43
71 43 71 42
71 43 71 43
71 43 71 44
87 32 86 32
87 32 87 31
87 32 87 32
87 32 87 33
87 32 88 32
61 57 60 57
61 57 61 56
61 57 61 57
61 57 61 58
61 57 62 57
67 53 66 53
67 53 67 52
67 53 67 53
67 53 67 54
67 53 68 53
75 50 74 50
75 50 75 49
75 50 75 50
75 50 75 51
75 50 76 50
64 32 63 32
64 32 64 31
64 32 64 32
64 32 64 33
64 32 65 32
74 55 73 55
74 55 74 54
74 55 74 55
74 55 75 55
81 43 80 43
81 43 81 42
81 43 81 43
81 43 81 44
81 43 82 43
70 39 69 39
70 39 70 38
70 39 70 39
70 39 70 40
70 39 71 39
87 33 86 33
87 33 87 32
87 33 87 33
87 33 87 34
87 33 88 33
71 53 70 53
71 53 71 52
71 53 71 53
71 53 71 54
71 53 72 53
62 31 61 31
62 31 62 30
62 31 62 31
62 31 62 32
62 31 63 31
75 44 74 44
75 44 75 43
75 44 75 44
75 44 75 45
75 44 76 44
71 46 71 45
71 46 71 46
71 46 71 47
71 46 72 46
65 51 65 50
65 51 65 51
65 51 65 52
65 51 66 51
82 40 81 40
82 40 82 39
82 40 82 40
82 40 82 41
82 40 83 40
75 35 75 35
75 35 75 36
75 35 76 35
74 54 73 54
74 54 74 53
74 54 74 54
74 54 74 55
74 54 75 54
80 46 79 46
80 46 80 45
80 46 80 46
80 46 80 47
80 46 81 46
77 43 76 43
77 43 77 43
77 43 77 44
77 43 78 43
64 34 63 34
64 34 64 33
64 34 64 34
64 34 64 35
64 34 65 34
83 38 82 38
83 38 83 37
83 38 83 38
83 38 83 39
83 38 84 38
69 45 68 45
69 45 69 44
69 45 69 45
69 45 69 46
69 45 70 45
84 49 83 49
84 49 84 48
84 49 84 49
84 49 84 50
85 35 84 35
85 35 85 34
85 35 85 35
85 35 85 36
85 35 86 35
69 48 68 48
69 48 69 47
69 48 69 48
69 48 69 49
69 48 70 48
62 37 61 37
62 37 62 36
62 37 62 37
62 37 63 37
68 52 67 52
68 52 68 51
68 52 68 52
68 52 68 53
68 52 69 52
65 53 65 52
65 53 65 53
65 53 65 54
65 53 66 53
86 34 85 34
86 34 86 33
86 34 86 34
86 34 86 35
86 34 87 34
85 57 84 57
85 57 85 56
85 57 85 57
85 57 85 58
85 57 86 57
68 36 67 36
68 36 68 35
68 36 68 36
68 36 68 37
68 36 69 36
80 42 79 42
80 42 80 42
80 42 80 43
80 42 81 42
80 44 79 44
80 44 80 43
80 44 80 44
80 44 80 45
80 44 81 44
83 48 82 48
83 48 83 47
83 48 83 48
83 48 83 49
83 48 84 48
86 54 85 54
86 54 86 54
86 54 86 55
86 54 87 54
80 47 79 47
80 47 80 46
80 47 80 47
80 47 80 48
80 47 81 47
77 54 76 54
77 54 77 53
77 54 77 54
77 54 78 54
63 32 62 32
63 32 63 31
63 32 63 32
63 32 63 33
63 32 64 32
67 59 66 59
67 59 67 58
67 59 67 59
67 52 66 52
67 52 67 51
67 52 67 52
67 52 67 53
67 52 68 52
76 40 75 40
76 40 76 39
76 40 76 40
76 40 76 41
76 40 77 40
84 38 83 38
84 38 84 37
84 38 84 38
84 38 84 39
84 38 85 38
84 52 83 52
84 52 84 51
84 52 84 52
84 52 84 53
84 52 85 52
84 50 83 50
84 50 84 49
84 50 84 50
84 50 84 51
84 50 85 50
64 31 63 31
64 31 64 30
64 31 64 31
64 31 64 32
64 31 65 31
60 36 60 35
60 36 60 36
60 36 60 37
60 36 61 36
84 44 84 43
84 44 84 44
84 44 84 45
84 44 85 44
60 30 60 30
60 30 60 31
60 30 61 30
75 36 74 36
75 36 75 35
75 36 75 36
75 36 75 37
75 36 76 36
79 41 78 41
79 41 79 40
79 41 79 41
79 41 79 42
74 41 73 41
74 41 74 40
74 41 74 41
74 41 74 42
80 35 79 35
80 35 80 35
80 35 80 36
80 35 81 35
66 48 66 47
66 48 66 48
66 48 66 49
66 48 67 48
77 51 76 51
77 51 77 50
77 51 77 51
77 51 77 52
77 51 78 51
67 48 66 48
67 48 67 47
67 48 67 48
67 48 67 49
67 48 68 48
78 41 77 41
78 41 78 40
78 41 78 41
78 41 79 41
84 54 83 54
84 54 84 53
84 54 84 54
84 54 84 55
84 54 85 54
82 54 81 54
82 54 82 53
82 54 82 54
82 54 83 54
77 52 76 52
77 52 77 51
77 52 77 52
77 52 77 53
77 52 78 52
78 51 77 51
78 51 78 50
78 51 78 51
78 51 78 52
78 51 79 51
60 37 60 36
60 37 60 37
60 37 61 37
62 30 61 30
62 30 62 30
62 30 62 31
62 30 63 30
67 40 66 40
67 40 67 39
67 40 67 40
67 40 67 41
67 40 68 40
84 36 83 36
84 36 84 35
84 36 84 36
84 36 84 37
84 36 85 36
68 53 67 53
68 53 68 52
68 53 68 53
68 53 68 54
68 53 69 53
69 36 68 36
69 36 69 35
69 36 69 36
69 36 69 37
89 32 88 32
89 32 89 31
89 32 89 32
89 32 89 33
69 46 68 46
69 46 69 45
69 46 69 46
69 46 69 47
86 57 85 57
86 57 86 56
86 57 86 57
86 57 86 58
86 57 87 57
81 38 80 38
81 38 81 37
81 38 81 38
81 38 81 39
81 38 82 38
76 35 75 35
76 35 76 35
76 35 76 36
76 35 77 35
73 39 72 39
73 39 73 38
73 39 73 39
73 39 73 40
73 39 74 39
82 36 81 36
82 36 82 35
82 36 82 36
82 36 82 37
82 36 83 36
83 42 82 42
83 42 83 41
83 42 83 42
83 42 83 43
83 42 84 42
69 44 68 44
69 44 69 43
69 44 69 44
69 44 69 45
69 44 70 44
79 45 78 45
79 45 79 44
79 45 79 45
79 45 79 46
79 45 80 45
77 39 76 39
77 39 77 38
77 39 77 39
77 39 77 40
77 39 78 39
83 47 82 47
83 47 83 46
83 47 83 47
83 47 83 48
83 47 84 47
60 31 60 30
60 31 60 31
60 31 60 32
60 31 61 31
67 54 66 54
67 54 67 53
67 54 67 54
67 54 67 55
67 54 68 54
85 53 84 53
85 53 85 52
85 53 85 53
85 53 85 54
67 45 66 45
67 45 67 44
67 45 67 45
67 45 67 46
67 45 68 45
64 57 63 57
64 57 64 56
64 57 64 57
64 57 64 58
64 57 65 57
67 41 66 41
67 41 67 40
67 41 67 41
67 41 67 42
67 41 68 41
84 43 83 43
84 43 84 42
84 43 84 43
84 43 84 44
84 43 85 43
86 35 85 35
86 35 86 34
86 35 86 35
86 35 86 36
86 35 87 35
79 39 78 39
79 39 79 38
79 39 79 39
79 39 79 40
79 39 80 39
87 58 86 58
87 58 87 57
87 58 87 58
87 58 87 59
87 58 88 58
83 45 82 45
83 45 83 45
83 45 83 46
83 45 84 45
84 47 83 47
84 47 84 46
84 47 84 47
84 47 84 48
84 47 85 47
79 40 78 40
79 40 79 39
79 40 79 40
79 40 79 41
79 40 80 40
79 43 78 43
79 43 79 42
79 43 79 43
79 43 79 44
79 43 80 43
68 47 67 47
68 47 68 46
68 47 68 47
68 47 68 48
68 47 69 47
60 58 60 57
60 58 60 58
60 58 60 59
60 58 61 58
72 54 71 54
72 54 72 53
72 54 72 54
72 54 72 55
72 54 73 54
69 50 68 50
69 50 69 49
69 50 69 50
69 50 69 51
69 50 70 50
75 53 74 53
75 53 75 52
75 53 75 53
75 53 75 54
75 53 76 53
82 49 81 49
82 49 82 48
82 49 82 49
82 49 82 50
82 49 83 49
74 48 73 48
74 48 74 47
74 48 74 48
74 48 74 49
74 48 75 48
85 39 84 39
85 39 85 38
85 39 85 39
85 39 85 40
78 45 77 45
78 45 78 44
78 45 78 45
78 45 78 46
78 45 79 45
79 52 78 52
79 52 79 51
79 52 79 52
79 52 79 53
79 52 80 52
71 35 70 35
71 35 71 35
71 35 71 36
71 35 72 35
65 35 64 35
65 35 65 34
65 35 65 35
65 35 65 36
65 35 66 35
61 31 60 31
61 31 61 30
61 31 61 31
61 31 61 32
61 31 62 31
78 54 77 54
78 54 78 53
78 54 78 54
78 54 78 55
78 54 79 54
80 50 79 50
80 50 80 49
80 50 80 50
80 50 80 51
80 50 81 50
82 52 81 52
82 52 82 51
82 52 82 52
82 52 82 53
82 52 83 52
72 55 71 55
72 55 72 54
72 55 72 55
72 55 73 55
65 33 64 33
65 33 65 32
65 33 65 33
65 33 65 34
65 33 66 33
79 46 78 46
79 46 79 45
79 46 79 46
79 46 79 47
79 46 80 46
61 59 60 59
61 59 61 58
61 59 61 59
61 59 62 59
66 53 65 53
66 53 66 52
66 53 66 53
66 53 66 54
66 53 67 53
82 47 81 47
82 47 82 46
82 47 82 47
82 47 82 48
82 47 83 47
71 55 70 55
71 55 71 54
71 55 71 55
71 55 72 55
70 53 69 53
70 53 70 53
70 53 70 54
70 53 71 53
76 52 75 52
76 52 76 51
76 52 76 52
76 52 76 53
76 52 77 52
61 33 60 33
61 33 61 32
61 33 61 33
61 33 61 34
61 33 62 33
76 53 75 53
76 53 76 52
76 53 76 53
76 53 76 54
76 53 77 53
79 38 78 38
79 38 79 37
79 38 79 38
79 38 79 39
79 38 80 38
65 43 65 42
65 43 65 43
65 43 65 44
65 43 66 43
73 36 72 36
73 36 73 35
73 36 73 36
73 36 73 37
73 36 74 36
76 46 75 46
76 46 76 45
76 46 76 46
76 46 77 46
83 35 82 35
83 35 83 35
83 35 83 36
83 35 84 35
68 54 67 54
68 54 68 53
68 54 68 54
68 54 68 55
68 54 69 54
80 55 79 55
80 55 80 54
80 55 80 55
80 55 81 55
71 39 70 39
71 39 71 38
71 39 71 39
71 39 71 40
71 39 72 39
85 45 84 45
85 45 85 44
85 45 85 45
85 45 85 46
70 40 69 40
70 40 70 39
70 40 70 40
70 40 70 41
70 40 71 40
84 30 84 30
84 30 84 31
84 30 85 30
85 54 84 54
85 54 85 53
85 54 85 54
85 54 85 55
85 54 86 54
81 48 80 48
81 48 81 47
81 48 81 48
81 48 81 49
81 48 82 48
72 37 71 37
72 37 72 36
72 37 72 37
72 37 72 38
72 37 73 37
85 42 84 42
85 42 85 41
85 42 85 42
85 42 85 43
76 45 75 45
76 45 76 44
76 45 76 45
76 45 76 46
76 45 77 45
76 43 75 43
76 43 76 42
76 43 76 43
76 43 76 44
76 43 77 43
70 38 69 38
70 38 70 37
70 38 70 38
70 38 70 39
70 38 71 38
75 48 74 48
75 48 75 47
75 48 75 48
75 48 75 49
75 48 76 48
64 36 63 36
64 36 64 35
64 36 64 36
64 36 64 37
64 36 65 36
62 56 61 56
62 56 62 55
62 56 62 56
62 56 62 57
62 56 63 56
75 51 74 51
75 51 75 50
75 51 75 51
75 51 75 52
75 51 76 51
81 53 80 53
81 53 81 52
81 53 81 53
81 53 81 54
81 53 82 53
84 46 83 46
84 46 84 45
84 46 84 46
84 46 84 47
84 46 85 46
66 33 65 33
66 33 66 32
66 33 66 33
66 33 66 34
66 33 67 33
81 52 80 52
81 52 81 51
81 52 81 52
81 52 81 53
81 52 82 52
84 45 83 45
84 45 84 44
84 45 84 45
84 45 84 46
84 45 85 45
86 33 85 33
86 33 86 32
86 33 86 33
86 33 86 34
86 33 87 33
63 56 62 56
63 56 63 55
63 56 63 56
63 56 63 57
63 56 64 56
84 42 83 42
84 42 84 41
84 42 84 42
84 42 84 43
84 42 85 42
65 44 65 43
65 44 65 44
65 44 65 45
65 44 66 44
86 37 85 37
86 37 86 36
86 37 86 37
86 37 87 37
73 52 72 52
73 52 73 51
73 52 73 52
73 52 73 53
73 52 74 52
66 30 65 30
66 30 66 30
66 30 66 31
66 30 67 30
87 36 86 36
87 36 87 35
87 36 87 36
87 36 87 37
87 36 88 36
73 47 72 47
73 47 73 46
73 47 73 47
73 47 73 48
73 47 74 47
85 31 84 31
85 31 85 30
85 31 85 31
85 31 85 32
85 31 86 31
63 36 62 36
63 36 63 35
63 36 63 36
63 36 63 37
63 36 64 36
64 35 63 35
64 35 64 34
64 35 64 35
64 35 64 36
64 35 65 35
67 44 66 44
67 44 67 43
67 44 67 44
67 44 67 45
67 44 68 44
68 44 67 44
68 44 68 43
68 44 68 44
68 44 68 45
68 44 69 44
88 30 87 30
88 30 88 30
88 30 88 31
88 30 89 30
86 56 85 56
86 56 86 55
86 56 86 56
86 56 86 57
86 56 87 56
80 40 79 40
80 40 80 39
80 40 80 40
80 40 81 40
73 46 72 46
73 46 73 45
73 46 73 46
73 46 73 47
73 46 74 46
77 46 76 46
77 46 77 45
77 46 77 46
77 46 77 47
77 46 78 46
65 57 64 57
65 57 65 56
65 57 65 57
65 57 65 58
65 57 66 57
69 49 68 49
69 49 69 48
69 49 69 49
69 49 69 50
69 49 70 49
80 43 79 43
80 43 80 42
80 43 80 43
80 43 80 44
80 43 81 43
84 35 83 35
84 35 84 34
84 35 84 35
84 35 84 36
84 35 85 35
62 59 61 59
62 59 62 58
62 59 62 59
74 37 73 37
74 37 74 36
74 37 74 37
74 37 74 38
74 37 75 37
65 32 64 32
65 32 65 31
65 32 65 32
65 32 65 33
65 32 66 32
89 33 88 33
89 33 89 32
89 33 89 33
89 33 89 34
87 37 86 37
87 37 87 36
87 37 87 37
87 37 88 37
73 50 72 50
73 50 73 49
73 50 73 50
73 50 73 51
73 50 74 50
65 38 65 37
65 38 65 38
65 38 65 39
65 38 66 38
75 46 74 46
75 46 75 45
75 46 75 46
75 46 75 47
75 46 76 46
64 33 63 33
64 33 64 32
64 33 64 33
64 33 64 34
64 33 65 33
63 30 62 30
63 30 63 30
63 30 63 31
63 30 64 30
66 44 65 44
66 44 66 43
66 44 66 44
66 44 66 45
66 44 67 44
73 53 72 53
73 53 73 52
73 53 73 53
73 53 73 54
73 53 74 53
75 43 74 43
75 43 75 42
75 43 75 43
75 43 75 44
75 43 76 43
60 55 60 54
60 55 60 55
60 55 60 56
60 55 61 55
82 53 81 53
82 53 82 52
82 53 82 53
82 53 82 54
82 53 83 53
80 48 79 48
80 48 80 47
80 48 80 48
80 48 80 49
80 48 81 48
73 35 72 35
73 35 73 35
73 35 73 36
85 56 84 56
85 56 85 55
85 56 85 56
85 56 85 57
85 56 86 56
79 55 78 55
79 55 79 54
79 55 79 55
79 55 80 55
86 58 85 58
86 58 86 57
86 58 86 58
86 58 86 59
86 58 87 58
72 41 71 41
72 41 72 40
72 41 72 41
72 41 72 42
72 41 73 41
72 45 71 45
72 45 72 44
72 45 72 45
72 45 72 46
72 45 73 45
86 31 85 31
86 31 86 31
86 31 86 32
86 31 87 31
85 52 84 52
85 52 85 51
85 52 85 52
85 52 85 53
81 36 80 36
81 36 81 35
81 36 81 36
81 36 81 37
81 36 82 36
76 42 75 42
76 42 76 41
76 42 76 42
76 42 76 43
82 42 81 42
82 42 82 41
82 42 82 42
82 42 82 43
82 42 83 42
70 51 69 51
70 51 70 50
70 51 70 51
70 51 71 51
88 58 87 58
88 58 88 57
88 58 88 58
88 58 88 59
88 58 89 58
67 43 66 43
67 43 67 42
67 43 67 43
67 43 67 44
67 43 68 43
73 44 72 44
73 44 73 43
73 44 73 44
73 44 73 45
73 44 74 44
66 43 65 43
66 43 66 43
66 43 66 44
66 43 67 43
69 40 68 40
69 40 69 39
69 40 69 40
69 40 69 41
69 40 70 40
