99 63 98 63
99 63 99 62
99 63 99 63
99 74 98 74
99 74 99 74
99 74 99 75
99 62 98 62
99 62 99 62
99 62 99 63
97 74 96 74
97 74 97 74
97 74 97 75
97 74 98 74
97 86 96 86
97 86 97 86
97 86 97 87
97 86 98 86
99 71 98 71
99 71 99 70
99 71 99 71
99 75 98 75
99 75 99 74
99 75 99 75
96 86 95 86
96 86 96 86
96 86 96 87
96 86 97 86
96 74 95 74
96 74 96 74
96 74 96 75
96 74 97 74
95 90 95 90
95 90 95 91
95 90 96 90
95 58 95 58
95 58 95 59
95 58 96 58
98 78 97 78
98 78 98 78
98 78 99 78
97 83 96 83
97 83 97 83
97 83 98 83
96 78 95 78
96 78 96 78
96 78 97 78
96 87 95 87
96 87 96 86
96 87 96 87
96 87 97 87
95 67 95 66
95 67 95 67
95 67 96 67
95 87 95 86
95 87 95 87
95 87 96 87
95 75 95 74
95 75 95 75
95 75 96 75
99 83 98 83
99 83 99 82
99 83 99 83
98 82 98 82
98 82 98 83
98 82 99 82
96 62 95 62
96 62 96 62
96 62 96 63
96 62 97 62
95 66 95 66
95 66 95 67
95 66 96 66
95 71 95 70
95 71 95 71
95 71 96 71
97 87 96 87
97 87 97 86
97 87 97 87
97 87 98 87
99 86 98 86
99 86 99 86
99 86 99 87
96 66 95 66
96 66 96 66
96 66 96 67
96 66 97 66
97 67 96 67
97 67 97 66
97 67 97 67
97 67 98 67
95 70 95 70
95 70 95 71
95 70 96 70
98 91 97 91
98 91 98 90
98 91 98 91
98 91 99 91
96 83 96 83
96 83 97 83
97 58 96 58
97 58 97 58
95 86 95 86
95 86 95 87
95 86 96 86
99 78 98 78
99 78 99 78
99 78 99 79
95 63 95 62
95 63 95 63
95 63 96 63
95 74 95 74
95 74 95 75
95 74 96 74
98 83 97 83
98 83 98 82
98 83 98 83
98 83 99 83
98 87 97 87
98 87 98 86
98 87 98 87
98 87 99 87
98 86 97 86
98 86 98 86
98 86 98 87
98 86 99 86
99 91 98 91
99 91 99 90
99 91 99 91
96 70 95 70
96 70 96 70
96 70 96 71
96 70 97 70
99 79 99 78
99 79 99 79
97 75 96 75
97 75 97 74
97 75 97 75
97 75 98 75
98 62 97 62
98 62 98 62
98 62 98 63
98 62 99 62
96 71 95 71
96 71 96 70
96 71 96 71
96 71 97 71
95 91 95 90
95 91 95 91
95 91 96 91
96 58 95 58
96 58 96 58
96 58 96 59
96 58 97 58
98 67 97 67
98 67 98 66
98 67 98 67
98 67 99 67
97 63 96 63
97 63 97 62
97 63 97 63
97 63 98 63
99 90 98 90
99 90 99 90
99 90 99 91
98 66 97 66
98 66 98 66
98 66 98 67
98 66 99 66
97 71 96 71
97 71 97 70
97 71 97 71
97 71 98 71
98 70 97 70
98 70 98 70
98 70 98 71
98 70 99 70
95 62 95 62
95 62 95 63
95 62 96 62
97 91 96 91
97 91 97 90
97 91 97 91
97 91 98 91
97 70 96 70
97 70 97 70
97 70 97 71
97 70 98 70
98 71 97 71
98 71 98 70
98 71 98 71
98 71 99 71
95 78 95 78
95 78 96 78
99 67 98 67
99 67 99 66
99 67 99 67
98 63 97 63
98 63 98 62
98 63 98 63
98 63 99 63
96 59 95 59
96 59 96 58
96 59 96 59
99 82 98 82
99 82 99 82
99 82 99 83
97 62 96 62
97 62 97 62
97 62 97 63
97 62 98 62
96 63 95 63
96 63 96 62
96 63 96 63
96 63 97 63
96 67 95 67
96 67 96 66
96 67 96 67
96 67 97 67
97 78 96 78
97 78 97 78
97 78 98 78
97 66 96 66
97 66 97 66
97 66 97 67
97 66 98 66
99 66 98 66
99 66 99 66
99 66 99 67
99 87 98 87
99 87 99 86
99 87 99 87
96 75 95 75
96 75 96 74
96 75 96 75
96 75 97 75
98 74 97 74
98 74 98 74
98 74 98 75
98 74 99 74
99 70 98 70
99 70 99 70
99 70 99 71
96 90 95 90
96 90 96 90
96 90 96 91
96 90 97 90
96 91 95 91
96 91 96 90
96 91 96 91
96 91 97 91
95 59 95 58
95 59 95 59
95 59 96 59
98 90 97 90
98 90 98 90
98 90 98 91
98 90 99 90
97 90 96 90
97 90 97 90
97 90 97 91
97 90 98 90
98 75 97 75
98 75 98 74
98 75 98 75
98 75 99 75
