61 106 60 106
61 106 61 106
61 106 61 107
61 106 62 106
59 100 58 100
59 100 59 99
59 100 59 100
59 100 59 101
63 107 62 107
63 107 63 106
63 107 63 107
63 107 63 108
63 107 64 107
59 99 58 99
59 99 59 98
59 99 59 99
59 99 59 100
59 99 60 99
64 107 63 107
64 107 64 106
64 107 64 107
64 107 64 108
58 108 57 108
58 108 58 107
58 108 58 108
58 108 58 109
58 108 59 108
57 107 57 106
57 107 57 107
57 107 57 108
57 107 58 107
62 100 61 100
62 100 62 99
62 100 62 100
62 100 62 101
62 100 63 100
64 98 63 98
64 98 64 98
64 98 64 99
57 109 56 109
57 109 57 108
57 109 57 109
57 109 58 109
61 98 60 98
61 98 61 98
61 98 61 99
61 98 62 98
61 100 61 99
61 100 61 100
61 100 61 101
61 100 62 100
57 106 56 106
57 106 57 106
57 106 57 107
57 106 58 106
58 99 57 99
58 99 58 99
58 99 58 100
58 99 59 99
60 99 59 99
60 99 60 98
60 99 60 99
60 99 61 99
64 99 63 99
64 99 64 98
64 99 64 99
64 99 64 100
60 98 59 98
60 98 60 98
60 98 60 99
60 98 61 98
62 98 61 98
62 98 62 98
62 98 62 99
62 98 63 98
58 101 57 101
58 101 58 100
58 101 58 101
58 101 59 101
61 107 60 107
61 107 61 106
61 107 61 107
61 107 61 108
61 107 62 107
61 108 60 108
61 108 61 107
61 108 61 108
61 108 61 109
61 108 62 108
60 101 59 101
60 101 60 101
60 101 61 101
60 108 59 108
60 108 60 107
60 108 60 108
60 108 60 109
60 108 61 108
60 109 59 109
60 109 60 108
60 109 60 109
60 109 61 109
62 107 61 107
62 107 62 106
62 107 62 107
62 107 62 108
62 107 63 107
63 108 62 108
63 108 63 107
63 108 63 108
63 108 63 109
63 108 64 108
61 99 60 99
61 99 61 98
61 99 61 99
61 99 61 100
61 99 62 99
64 109 63 109
64 109 64 108
64 109 64 109
61 101 60 101
61 101 61 100
61 101 61 101
61 101 62 101
62 106 61 106
62 106 62 106
62 106 62 107
62 106 63 106
62 101 61 101
62 101 62 100
62 101 62 101
62 101 63 101
63 99 62 99
63 99 63 98
63 99 63 99
63 99 63 100
63 99 64 99
61 109 60 109
61 109 61 108
61 109 61 109
61 109 62 109
63 98 62 98
63 98 63 98
63 98 63 99
63 98 64 98
63 106 62 106
63 106 63 106
63 106 63 107
63 106 64 106
60 107 59 107
60 107 60 106
60 107 60 107
60 107 60 108
60 107 61 107
63 109 62 109
63 109 63 108
63 109 63 109
63 109 64 109
59 109 58 109
59 109 59 108
59 109 59 109
59 109 60 109
58 109 57 109
58 109 58 108
58 109 58 109
58 109 59 109
59 108 58 108
59 108 59 107
59 108 59 108
59 108 59 109
59 108 60 108
59 101 58 101
59 101 59 100
59 101 59 101
59 101 60 101
62 99 61 99
62 99 62 98
62 99 62 99
62 99 62 100
62 99 63 99
64 101 63 101
64 101 64 100
64 101 64 101
59 107 58 107
59 107 59 106
59 107 59 107
59 107 59 108
59 107 60 107
63 100 62 100
63 100 63 99
63 100 63 100
63 100 63 101
63 100 64 100
56 98 56 98
56 98 56 99
56 98 57 98
57 99 56 99
57 99 57 98
57 99 57 99
57 99 57 100
57 99 58 99
57 100 56 100
57 100 57 99
57 100 57 100
57 100 57 101
57 100 58 100
58 100 57 100
58 100 58 99
58 100 58 100
58 100 58 101
58 100 59 100
63 101 62 101
63 101 63 100
63 101 63 101
63 101 64 101
62 108 61 108
62 108 62 107
62 108 62 108
62 108 62 109
62 108 63 108
62 109 61 109
62 109 62 108
62 109 62 109
62 109 63 109
56 99 56 98
56 99 56 99
56 99 56 100
56 99 57 99
56 109 56 108
56 109 56 109
56 109 57 109
57 98 56 98
57 98 57 98
57 98 57 99
64 108 63 108
64 108 64 107
64 108 64 108
64 108 64 109
58 107 57 107
58 107 58 106
58 107 58 107
58 107 58 108
58 107 59 107
57 108 56 108
57 108 57 107
57 108 57 108
57 108 57 109
57 108 58 108
59 98 59 98
59 98 59 99
59 98 60 98
64 100 63 100
64 100 64 99
64 100 64 100
64 100 64 101
57 101 56 101
57 101 57 100
57 101 57 101
57 101 58 101
58 106 57 106
58 106 58 106
58 106 58 107
58 106 59 106
56 108 56 108
56 108 56 109
56 108 57 108
59 106 58 106
59 106 59 106
59 106 59 107
59 106 60 106
56 101 56 100
56 101 56 101
56 101 57 101
60 106 59 106
60 106 60 106
60 106 60 107
60 106 61 106
56 106 56 106
56 106 57 106
64 106 63 106
64 106 64 106
64 106 64 107
56 100 56 99
56 100 56 100
56 100 56 101
56 100 57 100
