58 109 57 109
58 109 58 108
58 109 58 109
58 109 58 110
58 109 59 109
57 108 56 108
57 108 57 108
57 108 57 109
57 108 58 108
62 101 61 101
62 101 62 100
62 101 62 101
62 101 62 102
62 101 63 101
58 95 57 95
58 95 58 94
58 95 58 95
58 95 59 95
62 110 61 110
62 110 62 109
62 110 62 110
62 110 62 111
62 110 63 110
58 71 57 71
58 71 58 70
58 71 58 71
58 71 59 71
57 78 56 78
57 78 57 77
57 78 57 78
57 78 57 79
57 78 58 78
64 86 63 86
64 86 64 85
64 86 64 86
64 86 64 87
59 109 58 109
59 109 59 108
59 109 59 109
59 109 59 110
59 109 60 109
60 94 59 94
60 94 60 93
60 94 60 94
60 94 60 95
60 94 61 94
56 100 56 100
56 100 56 101
56 100 57 100
59 77 58 77
59 77 59 76
59 77 59 77
59 77 59 78
59 77 60 77
64 68 63 68
64 68 64 68
64 68 64 69
58 84 57 84
58 84 58 84
58 84 58 85
58 84 59 84
64 92 63 92
64 92 64 92
64 92 64 93
61 95 60 95
61 95 61 94
61 95 61 95
61 95 62 95
64 78 63 78
64 78 64 77
64 78 64 78
64 78 64 79
63 102 62 102
63 102 63 101
63 102 63 102
63 102 63 103
63 102 64 102
56 101 56 100
56 101 56 101
56 101 56 102
56 101 57 101
64 69 63 69
64 69 64 68
64 69 64 69
64 69 64 70
64 103 63 103
64 103 64 102
64 103 64 103
60 111 59 111
60 111 60 110
60 111 60 111
60 111 61 111
58 111 57 111
58 111 58 110
58 111 58 111
58 111 59 111
57 95 56 95
57 95 57 94
57 95 57 95
57 95 58 95
58 69 57 69
58 69 58 69
58 69 58 70
58 69 59 69
60 108 59 108
60 108 60 108
60 108 60 109
60 108 61 108
61 76 60 76
61 76 61 76
61 76 61 77
61 76 62 76
62 102 61 102
62 102 62 101
62 102 62 102
62 102 62 103
62 102 63 102
64 84 64 84
64 84 64 85
57 93 56 93
57 93 57 92
57 93 57 93
57 93 57 94
56 79 56 78
56 79 56 79
56 79 57 79
56 76 56 76
56 76 56 77
56 76 57 76
64 87 63 87
64 87 64 86
64 87 64 87
59 108 58 108
59 108 59 108
59 108 59 109
59 108 60 108
57 101 56 101
57 101 57 100
57 101 57 101
57 101 57 102
57 101 58 101
64 76 63 76
64 76 64 76
64 76 64 77
63 77 62 77
63 77 63 76
63 77 63 77
63 77 63 78
63 77 64 77
57 76 56 76
57 76 57 76
57 76 57 77
57 76 58 76
59 94 58 94
59 94 59 93
59 94 59 94
59 94 59 95
59 94 60 94
56 87 56 86
56 87 56 87
56 87 57 87
57 77 56 77
57 77 57 76
57 77 57 77
57 77 57 78
57 77 58 77
60 103 59 103
60 103 60 102
60 103 60 103
60 103 61 103
64 95 63 95
64 95 64 94
64 95 64 95
63 100 62 100
63 100 63 100
63 100 63 101
63 100 64 100
64 100 63 100
64 100 64 100
64 100 64 101
63 93 62 93
63 93 63 92
63 93 63 93
63 93 63 94
63 93 64 93
56 71 56 70
56 71 56 71
56 71 57 71
60 79 59 79
60 79 60 78
60 79 60 79
60 79 61 79
64 102 63 102
64 102 64 101
64 102 64 102
64 102 64 103
62 100 61 100
62 100 62 100
62 100 62 101
62 100 63 100
59 68 59 68
59 68 59 69
59 68 60 68
58 70 57 70
58 70 58 69
58 70 58 70
58 70 58 71
58 70 59 70
56 95 56 94
56 95 56 95
56 95 57 95
62 71 61 71
62 71 62 71
62 71 63 71
64 101 63 101
64 101 64 100
64 101 64 101
64 101 64 102
63 92 62 92
63 92 63 92
63 92 63 93
63 92 64 92
56 68 56 68
56 68 56 69
56 68 57 68
64 94 63 94
64 94 64 93
64 94 64 94
64 94 64 95
62 87 61 87
62 87 62 86
62 87 62 87
62 87 63 87
58 92 57 92
58 92 58 92
58 92 59 92
62 86 61 86
62 86 62 85
62 86 62 86
62 86 62 87
62 86 63 86
61 70 60 70
61 70 61 69
61 70 61 70
61 70 61 71
57 103 56 103
57 103 57 102
57 103 57 103
57 103 58 103
61 94 60 94
61 94 61 93
61 94 61 94
61 94 61 95
61 94 62 94
59 69 58 69
59 69 59 68
59 69 59 69
59 69 59 70
60 87 59 87
60 87 60 86
60 87 60 87
60 87 61 87
58 101 57 101
58 101 58 100
58 101 58 101
58 101 58 102
58 101 59 101
58 94 57 94
58 94 58 94
58 94 58 95
58 94 59 94
64 108 63 108
64 108 64 108
64 108 64 109
64 109 63 109
64 109 64 108
64 109 64 109
57 102 56 102
57 102 57 101
57 102 57 102
57 102 57 103
57 102 58 102
60 71 59 71
60 71 60 70
60 71 60 71
60 71 61 71
63 110 62 110
63 110 63 109
63 110 63 110
63 110 63 111
59 93 59 92
59 93 59 93
59 93 59 94
59 93 60 93
63 85 62 85
63 85 63 85
63 85 63 86
63 85 64 85
61 108 60 108
61 108 61 108
61 108 61 109
61 108 62 108
59 100 58 100
59 100 59 100
59 100 59 101
62 94 61 94
62 94 62 93
62 94 62 94
62 94 62 95
62 94 63 94
64 79 63 79
64 79 64 78
64 79 64 79
56 109 56 108
56 109 56 109
56 109 56 110
56 109 57 109
64 85 63 85
64 85 64 84
64 85 64 85
64 85 64 86
56 93 56 92
56 93 56 93
56 93 56 94
56 93 57 93
63 86 62 86
63 86 63 85
63 86 63 86
63 86 63 87
63 86 64 86
56 78 56 77
56 78 56 78
56 78 56 79
56 78 57 78
64 70 63 70
64 70 64 69
64 70 64 70
64 70 64 71
64 93 63 93
64 93 64 92
64 93 64 93
64 93 64 94
63 103 62 103
63 103 63 102
63 103 63 103
63 103 64 103
59 102 58 102
59 102 59 101
59 102 59 102
59 102 59 103
59 102 60 102
61 111 60 111
61 111 61 110
61 111 61 111
61 111 62 111
60 68 59 68
60 68 60 68
60 68 61 68
64 71 63 71
64 71 64 70
64 71 64 71
61 71 60 71
61 71 61 70
61 71 61 71
61 71 62 71
63 108 62 108
63 108 63 108
63 108 63 109
63 108 64 108
60 109 59 109
60 109 60 108
60 109 60 109
60 109 60 110
60 109 61 109
57 87 56 87
57 87 57 87
57 87 58 87
63 76 62 76
63 76 63 76
63 76 63 77
63 76 64 76
60 101 59 101
60 101 60 101
60 101 60 102
60 101 61 101
62 108 61 108
62 108 62 108
62 108 62 109
62 108 63 108
59 101 58 101
59 101 59 100
59 101 59 101
59 101 59 102
59 101 60 101
56 110 56 109
56 110 56 110
56 110 56 111
63 95 62 95
63 95 63 94
63 95 63 95
63 95 64 95
56 92 56 92
56 92 56 93
56 92 57 92
60 76 59 76
60 76 60 76
60 76 60 77
60 76 61 76
61 69 61 68
61 69 61 69
61 69 61 70
61 69 62 69
56 94 56 93
56 94 56 94
56 94 56 95
56 94 57 94
59 76 58 76
59 76 59 76
59 76 59 77
59 76 60 76
58 77 57 77
58 77 58 76
58 77 58 77
58 77 58 78
58 77 59 77
59 79 58 79
59 79 59 78
59 79 59 79
59 79 60 79
59 92 58 92
59 92 59 92
59 92 59 93
59 92 60 92
60 102 59 102
60 102 60 101
60 102 60 102
60 102 60 103
60 102 61 102
60 70 59 70
60 70 60 70
60 70 60 71
60 70 61 70
61 77 60 77
61 77 61 76
61 77 61 77
61 77 62 77
61 109 60 109
61 109 61 108
61 109 61 109
61 109 61 110
61 109 62 109
59 71 58 71
59 71 59 70
59 71 59 71
59 71 60 71
57 68 56 68
57 68 57 68
57 68 57 69
63 79 62 79
63 79 63 78
63 79 63 79
63 79 64 79
57 100 56 100
57 100 57 100
57 100 57 101
57 100 58 100
58 85 57 85
58 85 58 84
58 85 58 85
58 85 58 86
58 85 59 85
58 100 57 100
58 100 58 100
58 100 58 101
58 100 59 100
60 110 59 110
60 110 60 109
60 110 60 110
60 110 60 111
60 110 61 110
62 109 61 109
62 109 62 108
62 109 62 109
62 109 62 110
62 109 63 109
63 69 62 69
63 69 63 68
63 69 63 69
63 69 63 70
63 69 64 69
61 85 60 85
61 85 61 84
61 85 61 85
61 85 61 86
61 85 62 85
60 93 59 93
60 93 60 92
60 93 60 93
60 93 60 94
60 93 61 93
58 78 57 78
58 78 58 77
58 78 58 78
58 78 58 79
58 78 59 78
56 111 56 110
56 111 56 111
56 111 57 111
56 85 56 84
56 85 56 85
56 85 56 86
56 85 57 85
59 85 58 85
59 85 59 84
59 85 59 85
59 85 59 86
59 85 60 85
57 70 56 70
57 70 57 69
57 70 57 70
57 70 57 71
57 70 58 70
60 95 59 95
60 95 60 94
60 95 60 95
60 95 61 95
58 108 57 108
58 108 58 108
58 108 58 109
58 108 59 108
61 102 60 102
61 102 61 101
61 102 61 102
61 102 61 103
61 102 62 102
60 84 59 84
60 84 60 84
60 84 60 85
60 84 61 84
56 69 56 68
56 69 56 69
56 69 56 70
56 69 57 69
56 84 56 84
56 84 56 85
56 84 57 84
60 92 59 92
60 92 60 92
60 92 60 93
60 92 61 92
57 71 56 71
57 71 57 70
57 71 57 71
57 71 58 71
59 70 58 70
59 70 59 69
59 70 59 70
59 70 59 71
59 70 60 70
61 87 60 87
61 87 61 86
61 87 61 87
61 87 62 87
58 102 57 102
58 102 58 101
58 102 58 102
58 102 58 103
58 102 59 102
59 95 58 95
59 95 59 94
59 95 59 95
59 95 60 95
64 111 63 111
64 111 64 111
61 84 60 84
61 84 61 84
61 84 61 85
61 84 62 84
56 70 56 69
56 70 56 70
56 70 56 71
56 70 57 70
56 102 56 101
56 102 56 102
56 102 56 103
56 102 57 102
60 77 59 77
60 77 60 76
60 77 60 77
60 77 60 78
60 77 61 77
57 94 56 94
57 94 57 93
57 94 57 94
57 94 57 95
57 94 58 94
56 108 56 108
56 108 56 109
56 108 57 108
63 101 62 101
63 101 63 100
63 101 63 101
63 101 63 102
63 101 64 101
57 69 56 69
57 69 57 68
57 69 57 69
57 69 57 70
57 69 58 69
63 68 62 68
63 68 63 68
63 68 63 69
63 68 64 68
60 86 59 86
60 86 60 85
60 86 60 86
60 86 60 87
60 86 61 86
62 103 61 103
62 103 62 102
62 103 62 103
62 103 63 103
60 78 59 78
60 78 60 77
60 78 60 78
60 78 60 79
61 103 60 103
61 103 61 102
61 103 61 103
61 103 62 103
58 76 57 76
58 76 58 76
58 76 58 77
58 76 59 76
57 92 56 92
57 92 57 92
57 92 57 93
57 92 58 92
58 79 57 79
58 79 58 78
58 79 58 79
58 79 59 79
58 87 57 87
58 87 58 86
58 87 58 87
58 87 59 87
63 87 62 87
63 87 63 86
63 87 63 87
63 87 64 87
62 111 61 111
62 111 62 110
62 111 62 111
62 111 63 111
59 103 58 103
59 103 59 102
59 103 59 103
59 103 60 103
61 92 60 92
61 92 61 92
61 92 61 93
61 92 62 92
63 109 62 109
63 109 63 108
63 109 63 109
63 109 63 110
63 109 64 109
62 93 61 93
62 93 62 92
62 93 62 93
62 93 62 94
62 93 63 93
59 84 58 84
59 84 59 84
59 84 59 85
59 84 60 84
56 77 56 76
56 77 56 77
56 77 56 78
56 77 57 77
62 79 61 79
62 79 62 78
62 79 62 79
62 79 63 79
62 76 61 76
62 76 62 76
62 76 62 77
62 76 63 76
60 85 59 85
60 85 60 84
60 85 60 85
60 85 60 86
60 85 61 85
57 84 56 84
57 84 57 84
57 84 57 85
57 84 58 84
57 85 56 85
57 85 57 84
57 85 57 85
57 85 58 85
63 70 63 69
63 70 63 70
63 70 63 71
63 70 64 70
56 103 56 102
56 103 56 103
56 103 57 103
63 78 62 78
63 78 63 77
63 78 63 78
63 78 63 79
63 78 64 78
57 79 56 79
57 79 57 78
57 79 57 79
57 79 58 79
63 71 62 71
63 71 63 70
63 71 63 71
63 71 64 71
64 77 63 77
64 77 64 76
64 77 64 77
64 77 64 78
63 94 62 94
63 94 63 93
63 94 63 94
63 94 63 95
63 94 64 94
58 110 58 109
58 110 58 110
58 110 58 111
58 110 59 110
58 86 58 85
58 86 58 86
58 86 58 87
58 86 59 86
61 93 60 93
61 93 61 92
61 93 61 93
61 93 61 94
61 93 62 93
62 77 61 77
62 77 62 76
62 77 62 77
62 77 62 78
62 77 63 77
61 68 60 68
61 68 61 68
61 68 61 69
61 68 62 68
62 78 62 77
62 78 62 78
62 78 62 79
62 78 63 78
59 78 58 78
59 78 59 77
59 78 59 78
59 78 59 79
59 78 60 78
59 86 58 86
59 86 59 85
59 86 59 86
59 86 59 87
59 86 60 86
58 103 57 103
58 103 58 102
58 103 58 103
58 103 59 103
62 84 61 84
62 84 62 84
62 84 62 85
61 101 60 101
61 101 61 100
61 101 61 101
61 101 61 102
61 101 62 101
62 85 61 85
62 85 62 84
62 85 62 85
62 85 62 86
62 85 63 85
61 100 61 100
61 100 61 101
61 100 62 100
57 111 56 111
57 111 57 111
57 111 58 111
62 68 61 68
62 68 62 68
62 68 62 69
62 68 63 68
57 109 56 109
57 109 57 108
57 109 57 109
57 109 58 109
61 86 60 86
61 86 61 85
61 86 61 86
61 86 61 87
61 86 62 86
63 111 62 111
63 111 63 110
63 111 63 111
63 111 64 111
59 111 58 111
59 111 59 110
59 111 59 111
59 111 60 111
62 95 61 95
62 95 62 94
62 95 62 95
62 95 63 95
61 79 60 79
61 79 61 79
61 79 62 79
61 110 60 110
61 110 61 109
61 110 61 110
61 110 61 111
61 110 62 110
56 86 56 85
56 86 56 86
56 86 56 87
59 87 58 87
59 87 59 86
59 87 59 87
59 87 60 87
59 110 58 110
59 110 59 109
59 110 59 110
59 110 59 111
59 110 60 110
62 69 61 69
62 69 62 68
62 69 62 69
62 69 63 69
62 92 61 92
62 92 62 92
62 92 62 93
62 92 63 92
