3 30 2 30
3 30 3 30
3 30 3 31
7 30 6 30
7 30 7 30
7 30 7 31
2 34 2 33
2 34 2 34
2 34 3 34
10 34 10 33
10 34 10 34
10 34 11 34
3 32 2 32
3 32 3 31
3 32 3 32
3 32 3 33
11 31 10 31
11 31 11 30
11 31 11 31
11 31 11 32
7 33 6 33
7 33 7 32
7 33 7 33
7 33 7 34
11 30 10 30
11 30 11 30
11 30 11 31
6 31 6 30
6 31 6 31
6 31 6 32
6 31 7 31
6 33 6 32
6 33 6 33
6 33 6 34
6 33 7 33
3 33 2 33
3 33 3 32
3 33 3 33
3 33 3 34
2 31 2 30
2 31 2 31
2 31 2 32
2 31 3 31
11 32 10 32
11 32 11 31
11 32 11 32
11 32 11 33
10 30 10 30
10 30 10 31
10 30 11 30
2 33 2 32
2 33 2 33
2 33 2 34
2 33 3 33
2 30 2 30
2 30 2 31
2 30 3 30
3 31 2 31
3 31 3 30
3 31 3 31
3 31 3 32
7 31 6 31
7 31 7 30
7 31 7 31
7 31 7 32
11 33 10 33
11 33 11 32
11 33 11 33
11 33 11 34
2 32 2 31
2 32 2 32
2 32 2 33
2 32 3 32
10 32 10 31
10 32 10 32
10 32 10 33
10 32 11 32
10 33 10 32
10 33 10 33
10 33 10 34
10 33 11 33
3 34 2 34
3 34 3 33
3 34 3 34
6 32 6 31
6 32 6 32
6 32 6 33
6 32 7 32
7 34 6 34
7 34 7 33
7 34 7 34
11 34 10 34
11 34 11 33
11 34 11 34
10 31 10 30
10 31 10 31
10 31 10 32
10 31 11 31
6 34 6 33
6 34 6 34
6 34 7 34
7 32 6 32
7 32 7 31
7 32 7 32
7 32 7 33
6 30 6 30
6 30 6 31
6 30 7 30
