181 99 181 99
129 96 129 95
129 96 129 96
129 96 129 97
129 96 130 96
130 96 129 96
130 96 130 95
130 96 130 96
130 96 130 97
121 96 121 95
121 96 121 96
121 96 121 97
121 96 122 96
129 98 129 97
129 98 129 98
129 98 129 99
129 98 130 98
186 99 186 99
102 97 101 97
102 97 102 96
102 97 102 97
102 97 102 98
101 95 101 95
101 95 101 96
101 95 102 95
150 95 149 95
150 95 150 95
150 95 150 96
122 97 121 97
122 97 122 96
122 97 122 97
122 97 122 98
106 96 105 96
106 96 106 95
106 96 106 96
106 96 106 97
126 95 125 95
126 95 126 95
126 95 126 96
145 97 145 96
145 97 145 97
145 97 145 98
145 97 146 97
149 99 149 98
149 99 149 99
149 99 150 99
130 95 129 95
130 95 130 95
130 95 130 96
150 98 149 98
150 98 150 97
150 98 150 98
150 98 150 99
121 97 121 96
121 97 121 97
121 97 121 98
121 97 122 97
102 98 101 98
102 98 102 97
102 98 102 98
102 98 102 99
109 96 109 95
109 96 109 96
109 96 110 96
134 98 133 98
134 98 134 97
134 98 134 98
134 98 134 99
130 98 129 98
130 98 130 97
130 98 130 98
130 98 130 99
153 99 153 98
153 99 153 99
153 99 154 99
121 99 121 98
121 99 121 99
121 99 122 99
105 95 105 95
105 95 105 96
105 95 106 95
149 97 149 96
149 97 149 97
149 97 149 98
149 97 150 97
118 96 117 96
118 96 118 95
118 96 118 96
118 96 118 97
162 99 162 99
133 96 133 95
133 96 133 96
133 96 133 97
133 96 134 96
106 97 105 97
106 97 106 96
106 97 106 97
106 97 106 98
149 98 149 97
149 98 149 98
149 98 149 99
149 98 150 98
101 97 101 96
101 97 101 97
101 97 101 98
101 97 102 97
101 98 101 97
101 98 101 98
101 98 101 99
101 98 102 98
146 99 145 99
146 99 146 98
146 99 146 99
118 98 117 98
118 98 118 97
118 98 118 98
118 98 118 99
122 99 121 99
122 99 122 98
122 99 122 99
122 95 121 95
122 95 122 95
122 95 122 96
145 99 145 98
145 99 145 99
145 99 146 99
154 99 153 99
154 99 154 98
154 99 154 99
102 99 101 99
102 99 102 98
102 99 102 99
134 95 133 95
134 95 134 95
134 95 134 96
117 95 117 95
117 95 117 96
117 95 118 95
121 95 121 95
121 95 121 96
121 95 122 95
150 96 149 96
150 96 150 95
150 96 150 96
150 96 150 97
109 95 109 95
109 95 109 96
109 95 110 95
145 96 145 95
145 96 145 96
145 96 145 97
145 96 146 96
153 97 153 96
153 97 153 97
153 97 153 98
153 97 154 97
125 98 125 97
125 98 125 98
125 98 125 99
125 98 126 98
126 99 125 99
126 99 126 98
126 99 126 99
122 98 121 98
122 98 122 97
122 98 122 98
122 98 122 99
153 95 153 95
153 95 153 96
130 99 129 99
130 99 130 98
130 99 130 99
125 95 125 95
125 95 125 96
125 95 126 95
134 97 133 97
134 97 134 96
134 97 134 97
134 97 134 98
145 95 145 95
145 95 145 96
145 95 146 95
117 99 117 98
117 99 117 99
117 99 118 99
126 96 125 96
126 96 126 95
126 96 126 96
126 96 126 97
153 96 153 95
153 96 153 96
153 96 153 97
153 96 154 96
118 97 117 97
118 97 118 96
118 97 118 97
118 97 118 98
129 97 129 96
129 97 129 97
129 97 129 98
129 97 130 97
105 99 105 98
105 99 105 99
105 99 106 99
126 97 125 97
126 97 126 96
126 97 126 97
126 97 126 98
154 98 153 98
154 98 154 97
154 98 154 98
154 98 154 99
106 98 105 98
106 98 106 97
106 98 106 98
106 98 106 99
118 95 117 95
118 95 118 95
118 95 118 96
125 99 125 98
125 99 125 99
125 99 126 99
133 99 133 98
133 99 133 99
133 99 134 99
101 99 101 98
101 99 101 99
101 99 102 99
118 99 117 99
118 99 118 98
118 99 118 99
101 96 101 95
101 96 101 96
101 96 101 97
101 96 102 96
134 99 133 99
134 99 134 98
134 99 134 99
126 98 125 98
126 98 126 97
126 98 126 98
126 98 126 99
146 96 145 96
146 96 146 95
146 96 146 96
146 96 146 97
189 99 189 99
130 97 129 97
130 97 130 96
130 97 130 97
130 97 130 98
149 96 149 95
149 96 149 96
149 96 149 97
149 96 150 96
117 96 117 95
117 96 117 96
117 96 117 97
117 96 118 96
129 95 129 95
129 95 129 96
129 95 130 95
154 97 153 97
154 97 154 96
154 97 154 97
154 97 154 98
133 95 133 95
133 95 133 96
133 95 134 95
150 99 149 99
150 99 150 98
150 99 150 99
153 98 153 97
153 98 153 98
153 98 153 99
153 98 154 98
125 96 125 95
125 96 125 96
125 96 125 97
125 96 126 96
142 99 142 99
154 96 153 96
154 96 154 96
154 96 154 97
117 97 117 96
117 97 117 97
117 97 117 98
117 97 118 97
105 97 105 96
105 97 105 97
105 97 105 98
105 97 106 97
150 97 149 97
150 97 150 96
150 97 150 97
150 97 150 98
102 95 101 95
102 95 102 95
102 95 102 96
110 96 109 96
110 96 110 95
110 96 110 96
129 99 129 98
129 99 129 99
129 99 130 99
134 96 133 96
134 96 134 95
134 96 134 96
134 96 134 97
110 95 109 95
110 95 110 95
110 95 110 96
121 98 121 97
121 98 121 98
121 98 121 99
121 98 122 98
105 96 105 95
105 96 105 96
105 96 105 97
105 96 106 96
149 95 149 95
149 95 149 96
149 95 150 95
117 98 117 97
117 98 117 98
117 98 117 99
117 98 118 98
133 98 133 97
133 98 133 98
133 98 133 99
133 98 134 98
122 96 121 96
122 96 122 95
122 96 122 96
122 96 122 97
133 97 133 96
133 97 133 97
133 97 133 98
133 97 134 97
105 98 105 97
105 98 105 98
105 98 105 99
105 98 106 98
106 95 105 95
106 95 106 95
106 95 106 96
102 96 101 96
102 96 102 95
102 96 102 96
102 96 102 97
146 97 145 97
146 97 146 96
146 97 146 97
146 97 146 98
106 99 105 99
106 99 106 98
106 99 106 99
146 98 145 98
146 98 146 97
146 98 146 98
146 98 146 99
146 95 145 95
146 95 146 95
146 95 146 96
145 98 145 97
145 98 145 98
145 98 145 99
145 98 146 98
125 97 125 96
125 97 125 97
125 97 125 98
125 97 126 97
