69 83 68 83
69 83 69 82
69 83 69 83
69 83 69 84
69 82 68 82
69 82 69 81
69 82 69 82
69 82 69 83
69 82 70 82
53 83 52 83
53 83 53 82
53 83 53 83
53 83 54 83
71 77 70 77
71 77 71 76
71 77 71 77
71 77 71 78
54 79 53 79
54 79 54 78
54 79 54 79
54 79 54 80
54 79 55 79
53 76 52 76
53 76 53 76
53 76 53 77
53 76 54 76
63 83 62 83
63 83 63 82
63 83 63 83
53 82 52 82
53 82 53 81
53 82 53 82
53 82 53 83
53 82 54 82
61 84 60 84
61 84 61 83
61 84 61 84
61 84 62 84
70 77 69 77
70 77 70 76
70 77 70 77
70 77 70 78
70 77 71 77
53 81 52 81
53 81 53 80
53 81 53 81
53 81 53 82
63 78 62 78
63 78 63 77
63 78 63 78
63 78 63 79
69 81 68 81
69 81 69 80
69 81 69 81
69 81 69 82
69 81 70 81
54 83 53 83
54 83 54 82
54 83 54 83
54 83 54 84
54 83 55 83
52 80 52 79
52 80 52 80
52 80 52 81
52 80 53 80
70 82 69 82
70 82 70 81
70 82 70 82
70 82 71 82
71 81 70 81
71 81 71 81
71 81 71 82
70 79 69 79
70 79 70 78
70 79 70 79
70 79 70 80
70 79 71 79
63 79 62 79
63 79 63 78
63 79 63 79
63 79 63 80
62 78 62 77
62 78 62 78
62 78 62 79
62 78 63 78
62 84 61 84
62 84 62 83
62 84 62 84
60 76 60 76
60 76 60 77
60 76 61 76
71 78 70 78
71 78 71 77
71 78 71 78
71 78 71 79
55 80 54 80
55 80 55 79
55 80 55 80
55 80 55 81
70 76 69 76
70 76 70 76
70 76 70 77
70 76 71 76
60 84 60 83
60 84 60 84
60 84 61 84
68 76 68 76
68 76 69 76
60 83 60 82
60 83 60 83
60 83 60 84
60 83 61 83
70 80 69 80
70 80 70 79
70 80 70 80
70 80 70 81
55 82 54 82
55 82 55 81
55 82 55 82
55 82 55 83
69 84 68 84
69 84 69 83
69 84 69 84
69 84 70 84
71 84 70 84
71 84 71 83
71 84 71 84
62 76 61 76
62 76 62 76
62 76 62 77
62 76 63 76
60 78 60 77
60 78 60 78
60 78 60 79
68 78 68 78
68 78 68 79
68 78 69 78
55 84 54 84
55 84 55 83
55 84 55 84
53 79 52 79
53 79 53 78
53 79 53 79
53 79 53 80
53 79 54 79
62 79 61 79
62 79 62 78
62 79 62 79
62 79 62 80
62 79 63 79
54 82 53 82
54 82 54 82
54 82 54 83
54 82 55 82
52 78 52 77
52 78 52 78
52 78 52 79
52 78 53 78
61 77 60 77
61 77 61 76
61 77 61 77
61 77 62 77
62 83 61 83
62 83 62 83
62 83 62 84
62 83 63 83
54 84 54 83
54 84 54 84
54 84 55 84
52 83 52 82
52 83 52 83
52 83 52 84
52 83 53 83
52 79 52 78
52 79 52 79
52 79 52 80
52 79 53 79
54 78 53 78
54 78 54 78
54 78 54 79
54 78 55 78
71 82 70 82
71 82 71 81
71 82 71 82
71 82 71 83
61 82 60 82
61 82 61 81
61 82 61 82
61 82 61 83
60 77 60 76
60 77 60 77
60 77 60 78
60 77 61 77
71 76 70 76
71 76 71 76
71 76 71 77
63 80 62 80
63 80 63 79
63 80 63 80
63 80 63 81
68 79 68 78
68 79 68 79
68 79 69 79
62 77 61 77
62 77 62 76
62 77 62 77
62 77 62 78
62 77 63 77
63 76 62 76
63 76 63 76
63 76 63 77
68 82 68 81
68 82 68 82
68 82 68 83
68 82 69 82
62 81 61 81
62 81 62 80
62 81 62 81
62 81 63 81
70 84 69 84
70 84 70 84
70 84 71 84
70 81 69 81
70 81 70 80
70 81 70 81
70 81 70 82
70 81 71 81
71 79 70 79
71 79 71 78
71 79 71 79
63 82 63 81
63 82 63 82
63 82 63 83
68 81 68 81
68 81 68 82
68 81 69 81
52 81 52 80
52 81 52 81
52 81 52 82
52 81 53 81
52 76 52 76
52 76 52 77
52 76 53 76
55 76 54 76
55 76 55 76
55 76 55 77
61 76 60 76
61 76 61 76
61 76 61 77
61 76 62 76
61 80 60 80
61 80 61 79
61 80 61 80
61 80 61 81
61 80 62 80
55 83 54 83
55 83 55 82
55 83 55 83
55 83 55 84
68 84 68 83
68 84 68 84
68 84 69 84
61 79 60 79
61 79 61 79
61 79 61 80
61 79 62 79
55 81 55 80
55 81 55 81
55 81 55 82
71 83 71 82
71 83 71 83
71 83 71 84
53 78 52 78
53 78 53 77
53 78 53 78
53 78 53 79
53 78 54 78
61 81 60 81
61 81 61 80
61 81 61 81
61 81 61 82
61 81 62 81
55 79 54 79
55 79 55 78
55 79 55 79
55 79 55 80
69 80 69 79
69 80 69 80
69 80 69 81
69 80 70 80
61 83 60 83
61 83 61 82
61 83 61 83
61 83 61 84
61 83 62 83
60 79 60 78
60 79 60 79
60 79 60 80
60 79 61 79
70 78 69 78
70 78 70 77
70 78 70 78
70 78 70 79
70 78 71 78
62 80 61 80
62 80 62 79
62 80 62 80
62 80 62 81
62 80 63 80
60 80 60 79
60 80 60 80
60 80 60 81
60 80 61 80
69 79 68 79
69 79 69 78
69 79 69 79
69 79 69 80
69 79 70 79
55 78 54 78
55 78 55 77
55 78 55 78
55 78 55 79
55 77 55 76
55 77 55 77
55 77 55 78
52 82 52 81
52 82 52 82
52 82 52 83
52 82 53 82
52 77 52 76
52 77 52 77
52 77 52 78
52 77 53 77
63 81 62 81
63 81 63 80
63 81 63 81
63 81 63 82
69 77 69 76
69 77 69 77
69 77 69 78
69 77 70 77
63 77 62 77
63 77 63 76
63 77 63 77
63 77 63 78
69 76 68 76
69 76 69 76
69 76 69 77
69 76 70 76
69 78 68 78
69 78 69 77
69 78 69 78
69 78 69 79
69 78 70 78
60 81 60 80
60 81 60 81
60 81 60 82
60 81 61 81
53 77 52 77
53 77 53 76
53 77 53 77
53 77 53 78
53 80 52 80
53 80 53 79
53 80 53 80
53 80 53 81
53 80 54 80
52 84 52 83
52 84 52 84
60 82 60 81
60 82 60 82
60 82 60 83
60 82 61 82
54 76 53 76
54 76 54 76
54 76 55 76
54 80 53 80
54 80 54 79
54 80 54 80
54 80 55 80
68 83 68 82
68 83 68 83
68 83 68 84
68 83 69 83
