61 60 60 60
61 60 61 59
61 60 61 60
61 60 61 61
61 60 62 60
53 55 52 55
53 55 53 54
53 55 53 55
53 55 53 56
53 55 54 55
59 54 58 54
59 54 59 53
59 54 59 54
59 54 59 55
59 54 60 54
63 52 62 52
63 52 63 51
63 52 63 52
63 52 63 53
61 57 60 57
61 57 61 56
61 57 61 57
61 57 61 58
61 57 62 57
55 60 54 60
55 60 55 59
55 60 55 60
55 60 55 61
55 60 56 60
58 58 57 58
58 58 58 57
58 58 58 58
58 58 58 59
58 58 59 58
53 51 52 51
53 51 53 51
53 51 53 52
53 51 54 51
60 60 59 60
60 60 60 59
60 60 60 60
60 60 60 61
60 60 61 60
52 60 51 60
52 60 52 59
52 60 52 60
52 60 52 61
52 60 53 60
57 56 56 56
57 56 57 55
57 56 57 56
57 56 57 57
57 56 58 56
59 62 58 62
59 62 59 61
59 62 59 62
59 62 59 63
59 62 60 62
59 53 58 53
59 53 59 52
59 53 59 53
59 53 59 54
59 53 60 53
51 56 51 55
51 56 51 56
51 56 51 57
51 56 52 56
51 53 51 52
51 53 51 53
51 53 51 54
51 53 52 53
57 52 56 52
57 52 57 51
57 52 57 52
57 52 57 53
57 52 58 52
55 57 54 57
55 57 55 56
55 57 55 57
55 57 55 58
55 57 56 57
51 58 51 57
51 58 51 58
51 58 51 59
51 58 52 58
61 55 60 55
61 55 61 54
61 55 61 55
61 55 61 56
61 55 62 55
58 61 57 61
58 61 58 60
58 61 58 61
58 61 58 62
58 61 59 61
58 57 57 57
58 57 58 56
58 57 58 57
58 57 58 58
58 57 59 57
60 54 59 54
60 54 60 53
60 54 60 54
60 54 60 55
60 54 61 54
57 53 56 53
57 53 57 52
57 53 57 53
57 53 57 54
57 53 58 53
61 54 60 54
61 54 61 53
61 54 61 54
61 54 61 55
61 54 62 54
51 51 50 51
51 51 51 50
51 51 51 51
51 51 51 52
51 51 52 51
63 63 62 63
63 63 63 62
63 63 63 63
49 63 48 63
49 63 49 62
49 63 49 63
49 63 50 63
59 56 58 56
59 56 59 55
59 56 59 56
59 56 59 57
59 56 60 56
56 56 55 56
56 56 56 55
56 56 56 56
56 56 56 57
56 56 57 56
50 62 49 62
50 62 50 62
50 62 50 63
50 62 51 62
48 51 48 50
48 51 48 51
48 51 49 51
63 60 62 60
63 60 63 59
63 60 63 60
63 60 63 61
61 51 60 51
61 51 61 51
61 51 61 52
61 51 62 51
63 51 62 51
63 51 63 50
63 51 63 51
63 51 63 52
56 57 55 57
56 57 56 56
56 57 56 57
56 57 56 58
56 57 57 57
62 53 61 53
62 53 62 52
62 53 62 53
62 53 62 54
62 53 63 53
58 53 57 53
58 53 58 52
58 53 58 53
58 53 58 54
58 53 59 53
60 56 59 56
60 56 60 55
60 56 60 56
60 56 60 57
60 56 61 56
54 57 53 57
54 57 54 56
54 57 54 57
54 57 54 58
54 57 55 57
56 61 55 61
56 61 56 60
56 61 56 61
56 61 56 62
56 61 57 61
63 57 62 57
63 57 63 56
63 57 63 57
63 57 63 58
59 61 58 61
59 61 59 60
59 61 59 61
59 61 59 62
59 61 60 61
61 52 60 52
61 52 61 51
61 52 61 52
61 52 61 53
61 52 62 52
49 62 48 62
49 62 49 62
49 62 49 63
49 62 50 62
54 61 53 61
54 61 54 60
54 61 54 61
54 61 54 62
54 61 55 61
52 53 51 53
52 53 52 52
52 53 52 53
52 53 52 54
52 53 53 53
52 63 51 63
52 63 52 62
52 63 52 63
52 63 53 63
53 56 52 56
53 56 53 55
53 56 53 56
53 56 53 57
53 56 54 56
53 61 52 61
53 61 53 60
53 61 53 61
53 61 53 62
53 61 54 61
54 54 53 54
54 54 54 53
54 54 54 54
54 54 54 55
54 54 55 54
63 61 62 61
63 61 63 60
63 61 63 61
63 61 63 62
49 48 48 48
49 48 49 48
49 48 49 49
49 48 50 48
60 52 59 52
60 52 60 51
60 52 60 52
60 52 60 53
60 52 61 52
48 50 48 49
48 50 48 50
48 50 48 51
48 50 49 50
59 57 58 57
59 57 59 56
59 57 59 57
59 57 59 58
59 57 60 57
57 59 56 59
57 59 57 58
57 59 57 59
57 59 57 60
57 59 58 59
61 62 60 62
61 62 61 61
61 62 61 62
61 62 61 63
61 62 62 62
53 59 52 59
53 59 53 58
53 59 53 59
53 59 53 60
53 59 54 59
55 58 54 58
55 58 55 57
55 58 55 58
55 58 55 59
55 58 56 58
51 54 51 53
51 54 51 54
51 54 51 55
51 54 52 54
51 57 51 56
51 57 51 57
51 57 51 58
51 57 52 57
51 63 50 63
51 63 51 62
51 63 51 63
51 63 52 63
62 61 61 61
62 61 62 60
62 61 62 61
62 61 62 62
62 61 63 61
60 63 59 63
60 63 60 62
60 63 60 63
60 63 61 63
54 55 53 55
54 55 54 54
54 55 54 55
54 55 54 56
54 55 55 55
60 51 59 51
60 51 60 51
60 51 60 52
60 51 61 51
59 51 58 51
59 51 59 51
59 51 59 52
59 51 60 51
63 55 62 55
63 55 63 54
63 55 63 55
63 55 63 56
54 59 53 59
54 59 54 58
54 59 54 59
54 59 54 60
54 59 55 59
62 50 62 49
62 50 62 50
62 50 62 51
62 50 63 50
53 53 52 53
53 53 53 52
53 53 53 53
53 53 53 54
53 53 54 53
49 50 48 50
49 50 49 49
49 50 49 50
49 50 49 51
49 50 50 50
63 58 62 58
63 58 63 57
63 58 63 58
63 58 63 59
50 50 49 50
50 50 50 49
50 50 50 50
50 50 50 51
50 50 51 50
58 51 57 51
58 51 58 51
58 51 58 52
58 51 59 51
60 62 59 62
60 62 60 61
60 62 60 62
60 62 60 63
60 62 61 62
58 55 57 55
58 55 58 54
58 55 58 55
58 55 58 56
58 55 59 55
60 57 59 57
60 57 60 56
60 57 60 57
60 57 60 58
60 57 61 57
56 53 55 53
56 53 56 52
56 53 56 53
56 53 56 54
56 53 57 53
54 62 53 62
54 62 54 61
54 62 54 62
54 62 54 63
54 62 55 62
48 48 48 48
48 48 48 49
48 48 49 48
61 53 60 53
61 53 61 52
61 53 61 53
61 53 61 54
61 53 62 53
50 49 49 49
50 49 50 48
50 49 50 49
50 49 50 50
50 49 51 49
58 63 57 63
58 63 58 62
58 63 58 63
58 63 59 63
53 57 52 57
53 57 53 56
53 57 53 57
53 57 53 58
53 57 54 57
62 56 61 56
62 56 62 55
62 56 62 56
62 56 62 57
62 56 63 56
60 61 59 61
60 61 60 60
60 61 60 61
60 61 60 62
60 61 61 61
62 62 61 62
62 62 62 61
62 62 62 62
62 62 62 63
62 62 63 62
49 49 48 49
49 49 49 48
49 49 49 49
49 49 49 50
49 49 50 49
59 58 58 58
59 58 59 57
59 58 59 58
59 58 59 59
59 58 60 58
60 53 59 53
60 53 60 52
60 53 60 53
60 53 60 54
60 53 61 53
62 60 61 60
62 60 62 59
62 60 62 60
62 60 62 61
62 60 63 60
52 52 51 52
52 52 52 51
52 52 52 52
52 52 52 53
52 52 53 52
52 61 51 61
52 61 52 60
52 61 52 61
52 61 52 62
52 61 53 61
62 49 62 48
62 49 62 49
62 49 62 50
62 49 63 49
63 54 62 54
63 54 63 53
63 54 63 54
63 54 63 55
55 56 54 56
55 56 55 55
55 56 55 56
55 56 55 57
55 56 56 56
56 55 55 55
56 55 56 54
56 55 56 55
56 55 56 56
56 55 57 55
57 63 56 63
57 63 57 62
57 63 57 63
57 63 58 63
62 54 61 54
62 54 62 53
62 54 62 54
62 54 62 55
62 54 63 54
55 51 54 51
55 51 55 51
55 51 55 52
55 51 56 51
51 55 51 54
51 55 51 55
51 55 51 56
51 55 52 55
50 51 49 51
50 51 50 50
50 51 50 51
50 51 51 51
59 52 58 52
59 52 59 51
59 52 59 52
59 52 59 53
59 52 60 52
55 55 54 55
55 55 55 54
55 55 55 55
55 55 55 56
55 55 56 55
57 62 56 62
57 62 57 61
57 62 57 62
57 62 57 63
57 62 58 62
57 61 56 61
57 61 57 60
57 61 57 61
57 61 57 62
57 61 58 61
63 59 62 59
63 59 63 58
63 59 63 59
63 59 63 60
60 59 59 59
60 59 60 58
60 59 60 59
60 59 60 60
60 59 61 59
57 60 56 60
57 60 57 59
57 60 57 60
57 60 57 61
57 60 58 60
54 58 53 58
54 58 54 57
54 58 54 58
54 58 54 59
54 58 55 58
53 54 52 54
53 54 53 53
53 54 53 54
53 54 53 55
53 54 54 54
63 50 62 50
63 50 63 49
63 50 63 50
63 50 63 51
52 56 51 56
52 56 52 55
52 56 52 56
52 56 52 57
52 56 53 56
51 59 51 58
51 59 51 59
51 59 51 60
51 59 52 59
48 49 48 48
48 49 48 49
48 49 48 50
48 49 49 49
57 57 56 57
57 57 57 56
57 57 57 57
57 57 57 58
57 57 58 57
61 63 60 63
61 63 61 62
61 63 61 63
61 63 62 63
57 51 56 51
57 51 57 51
57 51 57 52
57 51 58 51
56 58 55 58
56 58 56 57
56 58 56 58
56 58 56 59
56 58 57 58
55 54 54 54
55 54 55 53
55 54 55 54
55 54 55 55
55 54 56 54
63 53 62 53
63 53 63 52
63 53 63 53
63 53 63 54
51 50 50 50
51 50 51 49
51 50 51 50
51 50 51 51
57 54 56 54
57 54 57 53
57 54 57 54
57 54 57 55
57 54 58 54
62 58 61 58
62 58 62 57
62 58 62 58
62 58 62 59
62 58 63 58
55 59 54 59
55 59 55 58
55 59 55 59
55 59 55 60
55 59 56 59
54 63 53 63
54 63 54 62
54 63 54 63
54 63 55 63
55 53 54 53
55 53 55 52
55 53 55 53
55 53 55 54
55 53 56 53
62 51 61 51
62 51 62 50
62 51 62 51
62 51 62 52
62 51 63 51
62 55 61 55
62 55 62 54
62 55 62 55
62 55 62 56
62 55 63 55
61 59 60 59
61 59 61 58
61 59 61 59
61 59 61 60
61 59 62 59
58 60 57 60
58 60 58 59
58 60 58 60
58 60 58 61
58 60 59 60
56 51 55 51
56 51 56 51
56 51 56 52
56 51 57 51
51 52 51 51
51 52 51 52
51 52 51 53
51 52 52 52
51 48 50 48
51 48 51 48
51 48 51 49
56 63 55 63
56 63 56 62
56 63 56 63
56 63 57 63
55 62 54 62
55 62 55 61
55 62 55 62
55 62 55 63
55 62 56 62
58 54 57 54
58 54 58 53
58 54 58 54
58 54 58 55
58 54 59 54
52 55 51 55
52 55 52 54
52 55 52 55
52 55 52 56
52 55 53 55
52 58 51 58
52 58 52 57
52 58 52 58
52 58 52 59
52 58 53 58
57 58 56 58
57 58 57 57
57 58 57 58
57 58 57 59
57 58 58 58
54 56 53 56
54 56 54 55
54 56 54 56
54 56 54 57
54 56 55 56
52 62 51 62
52 62 52 61
52 62 52 62
52 62 52 63
52 62 53 62
51 61 51 60
51 61 51 61
51 61 51 62
51 61 52 61
53 58 52 58
53 58 53 57
53 58 53 58
53 58 53 59
53 58 54 58
54 51 53 51
54 51 54 51
54 51 54 52
54 51 55 51
54 60 53 60
54 60 54 59
54 60 54 60
54 60 54 61
54 60 55 60
50 48 49 48
50 48 50 48
50 48 50 49
50 48 51 48
51 60 51 59
51 60 51 60
51 60 51 61
51 60 52 60
52 51 51 51
52 51 52 51
52 51 52 52
52 51 53 51
62 59 61 59
62 59 62 58
62 59 62 59
62 59 62 60
62 59 63 59
56 54 55 54
56 54 56 53
56 54 56 54
56 54 56 55
56 54 57 54
60 58 59 58
60 58 60 57
60 58 60 58
60 58 60 59
60 58 61 58
63 49 62 49
63 49 63 48
63 49 63 49
63 49 63 50
61 56 60 56
61 56 61 55
61 56 61 56
61 56 61 57
61 56 62 56
59 60 58 60
59 60 59 59
59 60 59 60
59 60 59 61
59 60 60 60
52 54 51 54
52 54 52 53
52 54 52 54
52 54 52 55
52 54 53 54
52 57 51 57
52 57 52 56
52 57 52 57
52 57 52 58
52 57 53 57
51 49 50 49
51 49 51 48
51 49 51 49
51 49 51 50
63 62 62 62
63 62 63 61
63 62 63 62
63 62 63 63
59 63 58 63
59 63 59 62
59 63 59 63
59 63 60 63
48 63 48 62
48 63 48 63
48 63 49 63
54 52 53 52
54 52 54 51
54 52 54 52
54 52 54 53
54 52 55 52
62 48 62 48
62 48 62 49
62 48 63 48
53 60 52 60
53 60 53 59
53 60 53 60
53 60 53 61
53 60 54 60
61 61 60 61
61 61 61 60
61 61 61 61
61 61 61 62
61 61 62 61
61 58 60 58
61 58 61 57
61 58 61 58
61 58 61 59
61 58 62 58
58 59 57 59
58 59 58 58
58 59 58 59
58 59 58 60
58 59 59 59
58 62 57 62
58 62 58 61
58 62 58 62
58 62 58 63
58 62 59 62
58 56 57 56
58 56 58 55
58 56 58 56
58 56 58 57
58 56 59 56
51 62 50 62
51 62 51 61
51 62 51 62
51 62 51 63
51 62 52 62
56 59 55 59
56 59 56 58
56 59 56 59
56 59 56 60
56 59 57 59
53 62 52 62
53 62 53 61
53 62 53 62
53 62 53 63
53 62 54 62
63 56 62 56
63 56 63 55
63 56 63 56
63 56 63 57
52 59 51 59
52 59 52 58
52 59 52 59
52 59 52 60
52 59 53 59
49 51 48 51
49 51 49 50
49 51 49 51
49 51 50 51
60 55 59 55
60 55 60 54
60 55 60 55
60 55 60 56
60 55 61 55
56 60 55 60
56 60 56 59
56 60 56 60
56 60 56 61
56 60 57 60
62 52 61 52
62 52 62 51
62 52 62 52
62 52 62 53
62 52 63 52
55 52 54 52
55 52 55 51
55 52 55 52
55 52 55 53
55 52 56 52
53 52 52 52
53 52 53 51
53 52 53 52
53 52 53 53
53 52 54 52
50 63 49 63
50 63 50 62
50 63 50 63
50 63 51 63
48 62 48 62
48 62 48 63
48 62 49 62
59 59 58 59
59 59 59 58
59 59 59 59
59 59 59 60
59 59 60 59
59 55 58 55
59 55 59 54
59 55 59 55
59 55 59 56
59 55 60 55
57 55 56 55
57 55 57 54
57 55 57 55
57 55 57 56
57 55 58 55
58 52 57 52
58 52 58 51
58 52 58 52
58 52 58 53
58 52 59 52
56 62 55 62
56 62 56 61
56 62 56 62
56 62 56 63
56 62 57 62
63 48 62 48
63 48 63 48
63 48 63 49
55 61 54 61
55 61 55 60
55 61 55 61
55 61 55 62
55 61 56 61
56 52 55 52
56 52 56 51
56 52 56 52
56 52 56 53
56 52 57 52
53 63 52 63
53 63 53 62
53 63 53 63
53 63 54 63
55 63 54 63
55 63 55 62
55 63 55 63
55 63 56 63
62 63 61 63
62 63 62 62
62 63 62 63
62 63 63 63
54 53 53 53
54 53 54 52
54 53 54 53
54 53 54 54
54 53 55 53
62 57 61 57
62 57 62 56
62 57 62 57
62 57 62 58
62 57 63 57
