84 75 83 75
84 75 84 74
84 75 84 75
84 75 84 76
84 75 85 75
74 89 73 89
74 89 74 88
74 89 74 89
74 89 74 90
74 89 75 89
66 80 66 79
66 80 66 80
66 80 67 80
85 66 84 66
85 66 85 65
85 66 85 66
85 66 85 67
85 66 86 66
83 74 82 74
83 74 83 73
83 74 83 74
83 74 83 75
83 74 84 74
76 81 75 81
76 81 76 80
76 81 76 81
76 81 76 82
76 81 77 81
75 92 74 92
75 92 75 91
75 92 75 92
75 92 75 93
75 92 76 92
74 69 73 69
74 69 74 68
74 69 74 69
74 69 74 70
74 69 75 69
94 92 93 92
94 92 94 91
94 92 94 92
94 92 94 93
74 81 73 81
74 81 74 80
74 81 74 81
74 81 74 82
74 81 75 81
85 75 84 75
85 75 85 74
85 75 85 75
85 75 85 76
85 75 86 75
94 69 93 69
94 69 94 68
94 69 94 69
94 69 94 70
84 77 83 77
84 77 84 76
84 77 84 77
84 77 84 78
84 77 85 77
70 88 69 88
70 88 70 87
70 88 70 88
70 88 71 88
87 74 86 74
87 74 87 73
87 74 87 74
87 74 87 75
87 74 88 74
83 63 82 63
83 63 83 62
83 63 83 63
83 63 83 64
83 63 84 63
75 81 74 81
75 81 75 80
75 81 75 81
75 81 75 82
75 81 76 81
93 65 92 65
93 65 93 64
93 65 93 65
93 65 93 66
93 65 94 65
91 73 90 73
91 73 91 72
91 73 91 73
91 73 91 74
91 73 92 73
79 83 78 83
79 83 79 82
79 83 79 83
79 83 79 84
79 83 80 83
78 80 77 80
78 80 78 79
78 80 78 80
78 80 78 81
78 80 79 80
88 81 87 81
88 81 88 80
88 81 88 81
88 81 88 82
88 81 89 81
83 68 82 68
83 68 83 67
83 68 83 68
83 68 83 69
83 68 84 68
75 85 74 85
75 85 75 84
75 85 75 85
75 85 75 86
75 85 76 85
75 90 74 90
75 90 75 89
75 90 75 90
75 90 75 91
75 90 76 90
91 72 90 72
91 72 91 71
91 72 91 72
91 72 91 73
91 72 92 72
73 68 72 68
73 68 73 67
73 68 73 68
73 68 73 69
73 68 74 68
71 74 70 74
71 74 71 74
71 74 71 75
71 74 72 74
80 80 79 80
80 80 80 79
80 80 80 80
80 80 80 81
80 80 81 80
73 82 72 82
73 82 73 81
73 82 73 82
73 82 73 83
73 82 74 82
68 74 67 74
68 74 68 73
68 74 68 74
68 74 68 75
68 74 69 74
82 72 81 72
82 72 82 71
82 72 82 72
82 72 82 73
82 72 83 72
83 72 82 72
83 72 83 71
83 72 83 72
83 72 83 73
83 72 84 72
77 73 76 73
77 73 77 72
77 73 77 73
77 73 77 74
77 73 78 73
76 92 75 92
76 92 76 91
76 92 76 92
76 92 76 93
76 92 77 92
72 69 72 68
72 69 72 69
72 69 73 69
79 70 78 70
79 70 79 69
79 70 79 70
79 70 79 71
79 70 80 70
74 84 73 84
74 84 74 83
74 84 74 84
74 84 74 85
74 84 75 84
86 69 85 69
86 69 86 68
86 69 86 69
86 69 86 70
86 69 87 69
81 81 80 81
81 81 81 80
81 81 81 81
81 81 81 82
81 81 82 81
87 68 86 68
87 68 87 67
87 68 87 68
87 68 87 69
87 68 88 68
70 76 69 76
70 76 70 75
70 76 70 76
70 76 70 77
70 76 71 76
90 71 89 71
90 71 90 70
90 71 90 71
90 71 90 72
90 71 91 71
93 72 92 72
93 72 93 71
93 72 93 72
93 72 93 73
93 72 94 72
92 59 91 59
92 59 92 58
92 59 92 59
92 59 92 60
92 59 93 59
83 82 82 82
83 82 83 81
83 82 83 82
83 82 83 83
83 82 84 82
89 75 88 75
89 75 89 74
89 75 89 75
89 75 89 76
89 75 90 75
92 74 91 74
92 74 92 73
92 74 92 74
92 74 92 75
92 74 93 74
94 61 93 61
94 61 94 60
94 61 94 61
94 61 94 62
87 94 87 93
87 94 87 94
87 94 88 94
80 84 79 84
80 84 80 83
80 84 80 84
80 84 80 85
80 84 81 84
66 79 66 78
66 79 66 79
66 79 66 80
66 79 67 79
78 87 77 87
78 87 78 86
78 87 78 87
78 87 78 88
78 87 79 87
73 77 72 77
73 77 73 76
73 77 73 77
73 77 73 78
73 77 74 77
93 62 92 62
93 62 93 61
93 62 93 62
93 62 93 63
93 62 94 62
71 79 70 79
71 79 71 78
71 79 71 79
71 79 71 80
71 79 72 79
72 68 71 68
72 68 72 67
72 68 72 68
72 68 72 69
72 68 73 68
86 63 85 63
86 63 86 62
86 63 86 63
86 63 86 64
86 63 87 63
82 61 81 61
82 61 82 60
82 61 82 61
82 61 82 62
82 61 83 61
74 74 73 74
74 74 74 73
74 74 74 74
74 74 74 75
74 74 75 74
76 88 75 88
76 88 76 87
76 88 76 88
76 88 76 89
76 88 77 88
78 67 77 67
78 67 78 66
78 67 78 67
78 67 78 68
78 67 79 67
68 75 67 75
68 75 68 74
68 75 68 75
68 75 68 76
68 75 69 75
81 86 80 86
81 86 81 85
81 86 81 86
81 86 81 87
81 86 82 86
74 91 73 91
74 91 74 90
74 91 74 91
74 91 74 92
74 91 75 91
82 71 81 71
82 71 82 70
82 71 82 71
82 71 82 72
82 71 83 71
71 81 70 81
71 81 71 80
71 81 71 81
71 81 71 82
71 81 72 81
71 78 70 78
71 78 71 77
71 78 71 78
71 78 71 79
71 78 72 78
70 86 69 86
70 86 70 85
70 86 70 86
70 86 70 87
70 86 71 86
72 66 72 66
72 66 72 67
72 66 73 66
72 77 71 77
72 77 72 76
72 77 72 77
72 77 72 78
72 77 73 77
80 93 79 93
80 93 80 92
80 93 80 93
80 93 80 94
79 93 78 93
79 93 79 92
79 93 79 93
79 93 79 94
79 93 80 93
74 80 73 80
74 80 74 79
74 80 74 80
74 80 74 81
74 80 75 80
93 66 92 66
93 66 93 65
93 66 93 66
93 66 93 67
93 66 94 66
84 65 83 65
84 65 84 64
84 65 84 65
84 65 84 66
84 65 85 65
88 87 87 87
88 87 88 87
88 87 88 88
88 87 89 87
89 93 88 93
89 93 89 92
89 93 89 93
89 93 89 94
89 93 90 93
71 86 70 86
71 86 71 85
71 86 71 86
71 86 71 87
71 86 72 86
69 79 68 79
69 79 69 78
69 79 69 79
69 79 69 80
69 79 70 79
83 75 82 75
83 75 83 74
83 75 83 75
83 75 83 76
83 75 84 75
85 78 84 78
85 78 85 77
85 78 85 78
85 78 85 79
85 78 86 78
74 88 73 88
74 88 74 87
74 88 74 88
74 88 74 89
74 88 75 88
66 73 65 73
66 73 66 72
66 73 66 73
66 73 66 74
66 73 67 73
67 73 66 73
67 73 67 72
67 73 67 73
67 73 67 74
67 73 68 73
94 89 93 89
94 89 94 88
94 89 94 89
94 89 94 90
89 64 88 64
89 64 89 63
89 64 89 64
89 64 89 65
89 64 90 64
94 91 93 91
94 91 94 90
94 91 94 91
94 91 94 92
88 70 87 70
88 70 88 69
88 70 88 70
88 70 88 71
88 70 89 70
75 65 74 65
75 65 75 64
75 65 75 65
75 65 75 66
75 65 76 65
91 64 90 64
91 64 91 63
91 64 91 64
91 64 91 65
91 64 92 64
83 60 82 60
83 60 83 60
83 60 83 61
83 60 84 60
80 78 79 78
80 78 80 77
80 78 80 78
80 78 80 79
80 78 81 78
92 63 91 63
92 63 92 62
92 63 92 63
92 63 92 64
92 63 93 63
89 87 88 87
89 87 89 86
89 87 89 87
89 87 89 88
89 87 90 87
72 80 71 80
72 80 72 79
72 80 72 80
72 80 72 81
72 80 73 80
76 87 75 87
76 87 76 86
76 87 76 87
76 87 76 88
76 87 77 87
73 66 72 66
73 66 73 65
73 66 73 66
73 66 73 67
73 66 74 66
70 87 69 87
70 87 70 86
70 87 70 87
70 87 70 88
70 87 71 87
76 90 75 90
76 90 76 89
76 90 76 90
76 90 76 91
76 90 77 90
79 73 78 73
79 73 79 72
79 73 79 73
79 73 79 74
79 73 80 73
81 67 80 67
81 67 81 66
81 67 81 67
81 67 81 68
81 67 82 67
78 66 77 66
78 66 78 65
78 66 78 66
78 66 78 67
78 66 79 66
73 81 72 81
73 81 73 80
73 81 73 81
73 81 73 82
73 81 74 81
68 76 67 76
68 76 68 75
68 76 68 76
68 76 68 77
68 76 69 76
85 71 84 71
85 71 85 70
85 71 85 71
85 71 85 72
85 71 86 71
71 88 70 88
71 88 71 87
71 88 71 88
71 88 72 88
79 74 78 74
79 74 79 73
79 74 79 74
79 74 79 75
79 74 80 74
74 76 73 76
74 76 74 75
74 76 74 76
74 76 74 77
74 76 75 76
92 77 91 77
92 77 92 76
92 77 92 77
92 77 92 78
92 77 93 77
76 67 75 67
76 67 76 66
76 67 76 67
76 67 76 68
76 67 77 67
74 87 73 87
74 87 74 86
74 87 74 87
74 87 74 88
74 87 75 87
69 77 68 77
69 77 69 76
69 77 69 77
69 77 69 78
69 77 70 77
78 65 77 65
78 65 78 64
78 65 78 65
78 65 78 66
78 65 79 65
80 94 79 94
80 94 80 93
80 94 80 94
82 70 81 70
82 70 82 69
82 70 82 70
82 70 82 71
82 70 83 70
87 73 86 73
87 73 87 72
87 73 87 73
87 73 87 74
87 73 88 73
71 83 70 83
71 83 71 82
71 83 71 83
71 83 71 84
71 83 72 83
86 88 85 88
86 88 86 88
86 88 86 89
86 88 87 88
79 90 78 90
79 90 79 89
79 90 79 90
79 90 79 91
79 90 80 90
79 94 78 94
79 94 79 93
79 94 79 94
79 94 80 94
85 62 84 62
85 62 85 61
85 62 85 62
85 62 85 63
85 62 86 62
72 74 71 74
72 74 72 73
72 74 72 74
72 74 72 75
72 74 73 74
80 66 79 66
80 66 80 65
80 66 80 66
80 66 80 67
80 66 81 66
85 68 84 68
85 68 85 67
85 68 85 68
85 68 85 69
85 68 86 68
89 70 88 70
89 70 89 69
89 70 89 70
89 70 89 71
89 70 90 70
86 65 85 65
86 65 86 64
86 65 86 65
86 65 86 66
86 65 87 65
79 75 78 75
79 75 79 74
79 75 79 75
79 75 79 76
79 75 80 75
96 95 95 95
96 95 96 94
96 95 96 95
94 75 93 75
94 75 94 74
94 75 94 75
94 75 94 76
87 65 86 65
87 65 87 64
87 65 87 65
87 65 87 66
87 65 88 65
76 75 75 75
76 75 76 74
76 75 76 75
76 75 76 76
76 75 77 75
72 82 71 82
72 82 72 81
72 82 72 82
72 82 72 83
72 82 73 82
77 66 76 66
77 66 77 65
77 66 77 66
77 66 77 67
77 66 78 66
84 68 83 68
84 68 84 67
84 68 84 68
84 68 84 69
84 68 85 68
80 61 79 61
80 61 80 60
80 61 80 61
80 61 80 62
80 61 81 61
73 69 72 69
73 69 73 68
73 69 73 69
73 69 73 70
73 69 74 69
83 65 82 65
83 65 83 64
83 65 83 65
83 65 83 66
83 65 84 65
91 69 90 69
91 69 91 68
91 69 91 69
91 69 91 70
91 69 92 69
78 73 77 73
78 73 78 72
78 73 78 73
78 73 78 74
78 73 79 73
93 90 92 90
93 90 93 89
93 90 93 90
93 90 93 91
93 90 94 90
76 71 75 71
76 71 76 70
76 71 76 71
76 71 76 72
76 71 77 71
74 86 73 86
74 86 74 85
74 86 74 86
74 86 74 87
74 86 75 86
73 94 72 94
73 94 73 93
73 94 73 94
73 94 74 94
88 62 87 62
88 62 88 61
88 62 88 62
88 62 88 63
88 62 89 62
78 86 77 86
78 86 78 85
78 86 78 86
78 86 78 87
78 86 79 86
64 74 64 74
64 74 65 74
73 71 73 70
73 71 73 71
73 71 73 72
73 71 74 71
92 71 91 71
92 71 92 70
92 71 92 71
92 71 92 72
92 71 93 71
88 58 88 58
88 58 88 59
88 58 89 58
89 62 88 62
89 62 89 61
89 62 89 62
89 62 89 63
89 62 90 62
84 74 83 74
84 74 84 73
84 74 84 74
84 74 84 75
84 74 85 74
80 86 79 86
80 86 80 85
80 86 80 86
80 86 80 87
80 86 81 86
79 84 78 84
79 84 79 83
79 84 79 84
79 84 79 85
79 84 80 84
78 92 77 92
78 92 78 91
78 92 78 92
78 92 78 93
78 92 79 92
82 87 81 87
82 87 82 86
82 87 82 87
80 85 79 85
80 85 80 84
80 85 80 85
80 85 80 86
80 85 81 85
74 78 73 78
74 78 74 77
74 78 74 78
74 78 74 79
74 78 75 78
67 75 66 75
67 75 67 74
67 75 67 75
67 75 67 76
67 75 68 75
81 62 80 62
81 62 81 61
81 62 81 62
81 62 81 63
81 62 82 62
75 91 74 91
75 91 75 90
75 91 75 91
75 91 75 92
75 91 76 91
66 72 66 72
66 72 66 73
66 72 67 72
90 73 89 73
90 73 90 72
90 73 90 73
90 73 90 74
90 73 91 73
91 75 90 75
91 75 91 74
91 75 91 75
91 75 91 76
91 75 92 75
69 85 69 85
69 85 69 86
69 85 70 85
84 62 83 62
84 62 84 61
84 62 84 62
84 62 84 63
84 62 85 62
84 59 84 59
84 59 84 60
84 59 85 59
83 71 82 71
83 71 83 70
83 71 83 71
83 71 83 72
83 71 84 71
77 81 76 81
77 81 77 80
77 81 77 81
77 81 77 82
77 81 78 81
79 79 78 79
79 79 79 78
79 79 79 79
79 79 79 80
79 79 80 79
83 64 82 64
83 64 83 63
83 64 83 64
83 64 83 65
83 64 84 64
87 61 86 61
87 61 87 60
87 61 87 61
87 61 87 62
87 61 88 61
84 71 83 71
84 71 84 70
84 71 84 71
84 71 84 72
84 71 85 71
87 81 86 81
87 81 87 80
87 81 87 81
87 81 88 81
77 86 76 86
77 86 77 85
77 86 77 86
77 86 77 87
77 86 78 86
78 90 77 90
78 90 78 89
78 90 78 90
78 90 78 91
78 90 79 90
77 83 76 83
77 83 77 82
77 83 77 83
77 83 77 84
77 83 78 83
73 74 72 74
73 74 73 73
73 74 73 74
73 74 73 75
73 74 74 74
76 76 75 76
76 76 76 75
76 76 76 76
76 76 76 77
76 76 77 76
87 75 86 75
87 75 87 74
87 75 87 75
87 75 87 76
87 75 88 75
94 96 94 95
94 96 94 96
94 96 95 96
92 67 91 67
92 67 92 66
92 67 92 67
92 67 92 68
92 67 93 67
78 91 77 91
78 91 78 90
78 91 78 91
78 91 78 92
78 91 79 91
94 64 93 64
94 64 94 63
94 64 94 64
94 64 94 65
90 70 89 70
90 70 90 69
90 70 90 70
90 70 90 71
90 70 91 70
87 91 87 90
87 91 87 91
87 91 87 92
87 91 88 91
85 73 84 73
85 73 85 72
85 73 85 73
85 73 85 74
85 73 86 73
78 84 77 84
78 84 78 83
78 84 78 84
78 84 78 85
78 84 79 84
75 77 74 77
75 77 75 76
75 77 75 77
75 77 75 78
75 77 76 77
90 61 89 61
90 61 90 60
90 61 90 61
90 61 90 62
90 61 91 61
74 67 73 67
74 67 74 66
74 67 74 67
74 67 74 68
74 67 75 67
79 65 78 65
79 65 79 64
79 65 79 65
79 65 79 66
79 65 80 65
74 66 73 66
74 66 74 65
74 66 74 66
74 66 74 67
74 66 75 66
92 94 91 94
92 94 92 93
92 94 92 94
92 94 93 94
76 82 75 82
76 82 76 81
76 82 76 82
76 82 76 83
76 82 77 82
88 73 87 73
88 73 88 72
88 73 88 73
88 73 88 74
88 73 89 73
80 64 79 64
80 64 80 63
80 64 80 64
80 64 80 65
80 64 81 64
88 65 87 65
88 65 88 64
88 65 88 65
88 65 88 66
88 65 89 65
88 88 87 88
88 88 88 87
88 88 88 88
88 88 88 89
88 88 89 88
94 76 93 76
94 76 94 75
94 76 94 76
94 76 94 77
71 94 71 94
71 94 72 94
74 72 73 72
74 72 74 71
74 72 74 72
74 72 74 73
74 72 75 72
88 74 87 74
88 74 88 73
88 74 88 74
88 74 88 75
88 74 89 74
74 93 73 93
74 93 74 92
74 93 74 93
74 93 74 94
74 93 75 93
75 75 74 75
75 75 75 74
75 75 75 75
75 75 75 76
75 75 76 75
84 80 83 80
84 80 84 79
84 80 84 80
84 80 84 81
84 80 85 80
88 75 87 75
88 75 88 74
88 75 88 75
88 75 88 76
88 75 89 75
72 86 71 86
72 86 72 85
72 86 72 86
72 86 72 87
72 86 73 86
79 91 78 91
79 91 79 90
79 91 79 91
79 91 79 92
79 91 80 91
74 82 73 82
74 82 74 81
74 82 74 82
74 82 74 83
74 82 75 82
68 73 67 73
68 73 68 73
68 73 68 74
70 83 70 82
70 83 70 83
70 83 70 84
70 83 71 83
69 86 69 85
69 86 69 86
69 86 69 87
69 86 70 86
81 63 80 63
81 63 81 62
81 63 81 63
81 63 81 64
81 63 82 63
80 92 79 92
80 92 80 91
80 92 80 92
80 92 80 93
79 80 78 80
79 80 79 79
79 80 79 80
79 80 79 81
79 80 80 80
80 82 79 82
80 82 80 81
80 82 80 82
80 82 80 83
80 82 81 82
90 72 89 72
90 72 90 71
90 72 90 72
90 72 90 73
90 72 91 72
74 85 73 85
74 85 74 84
74 85 74 85
74 85 74 86
74 85 75 85
76 86 75 86
76 86 76 85
76 86 76 86
76 86 76 87
76 86 77 86
84 60 83 60
84 60 84 59
84 60 84 60
84 60 84 61
84 60 85 60
94 93 93 93
94 93 94 92
94 93 94 93
94 93 94 94
90 59 89 59
90 59 90 58
90 59 90 59
90 59 90 60
90 59 91 59
81 78 80 78
81 78 81 77
81 78 81 78
81 78 81 79
81 78 82 78
69 75 68 75
69 75 69 74
69 75 69 75
69 75 69 76
69 75 70 75
70 68 70 68
70 68 71 68
92 66 91 66
92 66 92 65
92 66 92 66
92 66 92 67
92 66 93 66
91 67 90 67
91 67 91 66
91 67 91 67
91 67 91 68
91 67 92 67
71 68 70 68
71 68 71 67
71 68 71 68
71 68 72 68
86 79 85 79
86 79 86 78
86 79 86 79
86 79 86 80
86 79 87 79
88 77 87 77
88 77 88 76
88 77 88 77
88 77 88 78
88 77 89 77
77 70 76 70
77 70 77 69
77 70 77 70
77 70 77 71
77 70 78 70
73 90 73 89
73 90 73 90
73 90 73 91
73 90 74 90
70 85 69 85
70 85 70 84
70 85 70 85
70 85 70 86
70 85 71 85
86 75 85 75
86 75 86 74
86 75 86 75
86 75 86 76
86 75 87 75
93 63 92 63
93 63 93 62
93 63 93 63
93 63 93 64
93 63 94 63
72 72 72 72
72 72 72 73
72 72 73 72
72 85 71 85
72 85 72 84
72 85 72 85
72 85 72 86
72 85 73 85
81 83 80 83
81 83 81 82
81 83 81 83
81 83 81 84
81 83 82 83
82 60 81 60
82 60 82 60
82 60 82 61
82 60 83 60
91 76 90 76
91 76 91 75
91 76 91 76
91 76 91 77
91 76 92 76
86 73 85 73
86 73 86 72
86 73 86 73
86 73 86 74
86 73 87 73
81 65 80 65
81 65 81 64
81 65 81 65
81 65 81 66
81 65 82 65
82 83 81 83
82 83 82 82
82 83 82 83
82 83 82 84
82 83 83 83
79 68 78 68
79 68 79 67
79 68 79 68
79 68 79 69
79 68 80 68
81 84 80 84
81 84 81 83
81 84 81 84
81 84 81 85
81 84 82 84
80 90 79 90
80 90 80 89
80 90 80 90
80 90 80 91
80 90 81 90
84 76 83 76
84 76 84 75
84 76 84 76
84 76 84 77
84 76 85 76
75 89 74 89
75 89 75 88
75 89 75 89
75 89 75 90
75 89 76 89
81 82 80 82
81 82 81 81
81 82 81 82
81 82 81 83
81 82 82 82
84 82 83 82
84 82 84 81
84 82 84 82
84 82 84 83
84 82 85 82
73 75 72 75
73 75 73 74
73 75 73 75
73 75 73 76
73 75 74 75
77 75 76 75
77 75 77 74
77 75 77 75
77 75 77 76
77 75 78 75
89 94 88 94
89 94 89 93
89 94 89 94
89 94 90 94
90 93 89 93
90 93 90 92
90 93 90 93
90 93 90 94
90 93 91 93
73 73 72 73
73 73 73 72
73 73 73 73
73 73 73 74
73 73 74 73
93 73 92 73
93 73 93 72
93 73 93 73
93 73 93 74
93 73 94 73
81 68 80 68
81 68 81 67
81 68 81 68
81 68 81 69
81 68 82 68
79 85 78 85
79 85 79 84
79 85 79 85
79 85 79 86
79 85 80 85
82 67 81 67
82 67 82 66
82 67 82 67
82 67 82 68
82 67 83 67
78 82 77 82
78 82 78 81
78 82 78 82
78 82 78 83
78 82 79 82
73 93 72 93
73 93 73 92
73 93 73 93
73 93 73 94
73 93 74 93
74 92 73 92
74 92 74 91
74 92 74 92
74 92 74 93
74 92 75 92
79 69 78 69
79 69 79 68
79 69 79 69
79 69 79 70
79 69 80 69
77 78 76 78
77 78 77 77
77 78 77 78
77 78 77 79
77 78 78 78
77 69 76 69
77 69 77 68
77 69 77 69
77 69 77 70
77 69 78 69
87 93 87 92
87 93 87 93
87 93 87 94
87 93 88 93
78 64 77 64
78 64 78 63
78 64 78 64
78 64 78 65
78 64 79 64
85 76 84 76
85 76 85 75
85 76 85 76
85 76 85 77
85 76 86 76
82 65 81 65
82 65 82 64
82 65 82 65
82 65 82 66
82 65 83 65
75 68 74 68
75 68 75 67
75 68 75 68
75 68 75 69
75 68 76 68
75 73 74 73
75 73 75 72
75 73 75 73
75 73 75 74
75 73 76 73
80 68 79 68
80 68 80 67
80 68 80 68
80 68 80 69
80 68 81 68
91 80 90 80
91 80 91 79
91 80 91 80
91 80 91 81
91 80 92 80
70 78 69 78
70 78 70 77
70 78 70 78
70 78 70 79
70 78 71 78
94 62 93 62
94 62 94 61
94 62 94 62
94 62 94 63
93 59 92 59
93 59 93 58
93 59 93 59
93 59 93 60
93 59 94 59
80 75 79 75
80 75 80 74
80 75 80 75
80 75 80 76
80 75 81 75
77 79 76 79
77 79 77 78
77 79 77 79
77 79 77 80
77 79 78 79
72 92 72 92
72 92 72 93
72 92 73 92
88 60 87 60
88 60 88 59
88 60 88 60
88 60 88 61
88 60 89 60
76 64 75 64
76 64 76 64
76 64 76 65
76 64 77 64
88 90 87 90
88 90 88 89
88 90 88 90
88 90 88 91
88 90 89 90
91 91 90 91
91 91 91 90
91 91 91 91
91 91 91 92
91 91 92 91
87 92 87 91
87 92 87 92
87 92 87 93
87 92 88 92
91 65 90 65
91 65 91 64
91 65 91 65
91 65 91 66
91 65 92 65
75 74 74 74
75 74 75 73
75 74 75 74
75 74 75 75
75 74 76 74
91 58 90 58
91 58 91 57
91 58 91 58
91 58 91 59
91 58 92 58
92 64 91 64
92 64 92 63
92 64 92 64
92 64 92 65
92 64 93 64
84 70 83 70
84 70 84 69
84 70 84 70
84 70 84 71
84 70 85 70
92 78 91 78
92 78 92 77
92 78 92 78
92 78 92 79
92 78 93 78
93 68 92 68
93 68 93 67
93 68 93 68
93 68 93 69
93 68 94 68
85 59 84 59
85 59 85 59
85 59 85 60
85 59 86 59
73 83 72 83
73 83 73 82
73 83 73 83
73 83 73 84
73 83 74 83
81 85 80 85
81 85 81 84
81 85 81 85
81 85 81 86
81 85 82 85
91 89 90 89
91 89 91 89
91 89 91 90
91 89 92 89
79 87 78 87
79 87 79 86
79 87 79 87
79 87 79 88
79 87 80 87
76 73 75 73
76 73 76 72
76 73 76 73
76 73 76 74
76 73 77 73
92 72 91 72
92 72 92 71
92 72 92 72
92 72 92 73
92 72 93 72
85 83 84 83
85 83 85 82
85 83 85 83
85 83 85 84
84 83 83 83
84 83 84 82
84 83 84 83
84 83 84 84
84 83 85 83
71 84 70 84
71 84 71 83
71 84 71 84
71 84 71 85
71 84 72 84
79 92 78 92
79 92 79 91
79 92 79 92
79 92 79 93
79 92 80 92
93 88 92 88
93 88 93 88
93 88 93 89
93 88 94 88
89 61 88 61
89 61 89 60
89 61 89 61
89 61 89 62
89 61 90 61
86 59 85 59
86 59 86 59
86 59 86 60
86 59 87 59
90 67 89 67
90 67 90 66
90 67 90 67
90 67 90 68
90 67 91 67
83 83 82 83
83 83 83 82
83 83 83 83
83 83 83 84
83 83 84 83
74 77 73 77
74 77 74 76
74 77 74 77
74 77 74 78
74 77 75 77
88 78 87 78
88 78 88 77
88 78 88 78
88 78 88 79
88 78 89 78
80 76 79 76
80 76 80 75
80 76 80 76
80 76 80 77
80 76 81 76
81 71 80 71
81 71 81 70
81 71 81 71
81 71 81 72
81 71 82 71
81 72 80 72
81 72 81 71
81 72 81 72
81 72 81 73
81 72 82 72
75 87 74 87
75 87 75 86
75 87 75 87
75 87 75 88
75 87 76 87
80 70 79 70
80 70 80 69
80 70 80 70
80 70 80 71
80 70 81 70
85 90 85 89
85 90 85 90
85 90 86 90
77 92 76 92
77 92 77 91
77 92 77 92
77 92 77 93
77 92 78 92
79 72 78 72
79 72 79 71
79 72 79 72
79 72 79 73
79 72 80 72
86 80 85 80
86 80 86 79
86 80 86 80
86 80 86 81
86 80 87 80
87 60 86 60
87 60 87 59
87 60 87 60
87 60 87 61
87 60 88 60
81 91 80 91
81 91 81 90
81 91 81 91
74 94 73 94
74 94 74 93
74 94 74 94
74 94 75 94
94 73 93 73
94 73 94 72
94 73 94 73
94 73 94 74
79 64 78 64
79 64 79 63
79 64 79 64
79 64 79 65
79 64 80 64
76 77 75 77
76 77 76 76
76 77 76 77
76 77 76 78
76 77 77 77
81 76 80 76
81 76 81 75
81 76 81 76
81 76 81 77
81 76 82 76
87 90 86 90
87 90 87 89
87 90 87 90
87 90 87 91
87 90 88 90
71 76 70 76
71 76 71 75
71 76 71 76
71 76 71 77
71 76 72 76
92 93 91 93
92 93 92 92
92 93 92 93
92 93 92 94
92 93 93 93
89 91 88 91
89 91 89 90
89 91 89 91
89 91 89 92
89 91 90 91
77 71 76 71
77 71 77 70
77 71 77 71
77 71 77 72
77 71 78 71
89 71 88 71
89 71 89 70
89 71 89 71
89 71 89 72
89 71 90 71
84 84 83 84
84 84 84 83
84 84 84 84
84 84 85 84
91 61 90 61
91 61 91 60
91 61 91 61
91 61 91 62
91 61 92 61
92 62 91 62
92 62 92 61
92 62 92 62
92 62 92 63
92 62 93 62
91 71 90 71
91 71 91 70
91 71 91 71
91 71 91 72
91 71 92 71
91 63 90 63
91 63 91 62
91 63 91 63
91 63 91 64
91 63 92 63
76 93 75 93
76 93 76 92
76 93 76 93
76 93 76 94
76 93 77 93
94 66 93 66
94 66 94 65
94 66 94 66
94 66 94 67
92 80 91 80
92 80 92 79
92 80 92 80
87 87 87 87
87 87 87 88
87 87 88 87
78 89 77 89
78 89 78 88
78 89 78 89
78 89 78 90
78 89 79 89
81 87 80 87
81 87 81 86
81 87 81 87
81 87 82 87
76 84 75 84
76 84 76 83
76 84 76 84
76 84 76 85
76 84 77 84
71 75 70 75
71 75 71 74
71 75 71 75
71 75 71 76
71 75 72 75
89 58 88 58
89 58 89 58
89 58 89 59
89 58 90 58
68 77 67 77
68 77 68 76
68 77 68 77
68 77 68 78
68 77 69 77
75 64 74 64
75 64 75 64
75 64 75 65
75 64 76 64
84 79 83 79
84 79 84 78
84 79 84 79
84 79 84 80
84 79 85 79
83 61 82 61
83 61 83 60
83 61 83 61
83 61 83 62
83 61 84 61
83 84 82 84
83 84 83 83
83 84 83 84
83 84 84 84
87 63 86 63
87 63 87 62
87 63 87 63
87 63 87 64
87 63 88 63
74 73 73 73
74 73 74 72
74 73 74 73
74 73 74 74
74 73 75 73
92 65 91 65
92 65 92 64
92 65 92 65
92 65 92 66
92 65 93 65
78 70 77 70
78 70 78 69
78 70 78 70
78 70 78 71
78 70 79 70
88 82 88 81
88 82 88 82
88 82 89 82
81 77 80 77
81 77 81 76
81 77 81 77
81 77 81 78
81 77 82 77
69 88 69 87
69 88 69 88
69 88 70 88
91 62 90 62
91 62 91 61
91 62 91 62
91 62 91 63
91 62 92 62
72 94 71 94
72 94 72 93
72 94 72 94
72 94 73 94
79 89 78 89
79 89 79 88
79 89 79 89
79 89 79 90
79 89 80 89
87 72 86 72
87 72 87 71
87 72 87 72
87 72 87 73
87 72 88 72
78 75 77 75
78 75 78 74
78 75 78 75
78 75 78 76
78 75 79 75
78 93 77 93
78 93 78 92
78 93 78 93
78 93 78 94
78 93 79 93
82 79 81 79
82 79 82 78
82 79 82 79
82 79 82 80
82 79 83 79
79 78 78 78
79 78 79 77
79 78 79 78
79 78 79 79
79 78 80 78
85 74 84 74
85 74 85 73
85 74 85 74
85 74 85 75
85 74 86 74
75 82 74 82
75 82 75 81
75 82 75 82
75 82 75 83
75 82 76 82
72 88 71 88
72 88 72 87
72 88 72 88
72 88 72 89
72 88 73 88
77 65 76 65
77 65 77 64
77 65 77 65
77 65 77 66
77 65 78 65
73 78 72 78
73 78 73 77
73 78 73 78
73 78 73 79
73 78 74 78
85 70 84 70
85 70 85 69
85 70 85 70
85 70 85 71
85 70 86 70
89 69 88 69
89 69 89 68
89 69 89 69
89 69 89 70
89 69 90 69
88 68 87 68
88 68 88 67
88 68 88 68
88 68 88 69
88 68 89 68
67 79 66 79
67 79 67 78
67 79 67 79
67 79 67 80
67 79 68 79
82 64 81 64
82 64 82 63
82 64 82 64
82 64 82 65
82 64 83 64
90 69 89 69
90 69 90 68
90 69 90 69
90 69 90 70
90 69 91 69
78 71 77 71
78 71 78 70
78 71 78 71
78 71 78 72
78 71 79 71
75 78 74 78
75 78 75 77
75 78 75 78
75 78 75 79
75 78 76 78
93 69 92 69
93 69 93 68
93 69 93 69
93 69 93 70
93 69 94 69
82 82 81 82
82 82 82 81
82 82 82 82
82 82 82 83
82 82 83 82
83 76 82 76
83 76 83 75
83 76 83 76
83 76 83 77
83 76 84 76
85 80 84 80
85 80 85 79
85 80 85 80
85 80 85 81
85 80 86 80
83 70 82 70
83 70 83 69
83 70 83 70
83 70 83 71
83 70 84 70
84 78 83 78
84 78 84 77
84 78 84 78
84 78 84 79
84 78 85 78
86 89 85 89
86 89 86 88
86 89 86 89
86 89 86 90
86 89 87 89
87 78 86 78
87 78 87 77
87 78 87 78
87 78 87 79
87 78 88 78
90 76 89 76
90 76 90 75
90 76 90 76
90 76 90 77
90 76 91 76
80 60 80 60
80 60 80 61
80 60 81 60
89 89 88 89
89 89 89 88
89 89 89 89
89 89 89 90
89 89 90 89
72 81 71 81
72 81 72 80
72 81 72 81
72 81 72 82
72 81 73 81
89 92 88 92
89 92 89 91
89 92 89 92
89 92 89 93
89 92 90 92
74 64 74 64
74 64 74 65
74 64 75 64
80 71 79 71
80 71 80 70
80 71 80 71
80 71 80 72
80 71 81 71
71 80 70 80
71 80 71 79
71 80 71 80
71 80 71 81
71 80 72 80
73 67 72 67
73 67 73 66
73 67 73 67
73 67 73 68
73 67 74 67
92 76 91 76
92 76 92 75
92 76 92 76
92 76 92 77
92 76 93 76
74 65 73 65
74 65 74 64
74 65 74 65
74 65 74 66
74 65 75 65
68 81 67 81
68 81 68 80
68 81 68 81
68 81 69 81
84 73 83 73
84 73 84 72
84 73 84 73
84 73 84 74
84 73 85 73
88 71 87 71
88 71 88 70
88 71 88 71
88 71 88 72
88 71 89 71
81 64 80 64
81 64 81 63
81 64 81 64
81 64 81 65
81 64 82 64
80 83 79 83
80 83 80 82
80 83 80 83
80 83 80 84
80 83 81 83
94 65 93 65
94 65 94 64
94 65 94 65
94 65 94 66
71 77 70 77
71 77 71 76
71 77 71 77
71 77 71 78
71 77 72 77
93 57 92 57
93 57 93 57
93 57 93 58
93 93 92 93
93 93 93 92
93 93 93 93
93 93 93 94
93 93 94 93
89 59 88 59
89 59 89 58
89 59 89 59
89 59 89 60
89 59 90 59
86 67 85 67
86 67 86 66
86 67 86 67
86 67 86 68
86 67 87 67
91 66 90 66
91 66 91 65
91 66 91 66
91 66 91 67
91 66 92 66
68 80 67 80
68 80 68 79
68 80 68 80
68 80 68 81
68 80 69 80
89 77 88 77
89 77 89 76
89 77 89 77
89 77 89 78
89 77 90 77
88 76 87 76
88 76 88 75
88 76 88 76
88 76 88 77
88 76 89 76
90 78 89 78
90 78 90 77
90 78 90 78
90 78 90 79
90 78 91 78
76 80 75 80
76 80 76 79
76 80 76 80
76 80 76 81
76 80 77 80
89 74 88 74
89 74 89 73
89 74 89 74
89 74 89 75
89 74 90 74
83 81 82 81
83 81 83 80
83 81 83 81
83 81 83 82
83 81 84 81
82 74 81 74
82 74 82 73
82 74 82 74
82 74 82 75
82 74 83 74
89 80 88 80
89 80 89 79
89 80 89 80
89 80 89 81
89 80 90 80
75 69 74 69
75 69 75 68
75 69 75 69
75 69 75 70
75 69 76 69
74 71 73 71
74 71 74 70
74 71 74 71
74 71 74 72
74 71 75 71
73 87 72 87
73 87 73 86
73 87 73 87
73 87 73 88
73 87 74 87
90 66 89 66
90 66 90 65
90 66 90 66
90 66 90 67
90 66 91 66
86 64 85 64
86 64 86 63
86 64 86 64
86 64 86 65
86 64 87 64
74 83 73 83
74 83 74 82
74 83 74 83
74 83 74 84
74 83 75 83
89 67 88 67
89 67 89 66
89 67 89 67
89 67 89 68
89 67 90 67
77 94 76 94
77 94 77 93
77 94 77 94
77 94 78 94
85 61 84 61
85 61 85 60
85 61 85 61
85 61 85 62
85 61 86 61
71 87 70 87
71 87 71 86
71 87 71 87
71 87 71 88
71 87 72 87
73 65 73 65
73 65 73 66
73 65 74 65
73 91 73 90
73 91 73 91
73 91 73 92
73 91 74 91
93 61 92 61
93 61 93 60
93 61 93 61
93 61 93 62
93 61 94 61
86 90 85 90
86 90 86 89
86 90 86 90
86 90 87 90
78 74 77 74
78 74 78 73
78 74 78 74
78 74 78 75
78 74 79 74
89 63 88 63
89 63 89 62
89 63 89 63
89 63 89 64
89 63 90 63
83 79 82 79
83 79 83 78
83 79 83 79
83 79 83 80
83 79 84 79
79 82 78 82
79 82 79 81
79 82 79 82
79 82 79 83
79 82 80 82
89 78 88 78
89 78 89 77
89 78 89 78
89 78 89 79
89 78 90 78
89 90 88 90
89 90 89 89
89 90 89 90
89 90 89 91
89 90 90 90
75 66 74 66
75 66 75 65
75 66 75 66
75 66 75 67
75 66 76 66
92 61 91 61
92 61 92 60
92 61 92 61
92 61 92 62
92 61 93 61
79 66 78 66
79 66 79 65
79 66 79 66
79 66 79 67
79 66 80 66
73 79 72 79
73 79 73 78
73 79 73 79
73 79 73 80
73 79 74 79
70 77 69 77
70 77 70 76
70 77 70 77
70 77 70 78
70 77 71 77
94 58 93 58
94 58 94 58
94 58 94 59
87 70 86 70
87 70 87 69
87 70 87 70
87 70 87 71
87 70 88 70
93 91 92 91
93 91 93 90
93 91 93 91
93 91 93 92
93 91 94 91
88 64 87 64
88 64 88 63
88 64 88 64
88 64 88 65
88 64 89 64
89 86 89 85
89 86 89 86
89 86 89 87
69 76 68 76
69 76 69 75
69 76 69 76
69 76 69 77
69 76 70 76
81 90 80 90
81 90 81 90
81 90 81 91
66 77 66 76
66 77 66 77
66 77 66 78
66 77 67 77
87 76 86 76
87 76 87 75
87 76 87 76
87 76 87 77
87 76 88 76
68 78 67 78
68 78 68 77
68 78 68 78
68 78 68 79
68 78 69 78
91 70 90 70
91 70 91 69
91 70 91 70
91 70 91 71
91 70 92 70
92 89 91 89
92 89 92 88
92 89 92 89
92 89 92 90
92 89 93 89
71 82 70 82
71 82 71 81
71 82 71 82
71 82 71 83
71 82 72 82
81 69 80 69
81 69 81 68
81 69 81 69
81 69 81 70
81 69 82 69
85 69 84 69
85 69 85 68
85 69 85 69
85 69 85 70
85 69 86 69
80 88 79 88
80 88 80 87
80 88 80 88
80 88 80 89
88 92 87 92
88 92 88 91
88 92 88 92
88 92 88 93
88 92 89 92
69 80 68 80
69 80 69 79
69 80 69 80
69 80 69 81
69 80 70 80
82 80 81 80
82 80 82 79
82 80 82 80
82 80 82 81
82 80 83 80
82 73 81 73
82 73 82 72
82 73 82 73
82 73 82 74
82 73 83 73
75 93 74 93
75 93 75 92
75 93 75 93
75 93 75 94
75 93 76 93
82 76 81 76
82 76 82 75
82 76 82 76
82 76 82 77
82 76 83 76
85 84 84 84
85 84 85 83
85 84 85 84
90 91 89 91
90 91 90 90
90 91 90 91
90 91 90 92
90 91 91 91
75 71 74 71
75 71 75 70
75 71 75 71
75 71 75 72
75 71 76 71
93 71 92 71
93 71 93 70
93 71 93 71
93 71 93 72
93 71 94 71
83 73 82 73
83 73 83 72
83 73 83 73
83 73 83 74
83 73 84 73
84 69 83 69
84 69 84 68
84 69 84 69
84 69 84 70
84 69 85 69
90 79 89 79
90 79 90 78
90 79 90 79
90 79 90 80
90 79 91 79
94 67 93 67
94 67 94 66
94 67 94 67
94 67 94 68
75 84 74 84
75 84 75 83
75 84 75 84
75 84 75 85
75 84 76 84
89 88 88 88
89 88 89 87
89 88 89 88
89 88 89 89
89 88 90 88
69 87 68 87
69 87 69 86
69 87 69 87
69 87 69 88
69 87 70 87
82 62 81 62
82 62 82 61
82 62 82 62
82 62 82 63
82 62 83 62
94 60 93 60
94 60 94 59
94 60 94 60
94 60 94 61
94 68 93 68
94 68 94 67
94 68 94 68
94 68 94 69
85 72 84 72
85 72 85 71
85 72 85 72
85 72 85 73
85 72 86 72
75 83 74 83
75 83 75 82
75 83 75 83
75 83 75 84
75 83 76 83
91 92 90 92
91 92 91 91
91 92 91 92
91 92 91 93
91 92 92 92
94 59 93 59
94 59 94 58
94 59 94 59
94 59 94 60
76 83 75 83
76 83 76 82
76 83 76 83
76 83 76 84
76 83 77 83
76 69 75 69
76 69 76 68
76 69 76 69
76 69 76 70
76 69 77 69
93 67 92 67
93 67 93 66
93 67 93 67
93 67 93 68
93 67 94 67
72 79 71 79
72 79 72 78
72 79 72 79
72 79 72 80
72 79 73 79
73 70 73 69
73 70 73 70
73 70 73 71
73 70 74 70
90 87 89 87
90 87 90 87
90 87 90 88
69 78 68 78
69 78 69 77
69 78 69 78
69 78 69 79
69 78 70 78
88 59 87 59
88 59 88 58
88 59 88 59
88 59 88 60
88 59 89 59
88 66 87 66
88 66 88 65
88 66 88 66
88 66 88 67
88 66 89 66
86 68 85 68
86 68 86 67
86 68 86 68
86 68 86 69
86 68 87 68
77 84 76 84
77 84 77 83
77 84 77 84
77 84 77 85
77 84 78 84
85 63 84 63
85 63 85 62
85 63 85 63
85 63 85 64
85 63 86 63
80 67 79 67
80 67 80 66
80 67 80 67
80 67 80 68
80 67 81 67
90 74 89 74
90 74 90 73
90 74 90 74
90 74 90 75
90 74 91 74
86 61 85 61
86 61 86 60
86 61 86 61
86 61 86 62
86 61 87 61
94 74 93 74
94 74 94 73
94 74 94 74
94 74 94 75
79 67 78 67
79 67 79 66
79 67 79 67
79 67 79 68
79 67 80 67
92 68 91 68
92 68 92 67
92 68 92 68
92 68 92 69
92 68 93 68
92 92 91 92
92 92 92 91
92 92 92 92
92 92 92 93
92 92 93 92
94 71 93 71
94 71 94 70
94 71 94 71
94 71 94 72
88 93 87 93
88 93 88 92
88 93 88 93
88 93 88 94
88 93 89 93
93 60 92 60
93 60 93 59
93 60 93 60
93 60 93 61
93 60 94 60
75 94 74 94
75 94 75 93
75 94 75 94
75 94 76 94
68 79 67 79
68 79 68 78
68 79 68 79
68 79 68 80
68 79 69 79
90 63 89 63
90 63 90 62
90 63 90 63
90 63 90 64
90 63 91 63
82 68 81 68
82 68 82 67
82 68 82 68
82 68 82 69
82 68 83 68
80 79 79 79
80 79 80 78
80 79 80 79
80 79 80 80
80 79 81 79
90 77 89 77
90 77 90 76
90 77 90 77
90 77 90 78
90 77 91 77
73 76 72 76
73 76 73 75
73 76 73 76
73 76 73 77
73 76 74 76
90 64 89 64
90 64 90 63
90 64 90 64
90 64 90 65
90 64 91 64
74 70 73 70
74 70 74 69
74 70 74 70
74 70 74 71
74 70 75 70
77 89 76 89
77 89 77 88
77 89 77 89
77 89 77 90
77 89 78 89
88 63 87 63
88 63 88 62
88 63 88 63
88 63 88 64
88 63 89 63
84 66 83 66
84 66 84 65
84 66 84 66
84 66 84 67
84 66 85 66
72 76 71 76
72 76 72 75
72 76 72 76
72 76 72 77
72 76 73 76
66 75 66 74
66 75 66 75
66 75 66 76
66 75 67 75
72 87 71 87
72 87 72 86
72 87 72 87
72 87 72 88
72 87 73 87
95 95 94 95
95 95 95 94
95 95 95 95
95 95 95 96
95 95 96 95
92 70 91 70
92 70 92 69
92 70 92 70
92 70 92 71
92 70 93 70
83 67 82 67
83 67 83 66
83 67 83 67
83 67 83 68
83 67 84 67
91 94 90 94
91 94 91 93
91 94 91 94
91 94 92 94
76 78 75 78
76 78 76 77
76 78 76 78
76 78 76 79
76 78 77 78
80 91 79 91
80 91 80 90
80 91 80 91
80 91 80 92
80 91 81 91
81 74 80 74
81 74 81 73
81 74 81 74
81 74 81 75
81 74 82 74
73 84 72 84
73 84 73 83
73 84 73 84
73 84 73 85
73 84 74 84
81 75 80 75
81 75 81 74
81 75 81 75
81 75 81 76
81 75 82 75
66 76 66 75
66 76 66 76
66 76 66 77
66 76 67 76
78 63 78 63
78 63 78 64
78 63 79 63
87 59 86 59
87 59 87 59
87 59 87 60
87 59 88 59
67 76 66 76
67 76 67 75
67 76 67 76
67 76 67 77
67 76 68 76
88 79 87 79
88 79 88 78
88 79 88 79
88 79 88 80
88 79 89 79
76 65 75 65
76 65 76 64
76 65 76 65
76 65 76 66
76 65 77 65
76 85 75 85
76 85 76 84
76 85 76 85
76 85 76 86
76 85 77 85
93 89 92 89
93 89 93 88
93 89 93 89
93 89 93 90
93 89 94 89
91 68 90 68
91 68 91 67
91 68 91 68
91 68 91 69
91 68 92 68
89 72 88 72
89 72 89 71
89 72 89 72
89 72 89 73
89 72 90 72
74 79 73 79
74 79 74 78
74 79 74 79
74 79 74 80
74 79 75 79
77 93 76 93
77 93 77 92
77 93 77 93
77 93 77 94
77 93 78 93
70 79 69 79
70 79 70 78
70 79 70 79
70 79 70 80
70 79 71 79
90 81 89 81
90 81 90 80
90 81 90 81
90 81 91 81
90 58 89 58
90 58 90 58
90 58 90 59
90 58 91 58
77 74 76 74
77 74 77 73
77 74 77 74
77 74 77 75
77 74 78 74
81 80 80 80
81 80 81 79
81 80 81 80
81 80 81 81
81 80 82 80
85 65 84 65
85 65 85 64
85 65 85 65
85 65 85 66
85 65 86 65
86 66 85 66
86 66 86 65
86 66 86 66
86 66 86 67
86 66 87 66
76 74 75 74
76 74 76 73
76 74 76 74
76 74 76 75
76 74 77 74
72 67 71 67
72 67 72 66
72 67 72 67
72 67 72 68
72 67 73 67
72 84 71 84
72 84 72 83
72 84 72 84
72 84 72 85
72 84 73 84
85 67 84 67
85 67 85 66
85 67 85 67
85 67 85 68
85 67 86 67
88 80 87 80
88 80 88 79
88 80 88 80
88 80 88 81
88 80 89 80
78 81 77 81
78 81 78 80
78 81 78 81
78 81 78 82
78 81 79 81
73 88 72 88
73 88 73 87
73 88 73 88
73 88 73 89
73 88 74 88
90 65 89 65
90 65 90 64
90 65 90 65
90 65 90 66
90 65 91 65
93 77 92 77
93 77 93 76
93 77 93 77
93 77 93 78
93 77 94 77
82 78 81 78
82 78 82 77
82 78 82 78
82 78 82 79
82 78 83 78
77 91 76 91
77 91 77 90
77 91 77 91
77 91 77 92
77 91 78 91
91 77 90 77
91 77 91 76
91 77 91 77
91 77 91 78
91 77 92 77
90 88 89 88
90 88 90 87
90 88 90 88
90 88 90 89
91 74 90 74
91 74 91 73
91 74 91 74
91 74 91 75
91 74 92 74
84 64 83 64
84 64 84 63
84 64 84 64
84 64 84 65
84 64 85 64
77 76 76 76
77 76 77 75
77 76 77 76
77 76 77 77
77 76 78 76
82 69 81 69
82 69 82 68
82 69 82 69
82 69 82 70
82 69 83 69
92 88 92 88
92 88 92 89
92 88 93 88
67 74 66 74
67 74 67 73
67 74 67 74
67 74 67 75
67 74 68 74
67 71 67 71
67 71 67 72
76 70 75 70
76 70 76 69
76 70 76 70
76 70 76 71
76 70 77 70
69 74 68 74
69 74 69 74
69 74 69 75
69 74 70 74
80 77 79 77
80 77 80 76
80 77 80 77
80 77 80 78
80 77 81 77
82 66 81 66
82 66 82 65
82 66 82 66
82 66 82 67
82 66 83 66
88 67 87 67
88 67 88 66
88 67 88 67
88 67 88 68
88 67 89 67
85 60 84 60
85 60 85 59
85 60 85 60
85 60 85 61
85 60 86 60
71 67 71 67
71 67 71 68
71 67 72 67
79 81 78 81
79 81 79 80
79 81 79 81
79 81 79 82
79 81 80 81
70 74 69 74
70 74 70 74
70 74 70 75
70 74 71 74
80 72 79 72
80 72 80 71
80 72 80 72
80 72 80 73
80 72 81 72
90 68 89 68
90 68 90 67
90 68 90 68
90 68 90 69
90 68 91 68
89 85 89 85
89 85 89 86
85 77 84 77
85 77 85 76
85 77 85 77
85 77 85 78
85 77 86 77
70 84 70 83
70 84 70 84
70 84 70 85
70 84 71 84
77 87 76 87
77 87 77 86
77 87 77 87
77 87 77 88
77 87 78 87
80 63 79 63
80 63 80 62
80 63 80 63
80 63 80 64
80 63 81 63
84 67 83 67
84 67 84 66
84 67 84 67
84 67 84 68
84 67 85 67
81 60 80 60
81 60 81 60
81 60 81 61
81 60 82 60
77 90 76 90
77 90 77 89
77 90 77 90
77 90 77 91
77 90 78 90
86 72 85 72
86 72 86 71
86 72 86 72
86 72 86 73
86 72 87 72
80 87 79 87
80 87 80 86
80 87 80 87
80 87 80 88
80 87 81 87
75 76 74 76
75 76 75 75
75 76 75 76
75 76 75 77
75 76 76 76
86 77 85 77
86 77 86 76
86 77 86 77
86 77 86 78
86 77 87 77
81 70 80 70
81 70 81 69
81 70 81 70
81 70 81 71
81 70 82 70
77 67 76 67
77 67 77 66
77 67 77 67
77 67 77 68
77 67 78 67
87 79 86 79
87 79 87 78
87 79 87 79
87 79 87 80
87 79 88 79
94 90 93 90
94 90 94 89
94 90 94 90
94 90 94 91
82 77 81 77
82 77 82 76
82 77 82 77
82 77 82 78
82 77 83 77
85 64 84 64
85 64 85 63
85 64 85 64
85 64 85 65
85 64 86 64
67 78 66 78
67 78 67 77
67 78 67 78
67 78 67 79
67 78 68 78
89 68 88 68
89 68 89 67
89 68 89 68
89 68 89 69
89 68 90 68
89 60 88 60
89 60 89 59
89 60 89 60
89 60 89 61
89 60 90 60
93 92 92 92
93 92 93 91
93 92 93 92
93 92 93 93
93 92 94 92
65 73 65 73
65 73 65 74
65 73 66 73
76 79 75 79
76 79 76 78
76 79 76 79
76 79 76 80
76 79 77 79
86 81 85 81
86 81 86 80
86 81 86 81
86 81 86 82
86 81 87 81
79 76 78 76
79 76 79 75
79 76 79 76
79 76 79 77
79 76 80 76
93 70 92 70
93 70 93 69
93 70 93 70
93 70 93 71
93 70 94 70
92 57 91 57
92 57 92 57
92 57 92 58
92 57 93 57
85 88 85 88
85 88 85 89
85 88 86 88
85 79 84 79
85 79 85 78
85 79 85 79
85 79 85 80
85 79 86 79
89 81 88 81
89 81 89 80
89 81 89 81
89 81 89 82
89 81 90 81
90 89 89 89
90 89 90 88
90 89 90 89
90 89 90 90
90 89 91 89
77 77 76 77
77 77 77 76
77 77 77 77
77 77 77 78
77 77 78 77
86 70 85 70
86 70 86 69
86 70 86 70
86 70 86 71
86 70 87 70
88 89 87 89
88 89 88 88
88 89 88 89
88 89 88 90
88 89 89 89
86 74 85 74
86 74 86 73
86 74 86 74
86 74 86 75
86 74 87 74
78 85 77 85
78 85 78 84
78 85 78 85
78 85 78 86
78 85 79 85
80 81 79 81
80 81 80 80
80 81 80 81
80 81 80 82
80 81 81 81
78 72 77 72
78 72 78 71
78 72 78 72
78 72 78 73
78 72 79 72
83 80 82 80
83 80 83 79
83 80 83 80
83 80 83 81
83 80 84 80
72 73 72 72
72 73 72 73
72 73 72 74
72 73 73 73
91 93 90 93
91 93 91 92
91 93 91 93
91 93 91 94
91 93 92 93
83 66 82 66
83 66 83 65
83 66 83 66
83 66 83 67
83 66 84 66
76 89 75 89
76 89 76 88
76 89 76 89
76 89 76 90
76 89 77 89
95 96 94 96
95 96 95 95
95 96 95 96
70 75 69 75
70 75 70 74
70 75 70 75
70 75 70 76
70 75 71 75
78 68 77 68
78 68 78 67
78 68 78 68
78 68 78 69
78 68 79 68
90 92 89 92
90 92 90 91
90 92 90 92
90 92 90 93
90 92 91 92
72 78 71 78
72 78 72 77
72 78 72 78
72 78 72 79
72 78 73 78
93 58 92 58
93 58 93 57
93 58 93 58
93 58 93 59
93 58 94 58
76 91 75 91
76 91 76 90
76 91 76 91
76 91 76 92
76 91 77 91
80 74 79 74
80 74 80 73
80 74 80 74
80 74 80 75
80 74 81 74
87 66 86 66
87 66 87 65
87 66 87 66
87 66 87 67
87 66 88 66
93 64 92 64
93 64 93 63
93 64 93 64
93 64 93 65
93 64 94 64
82 63 81 63
82 63 82 62
82 63 82 63
82 63 82 64
82 63 83 63
79 63 78 63
79 63 79 62
79 63 79 63
79 63 79 64
79 63 80 63
73 86 72 86
73 86 73 85
73 86 73 86
73 86 73 87
73 86 74 86
91 90 90 90
91 90 91 89
91 90 91 90
91 90 91 91
91 90 92 90
76 72 75 72
76 72 76 71
76 72 76 72
76 72 76 73
76 72 77 72
86 62 85 62
86 62 86 61
86 62 86 62
86 62 86 63
86 62 87 62
66 78 66 77
66 78 66 78
66 78 66 79
66 78 67 78
80 65 79 65
80 65 80 64
80 65 80 65
80 65 80 66
80 65 81 65
75 79 74 79
75 79 75 78
75 79 75 79
75 79 75 80
75 79 76 79
77 72 76 72
77 72 77 71
77 72 77 72
77 72 77 73
77 72 78 72
81 61 80 61
81 61 81 60
81 61 81 61
81 61 81 62
81 61 82 61
67 72 66 72
67 72 67 71
67 72 67 72
67 72 67 73
72 83 71 83
72 83 72 82
72 83 72 83
72 83 72 84
72 83 73 83
69 81 68 81
69 81 69 80
69 81 69 81
69 81 70 81
78 77 77 77
78 77 78 76
78 77 78 77
78 77 78 78
78 77 79 77
89 65 88 65
89 65 89 64
89 65 89 65
89 65 89 66
89 65 90 65
86 76 85 76
86 76 86 75
86 76 86 76
86 76 86 77
86 76 87 76
66 74 65 74
66 74 66 73
66 74 66 74
66 74 66 75
66 74 67 74
94 94 93 94
94 94 94 93
94 94 94 94
94 94 94 95
94 94 95 94
80 69 79 69
80 69 80 68
80 69 80 69
80 69 80 70
80 69 81 69
75 88 74 88
75 88 75 87
75 88 75 88
75 88 75 89
75 88 76 88
82 81 81 81
82 81 82 80
82 81 82 81
82 81 82 82
82 81 83 81
83 78 82 78
83 78 83 77
83 78 83 78
83 78 83 79
83 78 84 78
88 69 87 69
88 69 88 68
88 69 88 69
88 69 88 70
88 69 89 69
86 82 85 82
86 82 86 81
86 82 86 82
92 79 91 79
92 79 92 78
92 79 92 79
92 79 92 80
89 79 88 79
89 79 89 78
89 79 89 79
89 79 89 80
89 79 90 79
80 62 79 62
80 62 80 61
80 62 80 62
80 62 80 63
80 62 81 62
88 94 87 94
88 94 88 93
88 94 88 94
88 94 89 94
73 89 72 89
73 89 73 88
73 89 73 89
73 89 73 90
73 89 74 89
87 67 86 67
87 67 87 66
87 67 87 67
87 67 87 68
87 67 88 67
75 70 74 70
75 70 75 69
75 70 75 70
75 70 75 71
75 70 76 70
92 69 91 69
92 69 92 68
92 69 92 69
92 69 92 70
92 69 93 69
87 80 86 80
87 80 87 79
87 80 87 80
87 80 87 81
87 80 88 80
85 89 85 88
85 89 85 89
85 89 85 90
85 89 86 89
73 92 72 92
73 92 73 91
73 92 73 92
73 92 73 93
73 92 74 92
90 60 89 60
90 60 90 59
90 60 90 60
90 60 90 61
90 60 91 60
86 60 85 60
86 60 86 59
86 60 86 60
86 60 86 61
86 60 87 60
87 62 86 62
87 62 87 61
87 62 87 62
87 62 87 63
87 62 88 62
94 72 93 72
94 72 94 71
94 72 94 72
94 72 94 73
89 76 88 76
89 76 89 75
89 76 89 76
89 76 89 77
89 76 90 76
91 60 90 60
91 60 91 59
91 60 91 60
91 60 91 61
91 60 92 60
72 89 72 88
72 89 72 89
72 89 73 89
93 75 92 75
93 75 93 74
93 75 93 75
93 75 93 76
93 75 94 75
88 61 87 61
88 61 88 60
88 61 88 61
88 61 88 62
88 61 89 61
93 94 92 94
93 94 93 93
93 94 93 94
93 94 94 94
73 72 72 72
73 72 73 71
73 72 73 72
73 72 73 73
73 72 74 72
86 71 85 71
86 71 86 70
86 71 86 71
86 71 86 72
86 71 87 71
83 69 82 69
83 69 83 68
83 69 83 69
83 69 83 70
83 69 84 69
94 87 94 87
94 87 94 88
90 94 89 94
90 94 90 93
90 94 90 94
90 94 91 94
82 84 81 84
82 84 82 83
82 84 82 84
82 84 82 85
82 84 83 84
81 73 80 73
81 73 81 72
81 73 81 73
81 73 81 74
81 73 82 73
75 86 74 86
75 86 75 85
75 86 75 86
75 86 75 87
75 86 76 86
89 66 88 66
89 66 89 65
89 66 89 66
89 66 89 67
89 66 90 66
76 94 75 94
76 94 76 93
76 94 76 94
76 94 77 94
94 95 94 94
94 95 94 95
94 95 94 96
94 95 95 95
78 69 77 69
78 69 78 68
78 69 78 69
78 69 78 70
78 69 79 69
73 80 72 80
73 80 73 79
73 80 73 80
73 80 73 81
73 80 74 80
85 82 84 82
85 82 85 81
85 82 85 82
85 82 85 83
85 82 86 82
76 68 75 68
76 68 76 67
76 68 76 68
76 68 76 69
76 68 77 68
78 83 77 83
78 83 78 82
78 83 78 83
78 83 78 84
78 83 79 83
81 79 80 79
81 79 81 78
81 79 81 79
81 79 81 80
81 79 82 79
77 68 76 68
77 68 77 67
77 68 77 68
77 68 77 69
77 68 78 68
78 79 77 79
78 79 78 78
78 79 78 79
78 79 78 80
78 79 79 79
79 61 79 61
79 61 79 62
79 61 80 61
91 81 90 81
91 81 91 80
91 81 91 81
67 81 67 80
67 81 67 81
67 81 68 81
80 73 79 73
80 73 80 72
80 73 80 73
80 73 80 74
80 73 81 73
93 78 92 78
93 78 93 77
93 78 93 78
77 82 76 82
77 82 77 81
77 82 77 82
77 82 77 83
77 82 78 82
92 73 91 73
92 73 92 72
92 73 92 73
92 73 92 74
92 73 93 73
96 94 95 94
96 94 96 94
96 94 96 95
85 81 84 81
85 81 85 80
85 81 85 81
85 81 85 82
85 81 86 81
87 64 86 64
87 64 87 63
87 64 87 64
87 64 87 65
87 64 88 64
91 57 91 57
91 57 91 58
91 57 92 57
70 80 69 80
70 80 70 79
70 80 70 80
70 80 70 81
70 80 71 80
84 61 83 61
84 61 84 60
84 61 84 61
84 61 84 62
84 61 85 61
84 81 83 81
84 81 84 80
84 81 84 81
84 81 84 82
84 81 85 81
84 72 83 72
84 72 84 71
84 72 84 72
84 72 84 73
84 72 85 72
71 85 70 85
71 85 71 84
71 85 71 85
71 85 71 86
71 85 72 85
90 90 89 90
90 90 90 89
90 90 90 90
90 90 90 91
90 90 91 90
87 69 86 69
87 69 87 68
87 69 87 69
87 69 87 70
87 69 88 69
92 90 91 90
92 90 92 89
92 90 92 90
92 90 92 91
92 90 93 90
89 82 88 82
89 82 89 81
89 82 89 82
72 93 72 92
72 93 72 93
72 93 72 94
72 93 73 93
87 89 86 89
87 89 87 88
87 89 87 89
87 89 87 90
87 89 88 89
95 94 94 94
95 94 95 94
95 94 95 95
95 94 96 94
84 63 83 63
84 63 84 62
84 63 84 63
84 63 84 64
84 63 85 63
81 66 80 66
81 66 81 65
81 66 81 66
81 66 81 67
81 66 82 66
93 74 92 74
93 74 93 73
93 74 93 74
93 74 93 75
93 74 94 74
78 78 77 78
78 78 78 77
78 78 78 78
78 78 78 79
78 78 79 78
91 78 90 78
91 78 91 77
91 78 91 78
91 78 91 79
91 78 92 78
90 62 89 62
90 62 90 61
90 62 90 62
90 62 90 63
90 62 91 62
92 58 91 58
92 58 92 57
92 58 92 58
92 58 92 59
92 58 93 58
79 86 78 86
79 86 79 85
79 86 79 86
79 86 79 87
79 86 80 86
88 91 87 91
88 91 88 90
88 91 88 91
88 91 88 92
88 91 89 91
67 77 66 77
67 77 67 76
67 77 67 77
67 77 67 78
67 77 68 77
79 71 78 71
79 71 79 70
79 71 79 71
79 71 79 72
79 71 80 71
74 68 73 68
74 68 74 67
74 68 74 68
74 68 74 69
74 68 75 68
77 64 76 64
77 64 77 64
77 64 77 65
77 64 78 64
79 88 78 88
79 88 79 87
79 88 79 88
79 88 79 89
79 88 80 88
75 72 74 72
75 72 75 71
75 72 75 72
75 72 75 73
75 72 76 72
78 88 77 88
78 88 78 87
78 88 78 88
78 88 78 89
78 88 79 88
75 67 74 67
75 67 75 66
75 67 75 67
75 67 75 68
75 67 76 67
87 77 86 77
87 77 87 76
87 77 87 77
87 77 87 78
87 77 88 77
70 81 69 81
70 81 70 80
70 81 70 81
70 81 70 82
70 81 71 81
73 85 72 85
73 85 73 84
73 85 73 85
73 85 73 86
73 85 74 85
82 75 81 75
82 75 82 74
82 75 82 75
82 75 82 76
82 75 83 75
70 82 70 81
70 82 70 82
70 82 70 83
70 82 71 82
80 89 79 89
80 89 80 88
80 89 80 89
80 89 80 90
90 75 89 75
90 75 90 74
90 75 90 75
90 75 90 76
90 75 91 75
92 75 91 75
92 75 92 74
92 75 92 75
92 75 92 76
92 75 93 75
86 78 85 78
86 78 86 77
86 78 86 78
86 78 86 79
86 78 87 78
94 70 93 70
94 70 94 69
94 70 94 70
94 70 94 71
91 59 90 59
91 59 91 58
91 59 91 59
91 59 91 60
91 59 92 59
78 94 77 94
78 94 78 93
78 94 78 94
78 94 79 94
74 75 73 75
74 75 74 74
74 75 74 75
74 75 74 76
74 75 75 75
77 80 76 80
77 80 77 79
77 80 77 80
77 80 77 81
77 80 78 80
82 86 81 86
82 86 82 85
82 86 82 86
82 86 82 87
82 85 81 85
82 85 82 84
82 85 82 85
82 85 82 86
94 77 93 77
94 77 94 76
94 77 94 77
79 62 79 61
79 62 79 62
79 62 79 63
79 62 80 62
91 79 90 79
91 79 91 78
91 79 91 79
91 79 91 80
91 79 92 79
87 71 86 71
87 71 87 70
87 71 87 71
87 71 87 72
87 71 88 71
76 66 75 66
76 66 76 65
76 66 76 66
76 66 76 67
76 66 77 66
94 63 93 63
94 63 94 62
94 63 94 63
94 63 94 64
77 88 76 88
77 88 77 87
77 88 77 88
77 88 77 89
77 88 78 88
68 87 68 87
68 87 69 87
92 60 91 60
92 60 92 59
92 60 92 60
92 60 92 61
92 60 93 60
83 77 82 77
83 77 83 76
83 77 83 77
83 77 83 78
83 77 84 77
93 76 92 76
93 76 93 75
93 76 93 76
93 76 93 77
93 76 94 76
78 76 77 76
78 76 78 75
78 76 78 76
78 76 78 77
78 76 79 76
94 88 93 88
94 88 94 87
94 88 94 88
94 88 94 89
67 80 66 80
67 80 67 79
67 80 67 80
67 80 67 81
67 80 68 80
72 75 71 75
72 75 72 74
72 75 72 75
72 75 72 76
72 75 73 75
79 77 78 77
79 77 79 76
79 77 79 77
79 77 79 78
79 77 80 77
92 91 91 91
92 91 92 90
92 91 92 91
92 91 92 92
92 91 93 91
89 73 88 73
89 73 89 72
89 73 89 73
89 73 89 74
89 73 90 73
74 90 73 90
74 90 74 89
74 90 74 90
74 90 74 91
74 90 75 90
88 72 87 72
88 72 88 71
88 72 88 72
88 72 88 73
88 72 89 72
83 62 82 62
83 62 83 61
83 62 83 62
83 62 83 63
83 62 84 62
87 88 86 88
87 88 87 87
87 88 87 88
87 88 87 89
87 88 88 88
65 74 64 74
65 74 65 73
65 74 65 74
65 74 66 74
77 85 76 85
77 85 77 84
77 85 77 85
77 85 77 86
77 85 78 85
90 80 89 80
90 80 90 79
90 80 90 80
90 80 90 81
90 80 91 80
75 80 74 80
75 80 75 79
75 80 75 80
75 80 75 81
75 80 76 80
