71 41 70 41
71 41 71 40
71 41 71 41
71 41 71 42
71 40 70 40
71 40 71 39
71 40 71 40
71 40 71 41
63 38 62 38
63 38 63 37
63 38 63 38
63 38 63 39
52 40 52 39
52 40 52 40
52 40 52 41
52 40 53 40
63 42 62 42
63 42 63 41
63 42 63 42
63 42 63 43
55 41 54 41
55 41 55 40
55 41 55 41
55 41 55 42
52 39 52 38
52 39 52 39
52 39 52 40
52 39 53 39
60 42 60 41
60 42 60 42
60 42 61 42
71 37 70 37
71 37 71 36
71 37 71 37
71 37 71 38
61 39 61 38
61 39 61 39
61 39 61 40
61 39 62 39
71 44 70 44
71 44 71 43
71 44 71 44
70 41 69 41
70 41 70 40
70 41 70 41
70 41 70 42
70 41 71 41
68 44 68 43
68 44 68 44
68 44 69 44
55 37 54 37
55 37 55 36
55 37 55 37
55 37 55 38
61 41 60 41
61 41 61 40
61 41 61 41
61 41 61 42
61 41 62 41
52 43 52 42
52 43 52 43
52 43 52 44
52 43 53 43
63 37 62 37
63 37 63 36
63 37 63 37
63 37 63 38
61 38 60 38
61 38 61 37
61 38 61 38
61 38 61 39
61 38 62 38
70 44 69 44
70 44 70 43
70 44 70 44
70 44 71 44
68 40 68 39
68 40 68 40
68 40 68 41
68 40 69 40
63 40 62 40
63 40 63 39
63 40 63 40
63 40 63 41
55 40 54 40
55 40 55 39
55 40 55 40
55 40 55 41
69 41 68 41
69 41 69 40
69 41 69 41
69 41 69 42
69 41 70 41
55 44 54 44
55 44 55 43
55 44 55 44
70 42 69 42
70 42 70 41
70 42 70 42
70 42 70 43
70 42 71 42
60 40 60 40
60 40 60 41
60 40 61 40
55 39 54 39
55 39 55 38
55 39 55 39
55 39 55 40
63 43 62 43
63 43 63 42
63 43 63 43
63 43 63 44
52 37 52 36
52 37 52 37
52 37 52 38
52 37 53 37
68 42 68 41
68 42 68 42
68 42 68 43
68 42 69 42
70 39 69 39
70 39 70 38
70 39 70 39
70 39 70 40
70 39 71 39
62 36 61 36
62 36 62 36
62 36 62 37
62 36 63 36
71 39 70 39
71 39 71 38
71 39 71 39
71 39 71 40
60 38 60 37
60 38 60 38
60 38 61 38
69 39 68 39
69 39 69 38
69 39 69 39
69 39 69 40
69 39 70 39
62 37 61 37
62 37 62 36
62 37 62 37
62 37 62 38
62 37 63 37
63 41 62 41
63 41 63 40
63 41 63 41
63 41 63 42
71 38 70 38
71 38 71 37
71 38 71 38
71 38 71 39
55 42 54 42
55 42 55 41
55 42 55 42
55 42 55 43
62 42 61 42
62 42 62 41
62 42 62 42
62 42 62 43
62 42 63 42
60 44 60 44
60 44 61 44
53 38 52 38
53 38 53 37
53 38 53 38
53 38 53 39
53 38 54 38
69 36 68 36
69 36 69 36
69 36 69 37
70 43 69 43
70 43 70 42
70 43 70 43
70 43 70 44
70 43 71 43
55 38 54 38
55 38 55 37
55 38 55 38
55 38 55 39
61 42 60 42
61 42 61 41
61 42 61 42
61 42 61 43
61 42 62 42
54 38 53 38
54 38 54 37
54 38 54 38
54 38 54 39
54 38 55 38
69 44 68 44
69 44 69 43
69 44 69 44
69 44 70 44
52 42 52 41
52 42 52 42
52 42 52 43
53 44 52 44
53 44 53 43
53 44 53 44
53 44 54 44
63 36 62 36
63 36 63 36
63 36 63 37
54 39 53 39
54 39 54 38
54 39 54 39
54 39 54 40
54 39 55 39
54 42 54 41
54 42 54 42
54 42 54 43
54 42 55 42
53 37 52 37
53 37 53 36
53 37 53 37
53 37 53 38
53 37 54 37
62 40 61 40
62 40 62 39
62 40 62 40
62 40 62 41
62 40 63 40
71 42 70 42
71 42 71 41
71 42 71 42
71 42 71 43
53 40 52 40
53 40 53 39
53 40 53 40
53 40 53 41
53 40 54 40
63 44 62 44
63 44 63 43
63 44 63 44
69 38 68 38
69 38 69 37
69 38 69 38
69 38 69 39
69 38 70 38
54 40 53 40
54 40 54 39
54 40 54 40
54 40 54 41
54 40 55 40
60 37 60 36
60 37 60 37
60 37 60 38
60 37 61 37
53 39 52 39
53 39 53 38
53 39 53 39
53 39 53 40
53 39 54 39
68 38 68 37
68 38 68 38
68 38 68 39
68 38 69 38
62 44 61 44
62 44 62 43
62 44 62 44
62 44 63 44
62 39 61 39
62 39 62 38
62 39 62 39
62 39 62 40
62 39 63 39
55 36 54 36
55 36 55 36
55 36 55 37
52 44 52 43
52 44 52 44
52 44 53 44
60 36 60 36
60 36 60 37
60 36 61 36
61 43 61 42
61 43 61 43
61 43 61 44
61 43 62 43
62 38 61 38
62 38 62 37
62 38 62 38
62 38 62 39
62 38 63 38
53 36 52 36
53 36 53 36
53 36 53 37
53 36 54 36
68 37 68 36
68 37 68 37
68 37 68 38
68 37 69 37
71 36 71 36
71 36 71 37
61 44 60 44
61 44 61 43
61 44 61 44
61 44 62 44
54 37 53 37
54 37 54 36
54 37 54 37
54 37 54 38
54 37 55 37
68 36 68 36
68 36 68 37
68 36 69 36
52 41 52 40
52 41 52 41
52 41 52 42
52 41 53 41
68 39 68 38
68 39 68 39
68 39 68 40
68 39 69 39
63 39 62 39
63 39 63 38
63 39 63 39
63 39 63 40
69 37 68 37
69 37 69 36
69 37 69 37
69 37 69 38
69 37 70 37
61 36 60 36
61 36 61 36
61 36 61 37
61 36 62 36
54 41 53 41
54 41 54 40
54 41 54 41
54 41 54 42
54 41 55 41
69 43 68 43
69 43 69 42
69 43 69 43
69 43 69 44
69 43 70 43
70 38 69 38
70 38 70 37
70 38 70 38
70 38 70 39
70 38 71 38
52 38 52 37
52 38 52 38
52 38 52 39
52 38 53 38
53 41 52 41
53 41 53 40
53 41 53 41
53 41 54 41
69 40 68 40
69 40 69 39
69 40 69 40
69 40 69 41
69 40 70 40
62 41 61 41
62 41 62 40
62 41 62 41
62 41 62 42
62 41 63 41
53 43 52 43
53 43 53 43
53 43 53 44
53 43 54 43
55 43 54 43
55 43 55 42
55 43 55 43
55 43 55 44
69 42 68 42
69 42 69 41
69 42 69 42
69 42 69 43
69 42 70 42
61 37 60 37
61 37 61 36
61 37 61 37
61 37 61 38
61 37 62 37
61 40 60 40
61 40 61 39
61 40 61 40
61 40 61 41
61 40 62 40
54 43 53 43
54 43 54 42
54 43 54 43
54 43 54 44
54 43 55 43
71 43 70 43
71 43 71 42
71 43 71 43
71 43 71 44
62 43 61 43
62 43 62 42
62 43 62 43
62 43 62 44
62 43 63 43
52 36 52 36
52 36 52 37
52 36 53 36
68 41 68 40
68 41 68 41
68 41 68 42
68 41 69 41
54 36 53 36
54 36 54 36
54 36 54 37
54 36 55 36
60 41 60 40
60 41 60 41
60 41 60 42
60 41 61 41
68 43 68 42
68 43 68 43
68 43 68 44
68 43 69 43
54 44 53 44
54 44 54 43
54 44 54 44
54 44 55 44
70 37 69 37
70 37 70 37
70 37 70 38
70 37 71 37
70 40 69 40
70 40 70 39
70 40 70 40
70 40 70 41
70 40 71 40
