29 31 28 31
29 31 29 30
29 31 29 31
29 31 29 32
21 32 20 32
21 32 21 31
21 32 21 32
21 32 21 33
20 31 20 30
20 31 20 31
20 31 20 32
20 31 21 31
28 33 28 32
28 33 28 33
28 33 28 34
28 33 29 33
25 30 24 30
25 30 25 30
25 30 25 31
21 31 20 31
21 31 21 30
21 31 21 31
21 31 21 32
21 30 20 30
21 30 21 30
21 30 21 31
25 33 24 33
25 33 25 32
25 33 25 33
25 33 25 34
24 31 24 30
24 31 24 31
24 31 24 32
24 31 25 31
21 34 20 34
21 34 21 33
21 34 21 34
24 33 24 32
24 33 24 33
24 33 24 34
24 33 25 33
25 31 24 31
25 31 25 30
25 31 25 31
25 31 25 32
29 34 28 34
29 34 29 33
29 34 29 34
24 30 24 30
24 30 24 31
24 30 25 30
25 34 24 34
25 34 25 33
25 34 25 34
29 32 28 32
29 32 29 31
29 32 29 32
29 32 29 33
25 32 24 32
25 32 25 31
25 32 25 32
25 32 25 33
20 33 20 32
20 33 20 33
20 33 20 34
20 33 21 33
20 34 20 33
20 34 20 34
20 34 21 34
28 31 28 30
28 31 28 31
28 31 28 32
28 31 29 31
29 33 28 33
29 33 29 32
29 33 29 33
29 33 29 34
28 30 28 30
28 30 28 31
28 30 29 30
24 34 24 33
24 34 24 34
24 34 25 34
28 32 28 31
28 32 28 32
28 32 28 33
28 32 29 32
29 30 28 30
29 30 29 30
29 30 29 31
20 32 20 31
20 32 20 32
20 32 20 33
20 32 21 32
28 34 28 33
28 34 28 34
28 34 29 34
24 32 24 31
24 32 24 32
24 32 24 33
24 32 25 32
20 30 20 30
20 30 20 31
20 30 21 30
21 33 20 33
21 33 21 32
21 33 21 33
21 33 21 34
