81 33 81 32
81 33 81 33
81 33 81 34
81 33 82 33
83 34 82 34
83 34 83 33
83 34 83 34
72 28 72 27
72 28 72 28
72 28 72 29
72 28 73 28
83 31 82 31
83 31 83 30
83 31 83 31
83 31 83 32
74 32 73 32
74 32 74 31
74 32 74 32
74 32 74 33
74 32 75 32
75 33 74 33
75 33 75 32
75 33 75 33
75 33 75 34
72 29 72 28
72 29 72 29
72 29 72 30
72 29 73 29
75 31 74 31
75 31 75 30
75 31 75 31
75 31 75 32
73 33 72 33
73 33 73 32
73 33 73 33
73 33 73 34
73 33 74 33
80 31 80 30
80 31 80 31
80 31 80 32
83 29 82 29
83 29 83 28
83 29 83 29
83 29 83 30
80 30 80 29
80 30 80 30
80 30 80 31
80 30 81 30
75 30 75 30
75 30 75 31
73 26 72 26
73 26 73 26
73 26 73 27
73 26 74 26
73 32 72 32
73 32 73 31
73 32 73 32
73 32 73 33
73 32 74 32
73 34 72 34
73 34 73 33
73 34 73 34
73 34 74 34
74 27 73 27
74 27 74 26
74 27 74 27
74 27 74 28
74 27 75 27
83 26 82 26
83 26 83 26
83 26 83 27
72 30 72 29
72 30 72 30
72 30 73 30
81 27 80 27
81 27 81 26
81 27 81 27
81 27 81 28
81 27 82 27
73 27 72 27
73 27 73 26
73 27 73 27
73 27 73 28
73 27 74 27
73 28 72 28
73 28 73 27
73 28 73 28
73 28 73 29
73 28 74 28
74 34 73 34
74 34 74 33
74 34 74 34
74 34 75 34
81 28 80 28
81 28 81 27
81 28 81 28
81 28 81 29
81 28 82 28
82 28 81 28
82 28 82 27
82 28 82 28
82 28 82 29
82 28 83 28
73 30 72 30
73 30 73 29
73 30 73 30
73 30 73 31
75 32 74 32
75 32 75 31
75 32 75 32
75 32 75 33
74 33 73 33
74 33 74 32
74 33 74 33
74 33 74 34
74 33 75 33
81 34 80 34
81 34 81 33
81 34 81 34
81 34 82 34
81 29 80 29
81 29 81 28
81 29 81 29
81 29 81 30
81 29 82 29
82 33 81 33
82 33 82 32
82 33 82 33
82 33 82 34
82 33 83 33
72 26 72 26
72 26 72 27
72 26 73 26
74 28 73 28
74 28 74 27
74 28 74 28
74 28 75 28
73 29 72 29
73 29 73 28
73 29 73 29
73 29 73 30
72 34 72 33
72 34 72 34
72 34 73 34
74 31 73 31
74 31 74 31
74 31 74 32
74 31 75 31
83 30 82 30
83 30 83 29
83 30 83 30
83 30 83 31
82 32 81 32
82 32 82 31
82 32 82 32
82 32 82 33
82 32 83 32
83 28 82 28
83 28 83 27
83 28 83 28
83 28 83 29
81 26 80 26
81 26 81 26
81 26 81 27
81 26 82 26
81 32 80 32
81 32 81 32
81 32 81 33
81 32 82 32
80 27 80 26
80 27 80 27
80 27 80 28
80 27 81 27
75 26 74 26
75 26 75 26
75 26 75 27
80 34 80 34
80 34 81 34
83 27 82 27
83 27 83 26
83 27 83 27
83 27 83 28
83 33 82 33
83 33 83 32
83 33 83 33
83 33 83 34
82 27 81 27
82 27 82 26
82 27 82 27
82 27 82 28
82 27 83 27
80 32 80 31
80 32 80 32
80 32 81 32
83 32 82 32
83 32 83 31
83 32 83 32
83 32 83 33
82 30 81 30
82 30 82 29
82 30 82 30
82 30 82 31
82 30 83 30
82 29 81 29
82 29 82 28
82 29 82 29
82 29 82 30
82 29 83 29
72 33 72 32
72 33 72 33
72 33 72 34
72 33 73 33
80 26 80 26
80 26 80 27
80 26 81 26
74 26 73 26
74 26 74 26
74 26 74 27
74 26 75 26
80 29 80 28
80 29 80 29
80 29 80 30
80 29 81 29
82 26 81 26
82 26 82 26
82 26 82 27
82 26 83 26
72 32 72 32
72 32 72 33
72 32 73 32
81 30 80 30
81 30 81 29
81 30 81 30
81 30 82 30
75 27 74 27
75 27 75 26
75 27 75 27
75 27 75 28
80 28 80 27
80 28 80 28
80 28 80 29
80 28 81 28
82 31 82 30
82 31 82 31
82 31 82 32
82 31 83 31
75 34 74 34
75 34 75 33
75 34 75 34
82 34 81 34
82 34 82 33
82 34 82 34
82 34 83 34
73 31 73 30
73 31 73 31
73 31 73 32
73 31 74 31
72 27 72 26
72 27 72 27
72 27 72 28
72 27 73 27
75 28 74 28
75 28 75 27
75 28 75 28
