77 24 76 24
77 24 77 24
77 24 77 25
77 24 78 24
77 19 76 19
77 19 77 18
77 19 77 19
77 19 78 19
80 17 79 17
80 17 80 16
80 17 80 17
80 17 80 18
80 17 81 17
83 35 82 35
83 35 83 34
83 35 83 35
83 35 84 35
79 3 78 3
79 3 79 2
79 3 79 3
79 3 80 3
80 16 79 16
80 16 80 16
80 16 80 17
79 25 78 25
79 25 79 24
79 25 79 25
79 25 79 26
79 25 80 25
84 0 83 0
84 0 84 0
84 0 84 1
80 11 79 11
80 11 80 10
80 11 80 11
80 11 81 11
82 34 81 34
82 34 82 33
82 34 82 34
82 34 82 35
82 34 83 34
76 3 76 2
76 3 76 3
76 3 77 3
79 0 78 0
79 0 79 0
79 0 79 1
79 0 80 0
77 17 76 17
77 17 77 16
77 17 77 17
77 17 77 18
77 17 78 17
80 18 79 18
80 18 80 17
80 18 80 18
80 18 80 19
80 18 81 18
77 33 76 33
77 33 77 32
77 33 77 33
77 33 77 34
80 1 79 1
80 1 80 0
80 1 80 1
80 1 80 2
80 1 81 1
78 11 77 11
78 11 78 10
78 11 78 11
78 11 79 11
81 34 80 34
81 34 81 33
81 34 81 34
81 34 81 35
81 34 82 34
82 3 81 3
82 3 82 2
82 3 82 3
82 3 83 3
79 34 78 34
79 34 79 33
79 34 79 34
79 34 79 35
79 34 80 34
82 26 81 26
82 26 82 25
82 26 82 26
82 26 82 27
82 26 83 26
78 32 77 32
78 32 78 32
78 32 79 32
81 8 80 8
81 8 81 8
81 8 81 9
81 8 82 8
77 1 76 1
77 1 77 0
77 1 77 1
77 1 77 2
77 1 78 1
80 9 79 9
80 9 80 8
80 9 80 9
80 9 80 10
80 9 81 9
83 32 82 32
83 32 83 32
83 32 83 33
83 32 84 32
83 1 82 1
83 1 83 0
83 1 83 1
83 1 83 2
83 1 84 1
76 0 76 0
76 0 76 1
76 0 77 0
79 27 78 27
79 27 79 26
79 27 79 27
79 27 80 27
82 25 81 25
82 25 82 24
82 25 82 25
82 25 82 26
82 25 83 25
81 3 80 3
81 3 81 2
81 3 81 3
81 3 82 3
79 19 78 19
79 19 79 18
79 19 79 19
79 19 80 19
83 34 82 34
83 34 83 33
83 34 83 34
83 34 83 35
83 34 84 34
77 2 76 2
77 2 77 1
77 2 77 2
77 2 77 3
77 2 78 2
76 2 76 1
76 2 76 2
76 2 76 3
76 2 77 2
76 9 76 8
76 9 76 9
76 9 76 10
76 9 77 9
80 2 79 2
80 2 80 1
80 2 80 2
80 2 80 3
80 2 81 2
76 24 76 24
76 24 76 25
76 24 77 24
76 26 76 25
76 26 76 26
76 26 76 27
76 26 77 26
79 1 78 1
79 1 79 0
79 1 79 1
79 1 79 2
79 1 80 1
83 25 82 25
83 25 83 24
83 25 83 25
83 25 83 26
83 25 84 25
79 17 78 17
79 17 79 16
79 17 79 17
79 17 79 18
79 17 80 17
77 35 76 35
77 35 77 34
77 35 77 35
77 35 78 35
77 18 76 18
77 18 77 17
77 18 77 18
77 18 77 19
77 18 78 18
82 8 81 8
82 8 82 8
82 8 82 9
82 8 83 8
84 9 83 9
84 9 84 8
84 9 84 9
84 9 84 10
83 11 82 11
83 11 83 10
83 11 83 11
83 11 84 11
82 2 81 2
82 2 82 1
82 2 82 2
82 2 82 3
82 2 83 2
78 27 77 27
78 27 78 26
78 27 78 27
78 27 79 27
84 27 83 27
84 27 84 26
84 27 84 27
80 25 79 25
80 25 80 24
80 25 80 25
80 25 80 26
80 25 81 25
83 3 82 3
83 3 83 2
83 3 83 3
83 3 84 3
82 18 81 18
82 18 82 17
82 18 82 18
82 18 82 19
82 18 83 18
78 18 77 18
78 18 78 17
78 18 78 18
78 18 78 19
78 18 79 18
81 17 80 17
81 17 81 17
81 17 81 18
81 17 82 17
81 18 80 18
81 18 81 17
81 18 81 18
81 18 81 19
81 18 82 18
78 25 77 25
78 25 78 24
78 25 78 25
78 25 78 26
78 25 79 25
80 34 79 34
80 34 80 34
80 34 80 35
80 34 81 34
82 24 81 24
82 24 82 24
82 24 82 25
82 24 83 24
80 10 79 10
80 10 80 9
80 10 80 10
80 10 80 11
80 10 81 10
80 26 79 26
80 26 80 25
80 26 80 26
80 26 80 27
80 26 81 26
81 9 80 9
81 9 81 8
81 9 81 9
81 9 81 10
81 9 82 9
79 11 78 11
79 11 79 10
79 11 79 11
79 11 80 11
78 34 77 34
78 34 78 34
78 34 78 35
78 34 79 34
77 34 76 34
77 34 77 33
77 34 77 34
77 34 77 35
77 34 78 34
80 0 79 0
80 0 80 0
80 0 80 1
80 0 81 0
79 35 78 35
79 35 79 34
79 35 79 35
79 35 80 35
80 32 79 32
80 32 80 32
80 32 81 32
77 8 76 8
77 8 77 8
77 8 77 9
77 8 78 8
84 35 83 35
84 35 84 34
84 35 84 35
81 33 81 32
81 33 81 33
81 33 81 34
81 33 82 33
81 10 80 10
81 10 81 9
81 10 81 10
81 10 81 11
81 10 82 10
84 8 83 8
84 8 84 8
84 8 84 9
81 1 80 1
81 1 81 0
81 1 81 1
81 1 81 2
81 1 82 1
81 24 80 24
81 24 81 24
81 24 81 25
81 24 82 24
78 35 77 35
78 35 78 34
78 35 78 35
78 35 79 35
78 3 77 3
78 3 78 2
78 3 78 3
78 3 79 3
78 17 77 17
78 17 78 16
78 17 78 17
78 17 78 18
78 17 79 17
81 26 80 26
81 26 81 25
81 26 81 26
81 26 81 27
81 26 82 26
84 25 83 25
84 25 84 24
84 25 84 25
84 25 84 26
76 32 76 32
76 32 76 33
76 32 77 32
76 10 76 9
76 10 76 10
76 10 76 11
76 10 77 10
81 19 80 19
81 19 81 18
81 19 81 19
81 19 82 19
82 27 81 27
82 27 82 26
82 27 82 27
82 27 83 27
76 33 76 32
76 33 76 33
76 33 76 34
76 33 77 33
82 9 81 9
82 9 82 8
82 9 82 9
82 9 82 10
82 9 83 9
84 3 83 3
84 3 84 3
82 11 81 11
82 11 82 10
82 11 82 11
82 11 83 11
82 19 81 19
82 19 82 18
82 19 82 19
82 19 83 19
79 9 78 9
79 9 79 8
79 9 79 9
79 9 79 10
79 9 80 9
80 3 79 3
80 3 80 2
80 3 80 3
80 3 81 3
76 19 76 18
76 19 76 19
76 19 77 19
83 19 82 19
83 19 83 18
83 19 83 19
83 19 84 19
77 16 76 16
77 16 77 16
77 16 77 17
77 16 78 16
82 1 81 1
82 1 82 0
82 1 82 1
82 1 82 2
82 1 83 1
83 16 82 16
83 16 83 16
83 16 83 17
83 16 84 16
84 26 83 26
84 26 84 25
84 26 84 26
84 26 84 27
79 24 78 24
79 24 79 24
79 24 79 25
79 24 80 24
76 16 76 16
76 16 76 17
76 16 77 16
83 26 82 26
83 26 83 25
83 26 83 26
83 26 83 27
83 26 84 26
77 11 76 11
77 11 77 10
77 11 77 11
77 11 78 11
83 33 82 33
83 33 83 32
83 33 83 33
83 33 83 34
79 26 78 26
79 26 79 25
79 26 79 26
79 26 79 27
79 26 80 26
80 35 79 35
80 35 80 34
80 35 80 35
80 35 81 35
79 18 78 18
79 18 79 17
79 18 79 18
79 18 79 19
79 18 80 18
78 19 77 19
78 19 78 18
78 19 78 19
78 19 79 19
78 2 77 2
78 2 78 1
78 2 78 2
78 2 78 3
78 2 79 2
81 2 80 2
81 2 81 1
81 2 81 2
81 2 81 3
81 2 82 2
77 10 76 10
77 10 77 9
77 10 77 10
77 10 77 11
77 10 78 10
76 25 76 24
76 25 76 25
76 25 76 26
76 25 77 25
83 9 82 9
83 9 83 8
83 9 83 9
83 9 83 10
83 9 84 9
78 16 77 16
78 16 78 16
78 16 78 17
78 16 79 16
82 17 81 17
82 17 82 16
82 17 82 17
82 17 82 18
82 17 83 17
81 0 80 0
81 0 81 0
81 0 81 1
81 0 82 0
84 17 83 17
84 17 84 16
84 17 84 17
84 17 84 18
79 2 78 2
79 2 79 1
79 2 79 2
79 2 79 3
79 2 80 2
78 26 77 26
78 26 78 25
78 26 78 26
78 26 78 27
78 26 79 26
79 8 78 8
79 8 79 8
79 8 79 9
79 8 80 8
78 0 77 0
78 0 78 0
78 0 78 1
78 0 79 0
82 33 81 33
82 33 82 32
82 33 82 33
82 33 82 34
82 33 83 33
83 24 82 24
83 24 83 24
83 24 83 25
83 24 84 24
78 9 77 9
78 9 78 8
78 9 78 9
78 9 78 10
78 9 79 9
81 27 80 27
81 27 81 26
81 27 81 27
81 27 82 27
83 2 82 2
83 2 83 1
83 2 83 2
83 2 83 3
76 17 76 16
76 17 76 17
76 17 76 18
76 17 77 17
76 8 76 8
76 8 76 9
76 8 77 8
76 34 76 33
76 34 76 34
76 34 76 35
76 34 77 34
78 1 77 1
78 1 78 0
78 1 78 1
78 1 78 2
78 1 79 1
79 32 78 32
79 32 79 32
79 32 79 33
79 32 80 32
82 32 81 32
82 32 82 32
82 32 82 33
82 32 83 32
78 8 77 8
78 8 78 8
78 8 78 9
78 8 79 8
80 24 79 24
80 24 80 24
80 24 80 25
80 24 81 24
76 11 76 10
76 11 76 11
76 11 77 11
79 10 78 10
79 10 79 9
79 10 79 10
79 10 79 11
79 10 80 10
81 11 80 11
81 11 81 10
81 11 81 11
81 11 82 11
77 0 76 0
77 0 77 0
77 0 77 1
77 0 78 0
78 24 77 24
78 24 78 24
78 24 78 25
78 24 79 24
77 3 76 3
77 3 77 2
77 3 77 3
77 3 78 3
81 32 80 32
81 32 81 32
81 32 81 33
81 32 82 32
83 0 82 0
83 0 83 0
83 0 83 1
83 0 84 0
84 18 83 18
84 18 84 17
84 18 84 18
84 18 84 19
78 10 77 10
78 10 78 9
78 10 78 10
78 10 78 11
78 10 79 10
81 25 80 25
81 25 81 24
81 25 81 25
81 25 81 26
81 25 82 25
84 32 83 32
84 32 84 32
84 24 83 24
84 24 84 24
84 24 84 25
83 27 82 27
83 27 83 26
83 27 83 27
83 27 84 27
81 35 80 35
81 35 81 34
81 35 81 35
81 35 82 35
82 35 81 35
82 35 82 34
82 35 82 35
82 35 83 35
80 27 79 27
80 27 80 26
80 27 80 27
80 27 81 27
84 16 83 16
84 16 84 16
84 16 84 17
82 0 81 0
82 0 82 0
82 0 82 1
82 0 83 0
76 35 76 34
76 35 76 35
76 35 77 35
84 10 83 10
84 10 84 9
84 10 84 10
84 10 84 11
77 26 76 26
77 26 77 25
77 26 77 26
77 26 77 27
77 26 78 26
77 32 76 32
77 32 77 32
77 32 77 33
77 32 78 32
82 10 81 10
82 10 82 9
82 10 82 10
82 10 82 11
82 10 83 10
79 16 78 16
79 16 79 16
79 16 79 17
79 16 80 16
80 8 79 8
80 8 80 8
80 8 80 9
80 8 81 8
83 17 82 17
83 17 83 16
83 17 83 17
83 17 83 18
83 17 84 17
83 8 82 8
83 8 83 8
83 8 83 9
83 8 84 8
76 27 76 26
76 27 76 27
76 27 77 27
84 19 83 19
84 19 84 18
84 19 84 19
77 27 76 27
77 27 77 26
77 27 77 27
77 27 78 27
80 19 79 19
80 19 80 18
80 19 80 19
80 19 81 19
84 1 83 1
84 1 84 0
84 1 84 1
79 33 79 32
79 33 79 33
79 33 79 34
76 18 76 17
76 18 76 18
76 18 76 19
76 18 77 18
77 9 76 9
77 9 77 8
77 9 77 9
77 9 77 10
77 9 78 9
83 18 82 18
83 18 83 17
83 18 83 18
83 18 83 19
83 18 84 18
82 16 82 16
82 16 82 17
82 16 83 16
77 25 76 25
77 25 77 24
77 25 77 25
77 25 77 26
77 25 78 25
84 11 83 11
84 11 84 10
84 11 84 11
76 1 76 0
76 1 76 1
76 1 76 2
76 1 77 1
83 10 82 10
83 10 83 9
83 10 83 10
83 10 83 11
83 10 84 10
84 34 83 34
84 34 84 34
84 34 84 35
