115 84 114 84
115 84 115 83
115 84 115 84
99 78 98 78
99 78 99 77
99 78 99 78
99 78 99 79
107 79 106 79
107 79 107 78
107 79 107 79
107 79 107 80
97 76 96 76
97 76 97 76
97 76 97 77
97 76 98 76
99 83 98 83
99 83 99 82
99 83 99 83
99 83 99 84
113 81 113 80
113 81 113 81
113 81 113 82
113 81 114 81
90 79 89 79
90 79 90 78
90 79 90 79
90 79 90 80
90 79 91 79
114 80 113 80
114 80 114 79
114 80 114 80
114 80 114 81
114 80 115 80
90 78 89 78
90 78 90 77
90 78 90 78
90 78 90 79
90 78 91 78
106 83 105 83
106 83 106 82
106 83 106 83
106 83 107 83
98 81 97 81
98 81 98 80
98 81 98 81
98 81 98 82
99 77 98 77
99 77 99 76
99 77 99 77
99 77 99 78
90 84 89 84
90 84 90 83
90 84 90 84
90 84 91 84
112 76 112 76
112 76 112 77
112 76 113 76
91 78 90 78
91 78 91 77
91 78 91 78
91 78 91 79
96 77 96 76
96 77 96 77
96 77 96 78
96 77 97 77
106 79 105 79
106 79 106 78
106 79 106 79
106 79 106 80
106 79 107 79
104 82 104 81
104 82 104 82
104 82 104 83
104 82 105 82
97 78 96 78
97 78 97 77
97 78 97 78
97 78 97 79
97 78 98 78
98 84 97 84
98 84 98 83
98 84 98 84
98 84 99 84
105 83 104 83
105 83 105 82
105 83 105 83
105 83 105 84
105 83 106 83
88 81 88 80
88 81 88 81
88 81 88 82
88 81 89 81
107 81 106 81
107 81 107 80
107 81 107 81
107 81 107 82
90 83 89 83
90 83 90 82
90 83 90 83
90 83 90 84
90 83 91 83
106 80 105 80
106 80 106 79
106 80 106 80
106 80 106 81
106 80 107 80
114 79 113 79
114 79 114 78
114 79 114 79
114 79 114 80
114 79 115 79
113 82 112 82
113 82 113 81
113 82 113 82
113 82 113 83
113 82 114 82
88 78 88 77
88 78 88 78
88 78 88 79
88 78 89 78
113 79 112 79
113 79 113 78
113 79 113 79
113 79 113 80
113 79 114 79
91 83 90 83
91 83 91 82
91 83 91 83
91 83 91 84
98 78 97 78
98 78 98 77
98 78 98 78
98 78 99 78
107 82 106 82
107 82 107 81
107 82 107 82
107 82 107 83
105 82 104 82
105 82 105 81
105 82 105 82
105 82 105 83
105 82 106 82
89 82 88 82
89 82 89 81
89 82 89 82
89 82 89 83
89 82 90 82
98 76 97 76
98 76 98 76
98 76 98 77
98 76 99 76
91 81 90 81
91 81 91 80
91 81 91 81
91 81 91 82
113 83 112 83
113 83 113 82
113 83 113 83
113 83 113 84
113 83 114 83
112 83 112 82
112 83 112 83
112 83 112 84
112 83 113 83
89 77 88 77
89 77 89 76
89 77 89 77
89 77 89 78
89 77 90 77
106 76 105 76
106 76 106 76
106 76 106 77
106 76 107 76
115 77 114 77
115 77 115 76
115 77 115 77
115 77 115 78
104 79 104 78
104 79 104 79
104 79 104 80
104 79 105 79
106 77 105 77
106 77 106 76
106 77 106 77
106 77 106 78
106 77 107 77
89 79 88 79
89 79 89 78
89 79 89 79
89 79 89 80
89 79 90 79
107 83 106 83
107 83 107 82
107 83 107 83
107 83 107 84
105 84 104 84
105 84 105 83
105 84 105 84
112 82 112 82
112 82 112 83
112 82 113 82
90 80 89 80
90 80 90 79
90 80 90 80
90 80 90 81
90 80 91 80
104 83 104 82
104 83 104 83
104 83 104 84
104 83 105 83
88 77 88 76
88 77 88 77
88 77 88 78
88 77 89 77
99 80 98 80
99 80 99 79
99 80 99 80
107 80 106 80
107 80 107 79
107 80 107 80
107 80 107 81
97 82 96 82
97 82 97 81
97 82 97 82
97 82 97 83
97 82 98 82
113 77 112 77
113 77 113 76
113 77 113 77
113 77 113 78
113 77 114 77
97 84 96 84
97 84 97 83
97 84 97 84
97 84 98 84
114 82 113 82
114 82 114 81
114 82 114 82
114 82 114 83
114 82 115 82
89 83 88 83
89 83 89 82
89 83 89 83
89 83 89 84
89 83 90 83
98 80 97 80
98 80 98 80
98 80 98 81
98 80 99 80
105 80 104 80
105 80 105 79
105 80 105 80
105 80 105 81
105 80 106 80
115 81 114 81
115 81 115 80
115 81 115 81
115 81 115 82
112 84 112 83
112 84 112 84
112 84 113 84
105 78 104 78
105 78 105 77
105 78 105 78
105 78 105 79
105 78 106 78
88 76 88 76
88 76 88 77
88 76 89 76
105 81 104 81
105 81 105 80
105 81 105 81
105 81 105 82
105 81 106 81
113 76 112 76
113 76 113 76
113 76 113 77
113 76 114 76
91 79 90 79
91 79 91 78
91 79 91 79
91 79 91 80
89 76 88 76
89 76 89 76
89 76 89 77
89 76 90 76
96 80 96 79
96 80 96 80
96 80 96 81
96 80 97 80
114 77 113 77
114 77 114 76
114 77 114 77
114 77 114 78
114 77 115 77
107 77 106 77
107 77 107 76
107 77 107 77
107 77 107 78
88 83 88 82
88 83 88 83
88 83 88 84
88 83 89 83
107 78 106 78
107 78 107 77
107 78 107 78
107 78 107 79
91 76 90 76
91 76 91 76
91 76 91 77
105 79 104 79
105 79 105 78
105 79 105 79
105 79 105 80
105 79 106 79
88 79 88 78
88 79 88 79
88 79 88 80
88 79 89 79
115 80 114 80
115 80 115 79
115 80 115 80
115 80 115 81
112 79 112 78
112 79 112 79
112 79 112 80
112 79 113 79
115 82 114 82
115 82 115 81
115 82 115 82
115 82 115 83
96 81 96 80
96 81 96 81
96 81 96 82
96 81 97 81
91 82 90 82
91 82 91 81
91 82 91 82
91 82 91 83
91 80 90 80
91 80 91 79
91 80 91 80
91 80 91 81
115 78 114 78
115 78 115 77
115 78 115 78
115 78 115 79
115 79 114 79
115 79 115 78
115 79 115 79
115 79 115 80
96 82 96 81
96 82 96 82
96 82 96 83
96 82 97 82
90 76 89 76
90 76 90 76
90 76 90 77
90 76 91 76
99 79 99 78
99 79 99 79
99 79 99 80
114 81 113 81
114 81 114 80
114 81 114 81
114 81 114 82
114 81 115 81
90 77 89 77
90 77 90 76
90 77 90 77
90 77 90 78
90 77 91 77
97 77 96 77
97 77 97 76
97 77 97 77
97 77 97 78
97 77 98 77
104 81 104 80
104 81 104 81
104 81 104 82
104 81 105 81
106 81 105 81
106 81 106 80
106 81 106 81
106 81 106 82
106 81 107 81
89 84 88 84
89 84 89 83
89 84 89 84
89 84 90 84
98 77 97 77
98 77 98 76
98 77 98 77
98 77 98 78
98 77 99 77
104 80 104 79
104 80 104 80
104 80 104 81
104 80 105 80
112 80 112 79
112 80 112 80
112 80 113 80
114 84 113 84
114 84 114 83
114 84 114 84
114 84 115 84
104 84 104 83
104 84 104 84
104 84 105 84
91 84 90 84
91 84 91 83
91 84 91 84
96 76 96 76
96 76 96 77
96 76 97 76
88 80 88 79
88 80 88 80
88 80 88 81
88 80 89 80
113 80 112 80
113 80 113 79
113 80 113 80
113 80 113 81
113 80 114 80
112 78 112 77
112 78 112 78
112 78 112 79
112 78 113 78
89 78 88 78
89 78 89 77
89 78 89 78
89 78 89 79
89 78 90 78
104 78 104 77
104 78 104 78
104 78 104 79
104 78 105 78
90 82 89 82
90 82 90 81
90 82 90 82
90 82 90 83
90 82 91 82
104 76 104 76
104 76 104 77
104 76 105 76
98 82 97 82
98 82 98 81
98 82 98 82
98 82 98 83
98 82 99 82
106 78 105 78
106 78 106 77
106 78 106 78
106 78 106 79
106 78 107 78
114 76 113 76
114 76 114 76
114 76 114 77
114 76 115 76
97 81 96 81
97 81 97 80
97 81 97 81
97 81 97 82
97 81 98 81
114 83 113 83
114 83 114 82
114 83 114 83
114 83 114 84
114 83 115 83
88 84 88 83
88 84 88 84
88 84 89 84
115 76 114 76
115 76 115 76
115 76 115 77
97 83 96 83
97 83 97 82
97 83 97 83
97 83 97 84
97 83 98 83
97 80 96 80
97 80 97 79
97 80 97 80
97 80 97 81
97 80 98 80
107 76 106 76
107 76 107 76
107 76 107 77
97 79 96 79
97 79 97 78
97 79 97 79
97 79 97 80
99 84 98 84
99 84 99 83
99 84 99 84
88 82 88 81
88 82 88 82
88 82 88 83
88 82 89 82
107 84 107 83
107 84 107 84
114 78 113 78
114 78 114 77
114 78 114 78
114 78 114 79
114 78 115 78
113 84 112 84
113 84 113 83
113 84 113 84
113 84 114 84
104 77 104 76
104 77 104 77
104 77 104 78
104 77 105 77
112 77 112 76
112 77 112 77
112 77 112 78
112 77 113 77
98 83 97 83
98 83 98 82
98 83 98 83
98 83 98 84
98 83 99 83
96 79 96 78
96 79 96 79
96 79 96 80
96 79 97 79
99 76 98 76
99 76 99 76
99 76 99 77
106 82 105 82
106 82 106 81
106 82 106 82
106 82 106 83
106 82 107 82
99 82 98 82
99 82 99 82
99 82 99 83
105 76 104 76
105 76 105 76
105 76 105 77
105 76 106 76
90 81 89 81
90 81 90 80
90 81 90 81
90 81 90 82
90 81 91 81
91 77 90 77
91 77 91 76
91 77 91 77
91 77 91 78
89 81 88 81
89 81 89 80
89 81 89 81
89 81 89 82
89 81 90 81
105 77 104 77
105 77 105 76
105 77 105 77
105 77 105 78
105 77 106 77
115 83 114 83
115 83 115 82
115 83 115 83
115 83 115 84
89 80 88 80
89 80 89 79
89 80 89 80
89 80 89 81
89 80 90 80
96 84 96 83
96 84 96 84
96 84 97 84
96 83 96 82
96 83 96 83
96 83 96 84
96 83 97 83
96 78 96 77
96 78 96 78
96 78 96 79
96 78 97 78
113 78 112 78
113 78 113 77
113 78 113 78
113 78 113 79
113 78 114 78
