76 57 76 56
76 57 76 57
69 57 68 57
69 57 69 56
69 57 69 57
69 57 69 58
69 57 70 57
77 56 76 56
77 56 77 56
77 56 78 56
68 60 68 59
68 60 68 60
68 60 68 61
68 60 69 60
71 62 70 62
71 62 71 61
71 62 71 62
71 62 71 63
69 64 68 64
69 64 69 63
69 64 69 64
69 64 70 64
79 58 78 58
79 58 79 57
79 58 79 58
79 58 79 59
71 63 70 63
71 63 71 62
71 63 71 63
70 59 69 59
70 59 70 58
70 59 70 59
70 59 70 60
70 59 71 59
70 60 69 60
70 60 70 59
70 60 70 60
70 60 70 61
70 60 71 60
78 58 77 58
78 58 78 57
78 58 78 58
78 58 78 59
78 58 79 58
76 59 76 59
76 59 76 60
76 59 77 59
78 63 77 63
78 63 78 62
78 63 78 63
78 63 78 64
78 63 79 63
77 60 76 60
77 60 77 59
77 60 77 60
77 60 78 60
70 62 69 62
70 62 70 61
70 62 70 62
70 62 70 63
70 62 71 62
70 63 69 63
70 63 70 62
70 63 70 63
70 63 70 64
70 63 71 63
76 61 76 60
76 61 76 61
76 61 76 62
79 59 78 59
79 59 79 58
79 59 79 59
79 59 79 60
79 61 78 61
79 61 79 60
79 61 79 61
79 61 79 62
70 64 69 64
70 64 70 63
70 64 70 64
79 60 78 60
79 60 79 59
79 60 79 60
79 60 79 61
69 62 68 62
69 62 69 61
69 62 69 62
69 62 69 63
69 62 70 62
78 59 77 59
78 59 78 58
78 59 78 59
78 59 78 60
78 59 79 59
69 58 68 58
69 58 69 57
69 58 69 58
69 58 69 59
69 58 70 58
68 62 68 61
68 62 68 62
68 62 68 63
68 62 69 62
77 63 76 63
77 63 77 62
77 63 77 63
77 63 77 64
77 63 78 63
69 60 68 60
69 60 69 59
69 60 69 60
69 60 69 61
69 60 70 60
68 56 68 56
68 56 68 57
68 56 69 56
79 62 78 62
79 62 79 61
79 62 79 62
79 62 79 63
70 56 69 56
70 56 70 56
70 56 70 57
70 56 71 56
69 56 68 56
69 56 69 56
69 56 69 57
69 56 70 56
77 59 76 59
77 59 77 58
77 59 77 59
77 59 77 60
77 59 78 59
76 64 76 63
76 64 76 64
76 64 77 64
78 61 78 60
78 61 78 61
78 61 78 62
78 61 79 61
78 56 77 56
78 56 78 56
78 56 78 57
78 56 79 56
68 58 68 57
68 58 68 58
68 58 68 59
68 58 69 58
70 61 69 61
70 61 70 60
70 61 70 61
70 61 70 62
70 61 71 61
71 60 70 60
71 60 71 59
71 60 71 60
71 60 71 61
68 63 68 62
68 63 68 63
68 63 68 64
68 63 69 63
68 61 68 60
68 61 68 61
68 61 68 62
68 61 69 61
77 62 76 62
77 62 77 62
77 62 77 63
77 62 78 62
69 63 68 63
69 63 69 62
69 63 69 63
69 63 69 64
69 63 70 63
71 61 70 61
71 61 71 60
71 61 71 61
71 61 71 62
79 63 78 63
79 63 79 62
79 63 79 63
79 63 79 64
71 59 70 59
71 59 71 58
71 59 71 59
71 59 71 60
77 64 76 64
77 64 77 63
77 64 77 64
77 64 78 64
71 57 70 57
71 57 71 56
71 57 71 57
71 57 71 58
68 59 68 58
68 59 68 59
68 59 68 60
68 59 69 59
76 56 76 56
76 56 76 57
76 56 77 56
78 64 77 64
78 64 78 63
78 64 78 64
78 64 79 64
68 57 68 56
68 57 68 57
68 57 68 58
68 57 69 57
76 60 76 59
76 60 76 60
76 60 76 61
76 60 77 60
79 64 78 64
79 64 79 63
79 64 79 64
78 60 77 60
78 60 78 59
78 60 78 60
78 60 78 61
78 60 79 60
70 58 69 58
70 58 70 57
70 58 70 58
70 58 70 59
70 58 71 58
79 57 78 57
79 57 79 56
79 57 79 57
79 57 79 58
71 58 70 58
71 58 71 57
71 58 71 58
71 58 71 59
70 57 69 57
70 57 70 56
70 57 70 57
70 57 70 58
70 57 71 57
71 56 70 56
71 56 71 56
71 56 71 57
76 62 76 61
76 62 76 62
76 62 76 63
76 62 77 62
69 59 68 59
69 59 69 58
69 59 69 59
69 59 69 60
69 59 70 59
79 56 78 56
79 56 79 56
79 56 79 57
78 57 78 56
78 57 78 57
78 57 78 58
78 57 79 57
77 58 77 58
77 58 77 59
77 58 78 58
68 64 68 63
68 64 68 64
68 64 69 64
78 62 77 62
78 62 78 61
78 62 78 62
78 62 78 63
78 62 79 62
69 61 68 61
69 61 69 60
69 61 69 61
69 61 69 62
69 61 70 61
76 63 76 62
76 63 76 63
76 63 76 64
76 63 77 63
