92 72 91 72
92 72 92 72
92 72 92 73
92 72 93 72
91 81 90 81
91 81 91 80
91 81 91 81
91 81 91 82
91 81 92 81
92 83 91 83
92 83 92 82
92 83 92 83
92 83 93 83
90 82 89 82
90 82 90 81
90 82 90 82
90 82 90 83
90 82 91 82
88 72 87 72
88 72 88 72
88 72 88 73
88 72 89 72
91 74 90 74
91 74 91 73
91 74 91 74
91 74 91 75
91 74 92 74
90 81 89 81
90 81 90 80
90 81 90 81
90 81 90 82
90 81 91 81
88 75 87 75
88 75 88 74
88 75 88 75
88 75 89 75
87 83 86 83
87 83 87 82
87 83 87 83
87 83 88 83
89 83 88 83
89 83 89 82
89 83 89 83
89 83 90 83
87 80 86 80
87 80 87 80
87 80 87 81
87 80 88 80
94 80 93 80
94 80 94 80
94 80 94 81
92 74 91 74
92 74 92 73
92 74 92 74
92 74 92 75
92 74 93 74
94 75 93 75
94 75 94 75
91 83 90 83
91 83 91 82
91 83 91 83
91 83 92 83
94 83 93 83
94 83 94 82
94 83 94 83
93 81 92 81
93 81 93 80
93 81 93 81
93 81 93 82
93 81 94 81
94 82 93 82
94 82 94 81
94 82 94 82
94 82 94 83
91 75 90 75
91 75 91 74
91 75 91 75
91 75 92 75
93 75 92 75
93 75 93 74
93 75 93 75
93 75 94 75
90 74 89 74
90 74 90 73
90 74 90 74
90 74 90 75
90 74 91 74
92 80 91 80
92 80 92 80
92 80 92 81
92 80 93 80
88 80 87 80
88 80 88 80
88 80 88 81
88 80 89 80
86 82 86 81
86 82 86 82
86 82 86 83
86 82 87 82
91 72 90 72
91 72 91 72
91 72 91 73
91 72 92 72
94 81 93 81
94 81 94 80
94 81 94 81
94 81 94 82
86 81 86 80
86 81 86 81
86 81 86 82
86 81 87 81
90 75 89 75
90 75 90 74
90 75 90 75
90 75 91 75
93 73 92 73
93 73 93 72
93 73 93 73
93 73 93 74
93 73 94 73
91 80 90 80
91 80 91 80
91 80 91 81
91 80 92 80
90 72 89 72
90 72 90 72
90 72 90 73
90 72 91 72
91 73 90 73
91 73 91 72
91 73 91 73
91 73 91 74
91 73 92 73
87 82 86 82
87 82 87 81
87 82 87 82
87 82 87 83
87 82 88 82
89 81 88 81
89 81 89 80
89 81 89 81
89 81 89 82
89 81 90 81
88 73 87 73
88 73 88 72
88 73 88 73
88 73 88 74
88 73 89 73
93 82 92 82
93 82 93 81
93 82 93 82
93 82 93 83
93 82 94 82
90 80 89 80
90 80 90 80
90 80 90 81
90 80 91 80
90 83 89 83
90 83 90 82
90 83 90 83
90 83 91 83
92 82 91 82
92 82 92 81
92 82 92 82
92 82 92 83
92 82 93 82
88 82 87 82
88 82 88 81
88 82 88 82
88 82 88 83
88 82 89 82
89 74 88 74
89 74 89 73
89 74 89 74
89 74 89 75
89 74 90 74
89 80 88 80
89 80 89 80
89 80 89 81
89 80 90 80
94 72 93 72
94 72 94 72
94 72 94 73
93 83 92 83
93 83 93 82
93 83 93 83
93 83 94 83
93 72 92 72
93 72 93 72
93 72 93 73
93 72 94 72
88 83 87 83
88 83 88 82
88 83 88 83
88 83 89 83
88 81 87 81
88 81 88 80
88 81 88 81
88 81 88 82
88 81 89 81
92 81 91 81
92 81 92 80
92 81 92 81
92 81 92 82
92 81 93 81
87 72 86 72
87 72 87 72
87 72 87 73
87 72 88 72
90 73 89 73
90 73 90 72
90 73 90 73
90 73 90 74
90 73 91 73
86 83 86 82
86 83 86 83
86 83 87 83
92 75 91 75
92 75 92 74
92 75 92 75
92 75 93 75
89 82 88 82
89 82 89 81
89 82 89 82
89 82 89 83
89 82 90 82
94 73 93 73
94 73 94 72
94 73 94 73
92 73 91 73
92 73 92 72
92 73 92 73
92 73 92 74
92 73 93 73
89 75 88 75
89 75 89 74
89 75 89 75
89 75 90 75
93 80 92 80
93 80 93 80
93 80 93 81
93 80 94 80
87 81 86 81
87 81 87 80
87 81 87 81
87 81 87 82
87 81 88 81
86 75 86 74
86 75 86 75
86 75 87 75
88 74 88 73
88 74 88 74
88 74 88 75
88 74 89 74
86 80 86 80
86 80 86 81
86 80 87 80
93 74 92 74
93 74 93 73
93 74 93 74
93 74 93 75
89 73 88 73
89 73 89 72
89 73 89 73
89 73 89 74
89 73 90 73
86 74 86 73
86 74 86 74
86 74 86 75
91 82 90 82
91 82 91 81
91 82 91 82
91 82 91 83
91 82 92 82
89 72 88 72
89 72 89 72
89 72 89 73
89 72 90 72
87 75 86 75
87 75 87 75
87 75 88 75
87 73 86 73
87 73 87 72
87 73 87 73
87 73 88 73
86 73 86 72
86 73 86 73
86 73 86 74
86 73 87 73
86 72 86 72
86 72 86 73
86 72 87 72
