99 30 98 30
99 30 99 29
99 30 99 30
99 30 99 31
99 30 100 30
107 30 106 30
107 30 107 29
107 30 107 30
107 30 107 31
107 30 108 30
99 32 98 32
99 32 99 31
99 32 99 32
99 32 99 33
99 32 100 32
101 27 100 27
101 27 101 26
101 27 101 27
101 27 101 28
106 33 106 32
106 33 106 33
106 33 106 34
106 33 107 33
106 32 106 31
106 32 106 32
106 32 106 33
106 32 107 32
101 26 100 26
101 26 101 26
101 26 101 27
109 32 108 32
109 32 109 31
109 32 109 32
109 32 109 33
99 28 98 28
99 28 99 27
99 28 99 28
99 28 99 29
99 28 100 28
106 34 106 33
106 34 106 34
106 34 107 34
101 29 100 29
101 29 101 28
101 29 101 29
101 29 101 30
106 27 106 26
106 27 106 27
106 27 106 28
106 27 107 27
107 26 106 26
107 26 107 26
107 26 107 27
107 26 108 26
109 29 108 29
109 29 109 28
109 29 109 29
109 29 109 30
107 34 106 34
107 34 107 33
107 34 107 34
100 29 99 29
100 29 100 28
100 29 100 29
100 29 100 30
100 29 101 29
101 34 100 34
101 34 101 33
101 34 101 34
108 26 107 26
108 26 108 26
108 26 108 27
108 26 109 26
108 32 107 32
108 32 108 31
108 32 108 32
108 32 108 33
108 32 109 32
100 26 99 26
100 26 100 26
100 26 100 27
100 26 101 26
108 29 107 29
108 29 108 28
108 29 108 29
108 29 108 30
108 29 109 29
100 31 99 31
100 31 100 30
100 31 100 31
100 31 100 32
100 31 101 31
106 31 106 30
106 31 106 31
106 31 106 32
106 31 107 31
101 32 100 32
101 32 101 31
101 32 101 32
101 32 101 33
99 29 98 29
99 29 99 28
99 29 99 29
99 29 99 30
99 29 100 29
109 26 108 26
109 26 109 26
109 26 109 27
98 33 98 32
98 33 98 33
98 33 98 34
98 33 99 33
109 30 108 30
109 30 109 29
109 30 109 30
109 30 109 31
100 32 99 32
100 32 100 31
100 32 100 32
100 32 100 33
100 32 101 32
107 28 106 28
107 28 107 27
107 28 107 28
107 28 107 29
107 28 108 28
108 33 107 33
108 33 108 32
108 33 108 33
108 33 109 33
98 29 98 28
98 29 98 29
98 29 98 30
98 29 99 29
106 26 106 26
106 26 106 27
106 26 107 26
108 28 107 28
108 28 108 27
108 28 108 28
108 28 108 29
108 28 109 28
99 34 98 34
99 34 99 33
99 34 99 34
99 34 100 34
100 28 99 28
100 28 100 27
100 28 100 28
100 28 100 29
100 28 101 28
101 33 100 33
101 33 101 32
101 33 101 33
101 33 101 34
98 30 98 29
98 30 98 30
98 30 98 31
98 30 99 30
106 30 106 29
106 30 106 30
106 30 106 31
106 30 107 30
98 26 98 26
98 26 98 27
98 26 99 26
109 27 108 27
109 27 109 26
109 27 109 27
109 27 109 28
107 31 106 31
107 31 107 30
107 31 107 31
107 31 107 32
107 31 108 31
99 31 98 31
99 31 99 30
99 31 99 31
99 31 99 32
99 31 100 31
107 29 106 29
107 29 107 28
107 29 107 29
107 29 107 30
107 29 108 29
107 32 106 32
107 32 107 31
107 32 107 32
107 32 107 33
107 32 108 32
109 33 108 33
109 33 109 32
109 33 109 33
109 33 109 34
98 28 98 27
98 28 98 28
98 28 98 29
98 28 99 28
99 33 98 33
99 33 99 32
99 33 99 33
99 33 99 34
99 33 100 33
98 32 98 31
98 32 98 32
98 32 98 33
98 32 99 32
108 27 107 27
108 27 108 26
108 27 108 27
108 27 108 28
108 27 109 27
109 28 108 28
109 28 109 27
109 28 109 28
109 28 109 29
107 27 106 27
107 27 107 26
107 27 107 27
107 27 107 28
107 27 108 27
98 27 98 26
98 27 98 27
98 27 98 28
98 27 99 27
99 27 98 27
99 27 99 26
99 27 99 27
99 27 99 28
99 27 100 27
100 34 99 34
100 34 100 33
100 34 100 34
100 34 101 34
107 33 106 33
107 33 107 32
107 33 107 33
107 33 107 34
107 33 108 33
108 30 107 30
108 30 108 29
108 30 108 30
108 30 108 31
108 30 109 30
99 26 98 26
99 26 99 26
99 26 99 27
99 26 100 26
109 31 108 31
109 31 109 30
109 31 109 31
109 31 109 32
101 30 100 30
101 30 101 29
101 30 101 30
101 30 101 31
101 28 100 28
101 28 101 27
101 28 101 28
101 28 101 29
109 34 109 33
109 34 109 34
98 31 98 30
98 31 98 31
98 31 98 32
98 31 99 31
108 31 107 31
108 31 108 30
108 31 108 31
108 31 108 32
108 31 109 31
100 33 99 33
100 33 100 32
100 33 100 33
100 33 100 34
100 33 101 33
101 31 100 31
101 31 101 30
101 31 101 31
101 31 101 32
106 29 106 28
106 29 106 29
106 29 106 30
106 29 107 29
100 30 99 30
100 30 100 29
100 30 100 30
100 30 100 31
100 30 101 30
106 28 106 27
106 28 106 28
106 28 106 29
106 28 107 28
98 34 98 33
98 34 98 34
98 34 99 34
100 27 99 27
100 27 100 26
100 27 100 27
100 27 100 28
100 27 101 27
