103 50 102 50
103 50 103 49
103 50 103 50
103 50 103 51
103 50 104 50
91 37 90 37
91 37 91 36
91 37 91 37
91 37 92 37
119 34 118 34
119 34 119 33
119 34 119 34
119 34 119 35
115 38 114 38
115 38 115 37
115 38 115 38
115 38 115 39
115 38 116 38
115 58 114 58
115 58 115 57
115 58 115 58
115 58 115 59
115 58 116 58
101 39 100 39
101 39 101 38
101 39 101 39
101 39 101 40
101 39 102 39
99 45 98 45
99 45 99 44
99 45 99 45
99 45 99 46
99 45 100 45
119 47 118 47
119 47 119 46
119 47 119 47
119 47 119 48
118 43 117 43
118 43 118 42
118 43 118 43
118 43 118 44
118 43 119 43
102 39 101 39
102 39 102 38
102 39 102 39
102 39 102 40
102 39 103 39
95 30 94 30
95 30 95 30
95 30 95 31
95 30 96 30
117 33 116 33
117 33 117 32
117 33 117 33
117 33 117 34
117 33 118 33
102 49 101 49
102 49 102 48
102 49 102 49
102 49 102 50
102 49 103 49
102 50 101 50
102 50 102 49
102 50 102 50
102 50 102 51
102 50 103 50
92 31 91 31
92 31 92 30
92 31 92 31
92 31 92 32
92 31 93 31
94 33 93 33
94 33 94 32
94 33 94 33
94 33 94 34
94 33 95 33
100 41 99 41
100 41 100 40
100 41 100 41
100 41 100 42
100 41 101 41
117 37 116 37
117 37 117 36
117 37 117 37
117 37 117 38
117 37 118 37
116 58 115 58
116 58 116 57
116 58 116 58
116 58 116 59
116 58 117 58
94 55 93 55
94 55 94 55
94 55 94 56
94 55 95 55
96 52 95 52
96 52 96 51
96 52 96 52
96 52 96 53
96 52 97 52
108 51 107 51
108 51 108 50
108 51 108 51
108 51 108 52
108 51 109 51
103 39 102 39
103 39 103 38
103 39 103 39
103 39 103 40
103 39 104 39
90 31 90 30
90 31 90 31
90 31 90 32
90 31 91 31
118 32 117 32
118 32 118 31
118 32 118 32
118 32 118 33
118 32 119 32
101 43 100 43
101 43 101 42
101 43 101 43
101 43 101 44
101 43 102 43
116 52 115 52
116 52 116 51
116 52 116 52
116 52 116 53
116 52 117 52
102 52 101 52
102 52 102 51
102 52 102 52
102 52 102 53
102 52 103 52
91 57 90 57
91 57 91 56
91 57 91 57
91 57 91 58
91 57 92 57
118 34 117 34
118 34 118 33
118 34 118 34
118 34 118 35
118 34 119 34
104 44 103 44
104 44 104 43
104 44 104 44
104 44 104 45
104 44 105 44
90 30 90 30
90 30 90 31
100 47 99 47
100 47 100 46
100 47 100 47
100 47 100 48
100 47 101 47
109 44 108 44
109 44 109 43
109 44 109 44
109 44 109 45
109 44 110 44
110 49 109 49
110 49 110 48
110 49 110 49
110 49 110 50
110 49 111 49
108 50 107 50
108 50 108 49
108 50 108 50
108 50 108 51
108 50 109 50
118 45 117 45
118 45 118 44
118 45 118 45
118 45 118 46
118 45 119 45
112 39 111 39
112 39 112 38
112 39 112 39
112 39 112 40
112 39 113 39
119 45 118 45
119 45 119 44
119 45 119 45
119 45 119 46
118 38 117 38
118 38 118 37
118 38 118 38
118 38 118 39
118 38 119 38
99 53 98 53
99 53 99 52
99 53 99 53
113 48 112 48
113 48 113 47
113 48 113 48
113 48 113 49
113 48 114 48
97 45 96 45
97 45 97 44
97 45 97 45
97 45 97 46
97 45 98 45
118 37 117 37
118 37 118 36
118 37 118 37
118 37 118 38
118 37 119 37
111 41 110 41
111 41 111 40
111 41 111 41
111 41 111 42
111 41 112 41
111 37 110 37
111 37 111 36
111 37 111 37
111 37 112 37
117 59 116 59
117 59 117 58
117 59 117 59
117 59 118 59
118 40 117 40
118 40 118 39
118 40 118 40
118 40 118 41
118 40 119 40
105 38 104 38
105 38 105 38
118 33 117 33
118 33 118 32
118 33 118 33
118 33 118 34
118 33 119 33
107 48 106 48
107 48 107 47
107 48 107 48
107 48 107 49
107 48 108 48
90 36 90 35
90 36 90 36
90 36 90 37
90 36 91 36
108 53 107 53
108 53 108 52
108 53 108 53
108 53 108 54
108 53 109 53
114 32 114 31
114 32 114 32
114 32 114 33
114 32 115 32
116 34 115 34
116 34 116 33
116 34 116 34
116 34 116 35
116 34 117 34
110 48 109 48
110 48 110 47
110 48 110 48
110 48 110 49
110 48 111 48
96 51 95 51
96 51 96 50
96 51 96 51
96 51 96 52
96 51 97 51
103 38 102 38
103 38 103 37
103 38 103 38
103 38 103 39
103 38 104 38
104 45 103 45
104 45 104 44
104 45 104 45
104 45 104 46
104 45 105 45
99 38 99 38
99 38 99 39
99 38 100 38
98 40 97 40
98 40 98 39
98 40 98 40
98 40 98 41
98 40 99 40
106 35 105 35
106 35 106 35
106 35 106 36
106 35 107 35
118 39 117 39
118 39 118 38
118 39 118 39
118 39 118 40
118 39 119 39
97 39 96 39
97 39 97 38
97 39 97 39
97 39 97 40
97 39 98 39
101 44 100 44
101 44 101 43
101 44 101 44
101 44 101 45
101 44 102 44
105 41 104 41
105 41 105 40
105 41 105 41
105 41 105 42
105 41 106 41
116 40 115 40
116 40 116 40
116 40 116 41
116 40 117 40
118 48 117 48
118 48 118 47
118 48 118 48
118 48 118 49
118 48 119 48
101 48 100 48
101 48 101 47
101 48 101 48
101 48 101 49
101 48 102 48
96 45 95 45
96 45 96 44
96 45 96 45
96 45 96 46
96 45 97 45
93 57 92 57
93 57 93 56
93 57 93 57
93 57 93 58
93 57 94 57
119 48 118 48
119 48 119 47
119 48 119 48
119 48 119 49
99 48 98 48
99 48 99 47
99 48 99 48
99 48 99 49
99 48 100 48
108 35 107 35
108 35 108 35
108 35 108 36
108 35 109 35
105 42 104 42
105 42 105 41
105 42 105 42
105 42 105 43
105 42 106 42
102 44 101 44
102 44 102 43
102 44 102 44
102 44 102 45
102 44 103 44
112 47 111 47
112 47 112 46
112 47 112 47
112 47 112 48
112 47 113 47
107 47 106 47
107 47 107 46
107 47 107 47
107 47 107 48
107 47 108 47
91 33 90 33
91 33 91 33
91 33 91 34
91 33 92 33
116 44 115 44
116 44 116 43
116 44 116 44
116 44 116 45
116 44 117 44
102 42 101 42
102 42 102 41
102 42 102 42
102 42 102 43
102 42 103 42
119 35 118 35
119 35 119 34
119 35 119 35
119 35 119 36
110 36 110 35
110 36 110 36
110 36 110 37
110 36 111 36
93 58 92 58
93 58 93 57
93 58 93 58
93 58 93 59
93 58 94 58
110 37 109 37
110 37 110 36
110 37 110 37
110 37 110 38
110 37 111 37
103 42 102 42
103 42 103 41
103 42 103 42
103 42 103 43
103 42 104 42
93 32 92 32
93 32 93 31
93 32 93 32
93 32 93 33
93 32 94 32
101 52 100 52
101 52 101 51
101 52 101 52
101 52 101 53
101 52 102 52
90 57 90 56
90 57 90 57
90 57 91 57
100 50 99 50
100 50 100 49
100 50 100 50
100 50 100 51
100 50 101 50
111 50 110 50
111 50 111 49
111 50 111 50
111 50 111 51
111 50 112 50
98 53 97 53
98 53 98 52
98 53 98 53
98 53 98 54
98 53 99 53
90 54 90 54
90 54 90 55
90 54 91 54
115 53 114 53
115 53 115 52
115 53 115 53
115 53 116 53
118 35 117 35
118 35 118 34
118 35 118 35
118 35 118 36
118 35 119 35
117 42 116 42
117 42 117 41
117 42 117 42
117 42 117 43
117 42 118 42
105 50 104 50
105 50 105 49
105 50 105 50
105 50 106 50
112 49 111 49
112 49 112 48
112 49 112 49
112 49 112 50
112 49 113 49
116 55 115 55
116 55 116 54
116 55 116 55
116 55 116 56
116 55 117 55
117 31 116 31
117 31 117 30
117 31 117 31
117 31 117 32
117 31 118 31
109 49 108 49
109 49 109 48
109 49 109 49
109 49 109 50
109 49 110 49
112 55 111 55
112 55 112 54
112 55 112 55
112 55 113 55
96 43 95 43
96 43 96 42
96 43 96 43
96 43 96 44
96 43 97 43
114 30 114 30
114 30 114 31
114 30 115 30
95 46 95 45
95 46 95 46
95 46 95 47
95 46 96 46
94 32 93 32
94 32 94 31
94 32 94 32
94 32 94 33
94 32 95 32
102 41 101 41
102 41 102 40
102 41 102 41
102 41 102 42
102 41 103 41
109 51 108 51
109 51 109 50
109 51 109 51
109 51 109 52
109 51 110 51
113 54 112 54
113 54 113 53
113 54 113 54
113 54 113 55
113 54 114 54
114 31 114 30
114 31 114 31
114 31 114 32
114 31 115 31
117 58 116 58
117 58 117 57
117 58 117 58
117 58 117 59
117 58 118 58
112 51 111 51
112 51 112 50
112 51 112 51
112 51 112 52
112 51 113 51
110 39 109 39
110 39 110 38
110 39 110 39
110 39 110 40
110 39 111 39
98 44 97 44
98 44 98 43
98 44 98 44
98 44 98 45
98 44 99 44
106 47 105 47
106 47 106 46
106 47 106 47
106 47 106 48
106 47 107 47
118 46 117 46
118 46 118 45
118 46 118 46
118 46 118 47
118 46 119 46
101 50 100 50
101 50 101 49
101 50 101 50
101 50 101 51
101 50 102 50
108 46 107 46
108 46 108 45
108 46 108 46
108 46 108 47
108 46 109 46
115 31 114 31
115 31 115 30
115 31 115 31
115 31 115 32
115 31 116 31
112 48 111 48
112 48 112 47
112 48 112 48
112 48 112 49
112 48 113 48
107 53 106 53
107 53 107 52
107 53 107 53
107 53 107 54
107 53 108 53
93 33 92 33
93 33 93 32
93 33 93 33
93 33 93 34
93 33 94 33
96 46 95 46
96 46 96 45
96 46 96 46
96 46 96 47
96 46 97 46
92 36 91 36
92 36 92 35
92 36 92 36
92 36 92 37
92 36 93 36
107 42 106 42
107 42 107 41
107 42 107 42
107 42 107 43
107 42 108 42
109 40 108 40
109 40 109 39
109 40 109 40
109 40 109 41
109 40 110 40
100 45 99 45
100 45 100 44
100 45 100 45
100 45 100 46
100 45 101 45
109 47 108 47
109 47 109 46
109 47 109 47
109 47 109 48
109 47 110 47
90 35 90 34
90 35 90 35
90 35 90 36
90 35 91 35
96 36 95 36
96 36 96 35
96 36 96 36
96 36 96 37
96 36 97 36
110 42 109 42
110 42 110 41
110 42 110 42
110 42 110 43
110 42 111 42
97 54 96 54
97 54 97 53
97 54 97 54
97 54 97 55
97 54 98 54
95 45 95 44
95 45 95 45
95 45 95 46
95 45 96 45
111 53 110 53
111 53 111 52
111 53 111 53
111 53 111 54
111 53 112 53
118 59 117 59
118 59 118 58
118 59 118 59
118 59 119 59
102 51 101 51
102 51 102 50
102 51 102 51
102 51 102 52
102 51 103 51
106 48 106 47
106 48 106 48
106 48 106 49
106 48 107 48
118 31 117 31
118 31 118 30
118 31 118 31
118 31 118 32
118 31 119 31
95 48 95 47
95 48 95 48
95 48 95 49
95 48 96 48
116 48 115 48
116 48 116 47
116 48 116 48
116 48 116 49
116 48 117 48
110 50 109 50
110 50 110 49
110 50 110 50
110 50 110 51
110 50 111 50
97 42 96 42
97 42 97 41
97 42 97 42
97 42 97 43
97 42 98 42
115 41 114 41
115 41 115 40
115 41 115 41
115 41 115 42
115 41 116 41
119 32 118 32
119 32 119 31
119 32 119 32
119 32 119 33
92 32 92 31
92 32 92 32
92 32 92 33
92 32 93 32
115 30 114 30
115 30 115 30
115 30 115 31
115 30 116 30
114 51 113 51
114 51 114 50
114 51 114 51
114 51 114 52
114 51 115 51
104 39 103 39
104 39 104 38
104 39 104 39
104 39 104 40
104 46 103 46
104 46 104 45
104 46 104 46
104 46 104 47
118 53 117 53
118 53 118 52
118 53 118 53
118 53 118 54
118 53 119 53
114 53 113 53
114 53 114 52
114 53 114 53
114 53 114 54
114 53 115 53
90 59 90 59
90 59 91 59
99 44 98 44
99 44 99 43
99 44 99 44
99 44 99 45
99 44 100 44
90 56 90 55
90 56 90 56
90 56 90 57
90 56 91 56
106 50 105 50
106 50 106 49
106 50 106 50
106 50 106 51
106 50 107 50
110 38 109 38
110 38 110 37
110 38 110 38
110 38 110 39
106 53 105 53
106 53 106 52
106 53 106 53
106 53 106 54
106 53 107 53
97 38 96 38
97 38 97 37
97 38 97 38
97 38 97 39
97 47 96 47
97 47 97 46
97 47 97 47
97 47 97 48
97 47 98 47
107 37 106 37
107 37 107 36
107 37 107 37
107 37 107 38
107 37 108 37
97 43 96 43
97 43 97 42
97 43 97 43
97 43 97 44
97 43 98 43
108 40 107 40
108 40 108 39
108 40 108 40
108 40 108 41
108 40 109 40
108 39 107 39
108 39 108 38
108 39 108 39
108 39 108 40
108 39 109 39
112 38 112 37
112 38 112 38
112 38 112 39
112 38 113 38
96 47 95 47
96 47 96 46
96 47 96 47
96 47 96 48
96 47 97 47
119 37 118 37
119 37 119 36
119 37 119 37
119 37 119 38
112 37 111 37
112 37 112 36
112 37 112 37
112 37 112 38
112 37 113 37
113 42 112 42
113 42 113 41
113 42 113 42
113 42 113 43
113 42 114 42
112 43 111 43
112 43 112 42
112 43 112 43
112 43 112 44
112 43 113 43
91 34 90 34
91 34 91 33
91 34 91 34
91 34 91 35
91 34 92 34
96 49 95 49
96 49 96 48
96 49 96 49
96 49 96 50
96 49 97 49
116 37 115 37
116 37 116 36
116 37 116 37
116 37 116 38
116 37 117 37
119 40 118 40
119 40 119 39
119 40 119 40
119 40 119 41
113 53 112 53
113 53 113 52
113 53 113 53
113 53 113 54
113 53 114 53
96 41 95 41
96 41 96 40
96 41 96 41
96 41 96 42
96 41 97 41
103 54 102 54
103 54 103 53
103 54 103 54
103 54 103 55
103 54 104 54
110 45 109 45
110 45 110 44
110 45 110 45
110 45 110 46
110 45 111 45
117 54 116 54
117 54 117 53
117 54 117 54
117 54 117 55
117 54 118 54
104 37 103 37
104 37 104 36
104 37 104 37
104 37 104 38
112 53 111 53
112 53 112 52
112 53 112 53
112 53 112 54
112 53 113 53
113 51 112 51
113 51 113 50
113 51 113 51
113 51 113 52
113 51 114 51
114 38 113 38
114 38 114 37
114 38 114 38
114 38 114 39
114 38 115 38
96 48 95 48
96 48 96 47
96 48 96 48
96 48 96 49
96 48 97 48
114 42 113 42
114 42 114 41
114 42 114 42
114 42 114 43
114 42 115 42
90 37 90 36
90 37 90 37
90 37 91 37
96 32 95 32
96 32 96 31
96 32 96 32
96 32 96 33
96 32 97 32
96 39 95 39
96 39 96 38
96 39 96 39
96 39 96 40
96 39 97 39
100 55 99 55
100 55 100 54
100 55 100 55
100 55 101 55
117 46 116 46
117 46 117 45
117 46 117 46
117 46 117 47
117 46 118 46
109 42 108 42
109 42 109 41
109 42 109 42
109 42 109 43
109 42 110 42
107 50 106 50
107 50 107 49
107 50 107 50
107 50 107 51
107 50 108 50
97 37 96 37
97 37 97 36
97 37 97 37
97 37 97 38
97 37 98 37
98 39 97 39
98 39 98 39
98 39 98 40
98 39 99 39
101 51 100 51
101 51 101 50
101 51 101 51
101 51 101 52
101 51 102 51
97 40 96 40
97 40 97 39
97 40 97 40
97 40 97 41
97 40 98 40
119 31 118 31
119 31 119 30
119 31 119 31
119 31 119 32
100 40 99 40
100 40 100 39
100 40 100 40
100 40 100 41
100 40 101 40
102 38 101 38
102 38 102 37
102 38 102 38
102 38 102 39
102 38 103 38
110 52 109 52
110 52 110 51
110 52 110 52
110 52 110 53
110 52 111 52
102 55 101 55
102 55 102 54
102 55 102 55
102 55 103 55
98 51 97 51
98 51 98 50
98 51 98 51
98 51 98 52
98 51 99 51
118 30 117 30
118 30 118 30
118 30 118 31
118 30 119 30
108 44 107 44
108 44 108 43
108 44 108 44
108 44 108 45
108 44 109 44
91 58 91 57
91 58 91 58
91 58 91 59
91 58 92 58
118 52 117 52
118 52 118 51
118 52 118 52
118 52 118 53
118 52 119 52
91 59 90 59
91 59 91 58
91 59 91 59
91 59 92 59
102 43 101 43
102 43 102 42
102 43 102 43
102 43 102 44
102 43 103 43
95 39 95 38
95 39 95 39
95 39 95 40
95 39 96 39
105 35 104 35
105 35 105 35
105 35 105 36
105 35 106 35
108 37 107 37
108 37 108 36
108 37 108 37
108 37 108 38
108 37 109 37
93 31 92 31
93 31 93 30
93 31 93 31
93 31 93 32
93 31 94 31
114 48 113 48
114 48 114 47
114 48 114 48
114 48 115 48
115 39 114 39
115 39 115 38
115 39 115 39
115 39 115 40
106 41 105 41
106 41 106 40
106 41 106 41
106 41 106 42
106 41 107 41
115 50 114 50
115 50 115 49
115 50 115 50
115 50 115 51
115 50 116 50
97 32 96 32
97 32 97 31
97 32 97 32
97 32 97 33
107 41 106 41
107 41 107 40
107 41 107 41
107 41 107 42
107 41 108 41
94 30 93 30
94 30 94 30
94 30 94 31
94 30 95 30
116 35 115 35
116 35 116 34
116 35 116 35
116 35 116 36
116 35 117 35
90 32 90 31
90 32 90 32
90 32 90 33
104 53 103 53
104 53 104 52
104 53 104 53
104 53 104 54
104 53 105 53
113 35 112 35
113 35 113 35
113 35 113 36
113 35 114 35
96 42 95 42
96 42 96 41
96 42 96 42
96 42 96 43
96 42 97 42
106 43 105 43
106 43 106 42
106 43 106 43
106 43 107 43
118 36 117 36
118 36 118 35
118 36 118 36
118 36 118 37
118 36 119 36
101 47 100 47
101 47 101 46
101 47 101 47
101 47 101 48
101 47 102 47
108 49 107 49
108 49 108 48
108 49 108 49
108 49 108 50
108 49 109 49
110 40 109 40
110 40 110 39
110 40 110 40
110 40 110 41
110 40 111 40
117 49 116 49
117 49 117 48
117 49 117 49
117 49 117 50
117 49 118 49
116 50 115 50
116 50 116 49
116 50 116 50
116 50 116 51
116 50 117 50
108 47 107 47
108 47 108 46
108 47 108 47
108 47 108 48
108 47 109 47
97 56 96 56
97 56 97 55
97 56 97 56
97 56 97 57
93 34 92 34
93 34 93 33
93 34 93 34
93 34 93 35
93 34 94 34
117 34 116 34
117 34 117 33
117 34 117 34
117 34 117 35
117 34 118 34
103 43 102 43
103 43 103 42
103 43 103 43
103 43 103 44
103 43 104 43
98 55 97 55
98 55 98 54
98 55 98 55
98 55 99 55
97 33 96 33
97 33 97 32
97 33 97 33
97 33 97 34
105 36 104 36
105 36 105 35
105 36 105 36
105 36 106 36
97 59 96 59
97 59 97 58
97 59 97 59
106 42 105 42
106 42 106 41
106 42 106 42
106 42 106 43
106 42 107 42
94 31 93 31
94 31 94 30
94 31 94 31
94 31 94 32
94 31 95 31
106 39 106 39
106 39 106 40
106 39 107 39
111 36 110 36
111 36 111 35
111 36 111 36
111 36 111 37
111 36 112 36
101 49 100 49
101 49 101 48
101 49 101 49
101 49 101 50
101 49 102 49
99 42 98 42
99 42 99 41
99 42 99 42
99 42 99 43
99 42 100 42
106 51 106 50
106 51 106 51
106 51 106 52
106 51 107 51
100 52 99 52
100 52 100 51
100 52 100 52
100 52 101 52
104 51 103 51
104 51 104 50
104 51 104 51
104 51 104 52
93 36 92 36
93 36 93 35
93 36 93 36
93 36 93 37
93 36 94 36
116 36 116 35
116 36 116 36
116 36 116 37
116 36 117 36
118 54 117 54
118 54 118 53
118 54 118 54
118 54 118 55
118 54 119 54
100 49 99 49
100 49 100 48
100 49 100 49
100 49 100 50
100 49 101 49
119 58 118 58
119 58 119 57
119 58 119 58
119 58 119 59
95 32 94 32
95 32 95 31
95 32 95 32
95 32 95 33
95 32 96 32
116 59 115 59
116 59 116 58
116 59 116 59
116 59 117 59
107 35 106 35
107 35 107 35
107 35 107 36
107 35 108 35
102 35 101 35
102 35 102 35
102 35 102 36
102 35 103 35
116 42 115 42
116 42 116 41
116 42 116 42
116 42 116 43
116 42 117 42
98 36 97 36
98 36 98 35
98 36 98 36
98 36 98 37
98 36 99 36
96 38 95 38
96 38 96 37
96 38 96 38
96 38 96 39
96 38 97 38
92 56 91 56
92 56 92 55
92 56 92 56
92 56 92 57
92 56 93 56
91 36 90 36
91 36 91 35
91 36 91 36
91 36 91 37
91 36 92 36
94 34 93 34
94 34 94 33
94 34 94 34
94 34 94 35
113 36 112 36
113 36 113 35
113 36 113 36
113 36 113 37
113 36 114 36
113 45 112 45
113 45 113 44
113 45 113 45
113 45 113 46
113 45 114 45
91 55 90 55
91 55 91 54
91 55 91 55
91 55 91 56
91 55 92 55
92 57 91 57
92 57 92 56
92 57 92 57
92 57 92 58
92 57 93 57
118 56 117 56
118 56 118 55
118 56 118 56
118 56 118 57
118 56 119 56
91 56 90 56
91 56 91 55
91 56 91 56
91 56 91 57
91 56 92 56
96 35 95 35
96 35 96 35
96 35 96 36
96 35 97 35
117 45 116 45
117 45 117 44
117 45 117 45
117 45 117 46
117 45 118 45
112 42 111 42
112 42 112 41
112 42 112 42
112 42 112 43
112 42 113 42
94 35 93 35
94 35 94 34
94 35 94 35
94 35 94 36
94 35 95 35
90 33 90 32
90 33 90 33
90 33 90 34
90 33 91 33
95 41 95 40
95 41 95 41
95 41 95 42
95 41 96 41
116 56 115 56
116 56 116 55
116 56 116 56
116 56 116 57
116 56 117 56
104 35 103 35
104 35 104 35
104 35 104 36
104 35 105 35
95 42 95 41
95 42 95 42
95 42 95 43
95 42 96 42
111 52 110 52
111 52 111 51
111 52 111 52
111 52 111 53
111 52 112 52
95 49 95 48
95 49 95 49
95 49 95 50
95 49 96 49
103 47 102 47
103 47 103 46
103 47 103 47
103 47 103 48
103 47 104 47
101 35 100 35
101 35 101 35
101 35 101 36
101 35 102 35
102 36 101 36
102 36 102 35
102 36 102 36
102 36 102 37
102 36 103 36
114 57 114 56
114 57 114 57
114 57 114 58
114 57 115 57
96 59 95 59
96 59 96 58
96 59 96 59
96 59 97 59
119 59 118 59
119 59 119 58
119 59 119 59
92 55 91 55
92 55 92 54
92 55 92 55
92 55 92 56
92 55 93 55
119 43 118 43
119 43 119 42
119 43 119 43
119 43 119 44
95 44 95 43
95 44 95 44
95 44 95 45
95 44 96 44
119 51 118 51
119 51 119 50
119 51 119 51
119 51 119 52
95 59 94 59
95 59 95 58
95 59 95 59
95 59 96 59
111 46 110 46
111 46 111 45
111 46 111 46
111 46 111 47
111 46 112 46
102 54 101 54
102 54 102 53
102 54 102 54
102 54 102 55
102 54 103 54
92 54 91 54
92 54 92 54
92 54 92 55
92 54 93 54
115 56 114 56
115 56 115 55
115 56 115 56
115 56 115 57
115 56 116 56
116 33 115 33
116 33 116 32
116 33 116 33
116 33 116 34
116 33 117 33
93 56 92 56
93 56 93 55
93 56 93 56
93 56 93 57
93 56 94 56
104 48 103 48
104 48 104 47
104 48 104 48
104 48 104 49
119 57 118 57
119 57 119 56
119 57 119 57
119 57 119 58
98 43 97 43
98 43 98 42
98 43 98 43
98 43 98 44
98 43 99 43
100 54 100 54
100 54 100 55
100 54 101 54
117 44 116 44
117 44 117 43
117 44 117 44
117 44 117 45
117 44 118 44
114 39 113 39
114 39 114 38
114 39 114 39
114 39 114 40
114 39 115 39
104 55 103 55
104 55 104 54
104 55 104 55
104 55 105 55
96 50 95 50
96 50 96 49
96 50 96 50
96 50 96 51
108 36 107 36
108 36 108 35
108 36 108 36
108 36 108 37
111 54 110 54
111 54 111 53
111 54 111 54
111 54 111 55
111 54 112 54
97 49 96 49
97 49 97 48
97 49 97 49
97 49 98 49
115 35 114 35
115 35 115 34
115 35 115 35
115 35 116 35
103 49 102 49
103 49 103 48
103 49 103 49
103 49 103 50
103 49 104 49
101 40 100 40
101 40 101 39
101 40 101 40
101 40 101 41
101 40 102 40
100 42 99 42
100 42 100 41
100 42 100 42
100 42 100 43
100 42 101 42
96 56 95 56
96 56 96 55
96 56 96 56
96 56 96 57
96 56 97 56
113 47 112 47
113 47 113 46
113 47 113 47
113 47 113 48
113 47 114 47
114 34 114 33
114 34 114 34
114 34 114 35
114 34 115 34
119 30 118 30
119 30 119 30
119 30 119 31
96 44 95 44
96 44 96 43
96 44 96 44
96 44 96 45
96 44 97 44
113 41 112 41
113 41 113 40
113 41 113 41
113 41 113 42
113 41 114 41
115 51 114 51
115 51 115 50
115 51 115 51
115 51 115 52
115 51 116 51
115 49 115 48
115 49 115 49
115 49 115 50
115 49 116 49
93 30 92 30
93 30 93 30
93 30 93 31
93 30 94 30
99 47 98 47
99 47 99 46
99 47 99 47
99 47 99 48
99 47 100 47
105 49 104 49
105 49 105 49
105 49 105 50
105 49 106 49
109 38 108 38
109 38 109 37
109 38 109 38
109 38 109 39
109 38 110 38
98 49 97 49
98 49 98 48
98 49 98 49
98 49 98 50
98 49 99 49
101 46 100 46
101 46 101 45
101 46 101 46
101 46 101 47
101 46 102 46
114 55 113 55
114 55 114 54
114 55 114 55
114 55 114 56
114 55 115 55
102 47 101 47
102 47 102 46
102 47 102 47
102 47 102 48
102 47 103 47
101 54 100 54
101 54 101 53
101 54 101 54
101 54 101 55
101 54 102 54
119 41 118 41
119 41 119 40
119 41 119 41
119 41 119 42
114 54 113 54
114 54 114 53
114 54 114 54
114 54 114 55
96 40 95 40
96 40 96 39
96 40 96 40
96 40 96 41
96 40 97 40
117 57 116 57
117 57 117 56
117 57 117 57
117 57 117 58
117 57 118 57
119 46 118 46
119 46 119 45
119 46 119 46
119 46 119 47
106 52 105 52
106 52 106 51
106 52 106 52
106 52 106 53
106 52 107 52
109 52 108 52
109 52 109 51
109 52 109 52
109 52 109 53
109 52 110 52
117 50 116 50
117 50 117 49
117 50 117 50
117 50 117 51
117 50 118 50
103 55 102 55
103 55 103 54
103 55 103 55
103 55 104 55
96 37 95 37
96 37 96 36
96 37 96 37
96 37 96 38
96 37 97 37
95 51 95 50
95 51 95 51
95 51 95 52
95 51 96 51
101 38 100 38
101 38 101 37
101 38 101 38
101 38 101 39
101 38 102 38
114 36 113 36
114 36 114 35
114 36 114 36
114 36 114 37
107 40 106 40
107 40 107 39
107 40 107 40
107 40 107 41
107 40 108 40
111 35 110 35
111 35 111 35
111 35 111 36
111 35 112 35
99 49 98 49
99 49 99 48
99 49 99 49
99 49 99 50
99 49 100 49
103 52 102 52
103 52 103 51
103 52 103 52
103 52 103 53
103 52 104 52
95 53 95 52
95 53 95 53
95 53 95 54
95 53 96 53
94 59 93 59
94 59 94 58
94 59 94 59
94 59 95 59
111 40 110 40
111 40 111 39
111 40 111 40
111 40 111 41
111 40 112 40
96 55 95 55
96 55 96 54
96 55 96 55
96 55 96 56
96 55 97 55
116 41 115 41
116 41 116 40
116 41 116 41
116 41 116 42
116 41 117 41
96 58 95 58
96 58 96 57
96 58 96 58
96 58 96 59
96 58 97 58
109 39 108 39
109 39 109 38
109 39 109 39
109 39 109 40
109 39 110 39
104 52 103 52
104 52 104 51
104 52 104 52
104 52 104 53
104 52 105 52
116 47 115 47
116 47 116 46
116 47 116 47
116 47 116 48
116 47 117 47
102 53 101 53
102 53 102 52
102 53 102 53
102 53 102 54
102 53 103 53
118 58 117 58
118 58 118 57
118 58 118 58
118 58 118 59
118 58 119 58
111 44 110 44
111 44 111 43
111 44 111 44
111 44 111 45
111 44 112 44
105 43 104 43
105 43 105 42
105 43 105 43
105 43 105 44
105 43 106 43
94 36 93 36
94 36 94 35
94 36 94 36
94 36 94 37
94 36 95 36
100 36 99 36
100 36 100 35
100 36 100 36
100 36 100 37
100 36 101 36
95 37 94 37
95 37 95 36
95 37 95 37
95 37 95 38
95 37 96 37
106 37 106 36
106 37 106 37
106 37 107 37
90 55 90 54
90 55 90 55
90 55 90 56
90 55 91 55
106 36 105 36
106 36 106 35
106 36 106 36
106 36 106 37
106 36 107 36
114 41 113 41
114 41 114 40
114 41 114 41
114 41 114 42
114 41 115 41
116 51 115 51
116 51 116 50
116 51 116 51
116 51 116 52
116 51 117 51
106 49 105 49
106 49 106 48
106 49 106 49
106 49 106 50
106 49 107 49
104 36 103 36
104 36 104 35
104 36 104 36
104 36 104 37
104 36 105 36
110 44 109 44
110 44 110 43
110 44 110 44
110 44 110 45
110 44 111 44
111 39 110 39
111 39 111 39
111 39 111 40
111 39 112 39
101 36 100 36
101 36 101 35
101 36 101 36
101 36 101 37
101 36 102 36
115 32 114 32
115 32 115 31
115 32 115 32
115 32 115 33
115 32 116 32
95 55 94 55
95 55 95 54
95 55 95 55
95 55 95 56
95 55 96 55
99 43 98 43
99 43 99 42
99 43 99 43
99 43 99 44
99 43 100 43
104 54 103 54
104 54 104 53
104 54 104 54
104 54 104 55
104 54 105 54
96 31 95 31
96 31 96 30
96 31 96 31
96 31 96 32
96 31 97 31
111 42 110 42
111 42 111 41
111 42 111 42
111 42 111 43
111 42 112 42
97 58 96 58
97 58 97 57
97 58 97 58
97 58 97 59
95 52 95 51
95 52 95 52
95 52 95 53
95 52 96 52
107 51 106 51
107 51 107 50
107 51 107 51
107 51 107 52
107 51 108 51
114 59 114 58
114 59 114 59
114 59 115 59
93 35 92 35
93 35 93 34
93 35 93 35
93 35 93 36
93 35 94 35
108 48 107 48
108 48 108 47
108 48 108 48
108 48 108 49
108 48 109 48
111 49 110 49
111 49 111 48
111 49 111 49
111 49 111 50
111 49 112 49
114 50 113 50
114 50 114 50
114 50 114 51
114 50 115 50
105 47 104 47
105 47 105 47
105 47 106 47
107 54 106 54
107 54 107 53
107 54 107 54
107 54 107 55
107 54 108 54
97 31 96 31
97 31 97 30
97 31 97 31
97 31 97 32
104 50 103 50
104 50 104 49
104 50 104 50
104 50 104 51
104 50 105 50
97 44 96 44
97 44 97 43
97 44 97 44
97 44 97 45
97 44 98 44
117 56 116 56
117 56 117 55
117 56 117 56
117 56 117 57
117 56 118 56
111 51 110 51
111 51 111 50
111 51 111 51
111 51 111 52
111 51 112 51
95 38 95 37
95 38 95 38
95 38 95 39
95 38 96 38
95 43 95 42
95 43 95 43
95 43 95 44
95 43 96 43
97 30 96 30
97 30 97 30
97 30 97 31
100 48 99 48
100 48 100 47
100 48 100 48
100 48 100 49
100 48 101 48
98 35 97 35
98 35 98 35
98 35 98 36
98 35 99 35
107 52 106 52
107 52 107 51
107 52 107 52
107 52 107 53
107 52 108 52
115 42 114 42
115 42 115 41
115 42 115 42
115 42 115 43
115 42 116 42
118 55 117 55
118 55 118 54
118 55 118 55
118 55 118 56
118 55 119 55
113 43 112 43
113 43 113 42
113 43 113 43
113 43 113 44
113 43 114 43
94 37 93 37
94 37 94 36
94 37 94 37
94 37 95 37
95 54 95 53
95 54 95 54
95 54 95 55
95 54 96 54
109 35 108 35
109 35 109 35
109 35 110 35
110 55 109 55
110 55 110 54
110 55 110 55
110 55 111 55
109 43 108 43
109 43 109 42
109 43 109 43
109 43 109 44
109 43 110 43
117 30 116 30
117 30 117 30
117 30 117 31
117 30 118 30
111 48 110 48
111 48 111 47
111 48 111 48
111 48 111 49
111 48 112 48
112 45 111 45
112 45 112 44
112 45 112 45
112 45 112 46
112 45 113 45
114 33 114 32
114 33 114 33
114 33 114 34
114 33 115 33
119 36 118 36
119 36 119 35
119 36 119 36
119 36 119 37
110 41 109 41
110 41 110 40
110 41 110 41
110 41 110 42
110 41 111 41
105 45 104 45
105 45 105 44
105 45 105 45
117 38 116 38
117 38 117 37
117 38 117 38
117 38 117 39
117 38 118 38
114 37 113 37
114 37 114 36
114 37 114 37
114 37 114 38
114 37 115 37
100 46 99 46
100 46 100 45
100 46 100 46
100 46 100 47
100 46 101 46
117 35 116 35
117 35 117 34
117 35 117 35
117 35 117 36
117 35 118 35
101 45 100 45
101 45 101 44
101 45 101 45
101 45 101 46
101 45 102 45
102 48 101 48
102 48 102 47
102 48 102 48
102 48 102 49
102 48 103 48
103 40 102 40
103 40 103 39
103 40 103 40
103 40 103 41
103 40 104 40
105 54 104 54
105 54 105 53
105 54 105 54
105 54 105 55
105 54 106 54
97 41 96 41
97 41 97 40
97 41 97 41
97 41 97 42
97 41 98 41
106 54 105 54
106 54 106 53
106 54 106 54
106 54 106 55
106 54 107 54
118 49 117 49
118 49 118 48
118 49 118 49
118 49 118 50
118 49 119 49
100 51 99 51
100 51 100 50
100 51 100 51
100 51 100 52
100 51 101 51
97 35 96 35
97 35 97 34
97 35 97 35
97 35 97 36
97 35 98 35
110 46 109 46
110 46 110 45
110 46 110 46
110 46 110 47
110 46 111 46
119 44 118 44
119 44 119 43
119 44 119 44
119 44 119 45
116 31 115 31
116 31 116 30
116 31 116 31
116 31 116 32
116 31 117 31
109 53 108 53
109 53 109 52
109 53 109 53
109 53 110 53
111 47 110 47
111 47 111 46
111 47 111 47
111 47 111 48
111 47 112 47
110 53 109 53
110 53 110 52
110 53 110 53
110 53 110 54
110 53 111 53
103 45 102 45
103 45 103 44
103 45 103 45
103 45 103 46
103 45 104 45
103 48 102 48
103 48 103 47
103 48 103 48
103 48 103 49
103 48 104 48
118 42 117 42
118 42 118 41
118 42 118 42
118 42 118 43
118 42 119 42
115 34 114 34
115 34 115 33
115 34 115 34
115 34 115 35
115 34 116 34
119 39 118 39
119 39 119 38
119 39 119 39
119 39 119 40
98 45 97 45
98 45 98 44
98 45 98 45
98 45 98 46
98 45 99 45
117 52 116 52
117 52 117 51
117 52 117 52
117 52 117 53
117 52 118 52
117 53 116 53
117 53 117 52
117 53 117 53
117 53 117 54
117 53 118 53
95 40 95 39
95 40 95 40
95 40 95 41
95 40 96 40
101 55 100 55
101 55 101 54
101 55 101 55
101 55 102 55
116 43 115 43
116 43 116 42
116 43 116 43
116 43 116 44
116 43 117 43
114 47 113 47
114 47 114 46
114 47 114 47
114 47 114 48
114 47 115 47
109 48 108 48
109 48 109 47
109 48 109 48
109 48 109 49
109 48 110 48
96 53 95 53
96 53 96 52
96 53 96 53
96 53 96 54
96 53 97 53
99 40 98 40
99 40 99 39
99 40 99 40
99 40 99 41
99 40 100 40
95 35 94 35
95 35 95 35
95 35 95 36
95 35 96 35
93 55 92 55
93 55 93 54
93 55 93 55
93 55 93 56
93 55 94 55
117 39 117 38
117 39 117 39
117 39 117 40
117 39 118 39
92 59 91 59
92 59 92 58
92 59 92 59
92 59 93 59
113 44 112 44
113 44 113 43
113 44 113 44
113 44 113 45
113 44 114 44
92 58 91 58
92 58 92 57
92 58 92 58
92 58 92 59
92 58 93 58
109 37 108 37
109 37 109 37
109 37 109 38
109 37 110 37
105 44 104 44
105 44 105 43
105 44 105 44
105 44 105 45
99 35 98 35
99 35 99 35
99 35 99 36
99 35 100 35
113 55 112 55
113 55 113 54
113 55 113 55
113 55 114 55
97 34 97 33
97 34 97 34
97 34 97 35
91 35 90 35
91 35 91 34
91 35 91 35
91 35 91 36
91 35 92 35
92 34 91 34
92 34 92 33
92 34 92 34
92 34 92 35
92 34 93 34
106 40 105 40
106 40 106 39
106 40 106 40
106 40 106 41
106 40 107 40
107 38 107 37
107 38 107 38
107 38 107 39
107 38 108 38
91 54 90 54
91 54 91 54
91 54 91 55
91 54 92 54
95 57 94 57
95 57 95 56
95 57 95 57
95 57 95 58
95 57 96 57
101 42 100 42
101 42 101 41
101 42 101 42
101 42 101 43
101 42 102 42
111 43 110 43
111 43 111 42
111 43 111 43
111 43 111 44
111 43 112 43
115 48 114 48
115 48 115 47
115 48 115 48
115 48 115 49
115 48 116 48
96 33 95 33
96 33 96 32
96 33 96 33
96 33 97 33
104 47 103 47
104 47 104 46
104 47 104 47
104 47 104 48
104 47 105 47
94 57 93 57
94 57 94 56
94 57 94 57
94 57 94 58
94 57 95 57
104 38 103 38
104 38 104 37
104 38 104 38
104 38 104 39
104 38 105 38
102 40 101 40
102 40 102 39
102 40 102 40
102 40 102 41
102 40 103 40
104 49 103 49
104 49 104 48
104 49 104 49
104 49 104 50
104 49 105 49
95 50 95 49
95 50 95 50
95 50 95 51
95 50 96 50
98 54 97 54
98 54 98 53
98 54 98 54
98 54 98 55
101 37 100 37
101 37 101 36
101 37 101 37
101 37 101 38
101 37 102 37
108 54 107 54
108 54 108 53
108 54 108 54
108 54 108 55
110 54 110 53
110 54 110 54
110 54 110 55
110 54 111 54
119 52 118 52
119 52 119 51
119 52 119 52
119 52 119 53
102 46 101 46
102 46 102 45
102 46 102 46
102 46 102 47
102 46 103 46
93 37 92 37
93 37 93 36
93 37 93 37
93 37 94 37
108 52 107 52
108 52 108 51
108 52 108 52
108 52 108 53
108 52 109 52
108 43 107 43
108 43 108 42
108 43 108 43
108 43 108 44
108 43 109 43
96 54 95 54
96 54 96 53
96 54 96 54
96 54 96 55
96 54 97 54
94 56 93 56
94 56 94 55
94 56 94 56
94 56 94 57
94 56 95 56
118 47 117 47
118 47 118 46
118 47 118 47
118 47 118 48
118 47 119 47
112 50 111 50
112 50 112 49
112 50 112 50
112 50 112 51
112 50 113 50
115 40 114 40
115 40 115 39
115 40 115 40
115 40 115 41
115 40 116 40
111 55 110 55
111 55 111 54
111 55 111 55
111 55 112 55
115 52 114 52
115 52 115 51
115 52 115 52
115 52 115 53
115 52 116 52
97 48 96 48
97 48 97 47
97 48 97 48
97 48 97 49
97 48 98 48
98 48 97 48
98 48 98 47
98 48 98 48
98 48 98 49
98 48 99 48
114 44 113 44
114 44 114 43
114 44 114 44
114 44 114 45
114 44 115 44
112 41 111 41
112 41 112 40
112 41 112 41
112 41 112 42
112 41 113 41
118 44 117 44
118 44 118 43
118 44 118 44
118 44 118 45
118 44 119 44
92 37 91 37
92 37 92 36
92 37 92 37
92 37 93 37
112 40 111 40
112 40 112 39
112 40 112 40
112 40 112 41
112 40 113 40
93 59 92 59
93 59 93 58
93 59 93 59
93 59 94 59
98 42 97 42
98 42 98 41
98 42 98 42
98 42 98 43
98 42 99 42
104 42 103 42
104 42 104 41
104 42 104 42
104 42 104 43
104 42 105 42
97 55 96 55
97 55 97 54
97 55 97 55
97 55 97 56
97 55 98 55
96 30 95 30
96 30 96 30
96 30 96 31
96 30 97 30
97 52 96 52
97 52 97 51
97 52 97 52
97 52 97 53
97 52 98 52
119 54 118 54
119 54 119 53
119 54 119 54
119 54 119 55
100 38 99 38
100 38 100 37
100 38 100 38
100 38 100 39
100 38 101 38
96 57 95 57
96 57 96 56
96 57 96 57
96 57 96 58
96 57 97 57
91 31 90 31
91 31 91 31
91 31 92 31
99 52 98 52
99 52 99 51
99 52 99 52
99 52 99 53
99 52 100 52
114 46 113 46
114 46 114 45
114 46 114 46
114 46 114 47
114 46 115 46
117 40 116 40
117 40 117 39
117 40 117 40
117 40 117 41
117 40 118 40
116 32 115 32
116 32 116 31
116 32 116 32
116 32 116 33
116 32 117 32
100 37 100 36
100 37 100 37
100 37 100 38
100 37 101 37
99 41 98 41
99 41 99 40
99 41 99 41
99 41 99 42
99 41 100 41
115 46 114 46
115 46 115 45
115 46 115 46
115 46 115 47
115 46 116 46
107 43 106 43
107 43 107 42
107 43 107 43
107 43 107 44
107 43 108 43
108 38 107 38
108 38 108 37
108 38 108 38
108 38 108 39
108 38 109 38
115 55 114 55
115 55 115 55
115 55 115 56
115 55 116 55
90 34 90 33
90 34 90 34
90 34 90 35
90 34 91 34
115 57 114 57
115 57 115 56
115 57 115 57
115 57 115 58
115 57 116 57
103 37 102 37
103 37 103 36
103 37 103 37
103 37 103 38
103 37 104 37
117 41 116 41
117 41 117 40
117 41 117 41
117 41 117 42
117 41 118 41
95 58 94 58
95 58 95 57
95 58 95 58
95 58 95 59
95 58 96 58
109 45 108 45
109 45 109 44
109 45 109 45
109 45 109 46
109 45 110 45
117 43 116 43
117 43 117 42
117 43 117 43
117 43 117 44
117 43 118 43
113 49 112 49
113 49 113 48
113 49 113 49
113 49 113 50
105 40 104 40
105 40 105 40
105 40 105 41
105 40 106 40
109 50 108 50
109 50 109 49
109 50 109 50
109 50 109 51
109 50 110 50
100 35 99 35
100 35 100 35
100 35 100 36
100 35 101 35
112 46 111 46
112 46 112 45
112 46 112 46
112 46 112 47
112 46 113 46
114 45 113 45
114 45 114 44
114 45 114 45
114 45 114 46
114 45 115 45
98 41 97 41
98 41 98 40
98 41 98 41
98 41 98 42
98 41 99 41
114 40 113 40
114 40 114 39
114 40 114 40
114 40 114 41
114 40 115 40
114 35 113 35
114 35 114 34
114 35 114 35
114 35 114 36
114 35 115 35
98 52 97 52
98 52 98 51
98 52 98 52
98 52 98 53
98 52 99 52
107 39 106 39
107 39 107 38
107 39 107 39
107 39 107 40
107 39 108 39
98 37 97 37
98 37 98 36
98 37 98 37
102 37 101 37
102 37 102 36
102 37 102 37
102 37 102 38
102 37 103 37
112 35 111 35
112 35 112 35
112 35 112 36
112 35 113 35
103 44 102 44
103 44 103 43
103 44 103 44
103 44 103 45
103 44 104 44
103 41 102 41
103 41 103 40
103 41 103 41
103 41 103 42
103 41 104 41
113 40 112 40
113 40 113 39
113 40 113 40
113 40 113 41
113 40 114 40
109 46 108 46
109 46 109 45
109 46 109 46
109 46 109 47
109 46 110 46
98 46 97 46
98 46 98 45
98 46 98 46
98 46 98 47
98 46 99 46
105 55 104 55
105 55 105 54
105 55 105 55
105 55 106 55
95 56 94 56
95 56 95 55
95 56 95 56
95 56 95 57
95 56 96 56
117 51 116 51
117 51 117 50
117 51 117 51
117 51 117 52
117 51 118 51
116 54 116 53
116 54 116 54
116 54 116 55
116 54 117 54
101 53 101 52
101 53 101 53
101 53 101 54
101 53 102 53
116 45 115 45
116 45 116 44
116 45 116 45
116 45 116 46
116 45 117 45
115 45 114 45
115 45 115 44
115 45 115 45
115 45 115 46
115 45 116 45
112 54 111 54
112 54 112 53
112 54 112 54
112 54 112 55
112 54 113 54
104 43 103 43
104 43 104 42
104 43 104 43
104 43 104 44
104 43 105 43
116 49 115 49
116 49 116 48
116 49 116 49
116 49 116 50
116 49 117 49
99 36 98 36
99 36 99 35
99 36 99 36
99 36 100 36
114 56 114 55
114 56 114 56
114 56 114 57
114 56 115 56
104 40 103 40
104 40 104 39
104 40 104 40
104 40 104 41
104 40 105 40
100 44 99 44
100 44 100 43
100 44 100 44
100 44 100 45
100 44 101 44
103 46 102 46
103 46 103 45
103 46 103 46
103 46 103 47
103 46 104 46
92 35 91 35
92 35 92 34
92 35 92 35
92 35 92 36
92 35 93 35
112 36 111 36
112 36 112 35
112 36 112 36
112 36 112 37
112 36 113 36
95 31 94 31
95 31 95 30
95 31 95 31
95 31 95 32
95 31 96 31
97 36 96 36
97 36 97 35
97 36 97 36
97 36 97 37
97 36 98 36
95 36 94 36
95 36 95 35
95 36 95 36
95 36 95 37
95 36 96 36
92 33 91 33
92 33 92 32
92 33 92 33
92 33 92 34
92 33 93 33
115 59 114 59
115 59 115 58
115 59 115 59
115 59 116 59
108 45 107 45
108 45 108 44
108 45 108 45
108 45 108 46
108 45 109 45
119 50 118 50
119 50 119 49
119 50 119 50
119 50 119 51
115 43 114 43
115 43 115 42
115 43 115 43
115 43 115 44
115 43 116 43
119 42 118 42
119 42 119 41
119 42 119 42
119 42 119 43
113 52 112 52
113 52 113 51
113 52 113 52
113 52 113 53
113 52 114 52
106 46 106 46
106 46 106 47
106 46 107 46
119 38 118 38
119 38 119 37
119 38 119 38
119 38 119 39
107 36 106 36
107 36 107 35
107 36 107 36
107 36 107 37
107 36 108 36
94 58 93 58
94 58 94 57
94 58 94 58
94 58 94 59
94 58 95 58
115 47 114 47
115 47 115 46
115 47 115 47
115 47 115 48
115 47 116 47
113 37 112 37
113 37 113 36
113 37 113 37
113 37 113 38
113 37 114 37
108 55 107 55
108 55 108 54
108 55 108 55
108 55 109 55
110 51 109 51
110 51 110 50
110 51 110 51
110 51 110 52
110 51 111 51
109 55 108 55
109 55 109 55
109 55 110 55
119 53 118 53
119 53 119 52
119 53 119 53
119 53 119 54
119 56 118 56
119 56 119 55
119 56 119 56
119 56 119 57
97 53 96 53
97 53 97 52
97 53 97 53
97 53 97 54
97 53 98 53
113 46 112 46
113 46 113 45
113 46 113 46
113 46 113 47
113 46 114 46
99 46 98 46
99 46 99 45
99 46 99 46
99 46 99 47
99 46 100 46
116 53 115 53
116 53 116 52
116 53 116 53
116 53 116 54
116 53 117 53
98 50 98 49
98 50 98 50
98 50 98 51
98 50 99 50
117 32 116 32
117 32 117 31
117 32 117 32
117 32 117 33
117 32 118 32
103 35 102 35
103 35 103 35
103 35 103 36
103 35 104 35
97 51 96 51
97 51 97 51
97 51 97 52
97 51 98 51
116 46 115 46
116 46 116 45
116 46 116 46
116 46 116 47
116 46 117 46
119 49 118 49
119 49 119 48
119 49 119 49
119 49 119 50
95 47 95 46
95 47 95 47
95 47 95 48
95 47 96 47
115 33 114 33
115 33 115 32
115 33 115 33
115 33 115 34
115 33 116 33
102 45 101 45
102 45 102 44
102 45 102 45
102 45 102 46
102 45 103 45
114 43 113 43
114 43 114 42
114 43 114 43
114 43 114 44
114 43 115 43
118 57 117 57
118 57 118 56
118 57 118 57
118 57 118 58
118 57 119 57
99 55 98 55
99 55 99 55
99 55 100 55
118 50 117 50
118 50 118 49
118 50 118 50
118 50 118 51
118 50 119 50
115 44 114 44
115 44 115 43
115 44 115 44
115 44 115 45
115 44 116 44
99 50 98 50
99 50 99 49
99 50 99 50
99 50 99 51
99 50 100 50
117 36 116 36
117 36 117 35
117 36 117 36
117 36 117 37
117 36 118 36
107 49 106 49
107 49 107 48
107 49 107 49
107 49 107 50
107 49 108 49
115 37 114 37
115 37 115 37
115 37 115 38
115 37 116 37
99 39 98 39
99 39 99 38
99 39 99 39
99 39 99 40
99 39 100 39
119 33 118 33
119 33 119 32
119 33 119 33
119 33 119 34
105 53 104 53
105 53 105 52
105 53 105 53
105 53 105 54
105 53 106 53
97 46 96 46
97 46 97 45
97 46 97 46
97 46 97 47
97 46 98 46
107 55 106 55
107 55 107 54
107 55 107 55
107 55 108 55
114 52 113 52
114 52 114 51
114 52 114 52
114 52 114 53
114 52 115 52
119 55 118 55
119 55 119 54
119 55 119 55
119 55 119 56
99 51 98 51
99 51 99 50
99 51 99 51
99 51 99 52
99 51 100 51
116 38 115 38
116 38 116 37
116 38 116 38
116 38 117 38
114 58 114 57
114 58 114 58
114 58 114 59
114 58 115 58
107 46 106 46
107 46 107 45
107 46 107 46
107 46 107 47
107 46 108 46
112 44 111 44
112 44 112 43
112 44 112 44
112 44 112 45
112 44 113 44
110 47 109 47
110 47 110 46
110 47 110 47
110 47 110 48
110 47 111 47
104 41 103 41
104 41 104 40
104 41 104 41
104 41 104 42
104 41 105 41
118 51 117 51
118 51 118 50
118 51 118 51
118 51 118 52
118 51 119 51
117 48 116 48
117 48 117 47
117 48 117 48
117 48 117 49
117 48 118 48
92 30 92 30
92 30 92 31
92 30 93 30
107 44 107 43
107 44 107 44
107 44 107 45
107 44 108 44
118 41 117 41
118 41 118 40
118 41 118 41
118 41 118 42
118 41 119 41
105 52 104 52
105 52 105 52
105 52 105 53
105 52 106 52
113 38 112 38
113 38 113 37
113 38 113 38
113 38 113 39
113 38 114 38
110 43 109 43
110 43 110 42
110 43 110 43
110 43 110 44
110 43 111 43
95 33 94 33
95 33 95 32
95 33 95 33
95 33 96 33
116 30 115 30
116 30 116 30
116 30 116 31
116 30 117 30
108 42 107 42
108 42 108 41
108 42 108 42
108 42 108 43
108 42 109 42
93 54 92 54
93 54 93 54
93 54 93 55
100 39 99 39
100 39 100 38
100 39 100 39
100 39 100 40
100 39 101 39
113 39 112 39
113 39 113 38
113 39 113 39
113 39 113 40
113 39 114 39
117 55 116 55
117 55 117 54
117 55 117 55
117 55 117 56
117 55 118 55
97 57 96 57
97 57 97 56
97 57 97 57
97 57 97 58
98 47 97 47
98 47 98 46
98 47 98 47
98 47 98 48
98 47 99 47
113 50 112 50
113 50 113 49
113 50 113 50
113 50 113 51
113 50 114 50
103 51 102 51
103 51 103 50
103 51 103 51
103 51 103 52
103 51 104 51
110 35 109 35
110 35 110 35
110 35 110 36
110 35 111 35
117 47 116 47
117 47 117 46
117 47 117 47
117 47 117 48
117 47 118 47
108 41 107 41
108 41 108 40
108 41 108 41
108 41 108 42
108 41 109 41
116 57 115 57
116 57 116 56
116 57 116 57
116 57 116 58
116 57 117 57
111 45 110 45
111 45 111 44
111 45 111 45
111 45 111 46
111 45 112 45
107 45 107 44
107 45 107 45
107 45 107 46
107 45 108 45
109 41 108 41
109 41 109 40
109 41 109 41
109 41 109 42
109 41 110 41
101 41 100 41
101 41 101 40
101 41 101 41
101 41 101 42
101 41 102 41
103 53 102 53
103 53 103 52
103 53 103 53
103 53 103 54
103 53 104 53
103 36 102 36
103 36 103 35
103 36 103 36
103 36 103 37
103 36 104 36
106 55 105 55
106 55 106 54
106 55 106 55
106 55 107 55
112 52 111 52
112 52 112 51
112 52 112 52
112 52 112 53
112 52 113 52
100 43 99 43
100 43 100 42
100 43 100 43
100 43 100 44
100 43 101 43
