76 71 75 71
76 71 76 70
76 71 76 71
76 71 76 72
76 71 77 71
85 71 84 71
85 71 85 70
85 71 85 71
85 71 85 72
82 67 82 66
82 67 82 67
82 67 82 68
82 67 83 67
85 61 84 61
85 61 85 60
85 61 85 61
85 61 85 62
85 61 86 61
85 67 84 67
85 67 85 66
85 67 85 67
85 67 85 68
85 67 86 67
80 78 79 78
80 78 80 77
80 78 80 78
80 78 80 79
80 78 81 78
65 62 64 62
65 62 65 61
65 62 65 62
65 62 65 63
87 87 86 87
87 87 87 86
87 87 87 87
87 87 87 88
87 87 88 87
65 77 65 76
65 77 65 77
65 77 65 78
65 77 66 77
67 84 66 84
67 84 67 83
67 84 67 84
67 84 67 85
67 84 68 84
66 79 65 79
66 79 66 78
66 79 66 79
66 79 66 80
66 79 67 79
83 80 83 79
83 80 83 80
83 80 83 81
83 80 84 80
64 61 63 61
64 61 64 60
64 61 64 61
64 61 64 62
64 61 65 61
83 83 82 83
83 83 83 82
83 83 83 83
83 83 83 84
83 83 84 83
71 75 71 74
71 75 71 75
71 75 71 76
71 75 72 75
64 65 63 65
64 65 64 64
64 65 64 65
64 65 64 66
64 65 65 65
76 67 75 67
76 67 76 66
76 67 76 67
76 67 77 67
88 63 87 63
88 63 88 62
88 63 88 63
88 63 88 64
88 63 89 63
77 79 76 79
77 79 77 78
77 79 77 79
77 79 77 80
77 79 78 79
74 71 74 70
74 71 74 71
74 71 74 72
74 71 75 71
89 65 88 65
89 65 89 64
89 65 89 65
89 65 89 66
84 89 84 88
84 89 84 89
84 89 85 89
85 86 84 86
85 86 85 85
85 86 85 86
85 86 85 87
85 86 86 86
79 73 78 73
79 73 79 72
79 73 79 73
79 73 79 74
79 73 80 73
64 86 63 86
64 86 64 85
64 86 64 86
64 86 64 87
64 86 65 86
79 77 78 77
79 77 79 76
79 77 79 77
79 77 79 78
79 77 80 77
71 78 70 78
71 78 71 77
71 78 71 78
71 78 71 79
71 78 72 78
85 77 84 77
85 77 85 76
85 77 85 77
85 77 85 78
84 70 83 70
84 70 84 69
84 70 84 70
84 70 84 71
84 70 85 70
79 82 78 82
79 82 79 81
79 82 79 82
79 82 79 83
79 82 80 82
67 86 66 86
67 86 67 85
67 86 67 86
67 86 67 87
72 81 71 81
72 81 72 80
72 81 72 81
72 81 72 82
72 81 73 81
84 65 83 65
84 65 84 64
84 65 84 65
84 65 84 66
84 65 85 65
77 67 76 67
77 67 77 66
77 67 77 67
77 67 77 68
77 67 78 67
77 85 77 84
77 85 77 85
77 85 78 85
63 61 62 61
63 61 63 60
63 61 63 61
63 61 63 62
63 61 64 61
62 63 61 63
62 63 62 62
62 63 62 63
62 63 62 64
62 63 63 63
81 68 80 68
81 68 81 68
81 68 81 69
81 68 82 68
79 80 78 80
79 80 79 79
79 80 79 80
79 80 79 81
79 80 80 80
83 66 82 66
83 66 83 65
83 66 83 66
83 66 83 67
83 66 84 66
83 78 82 78
83 78 83 77
83 78 83 78
83 78 83 79
83 78 84 78
61 60 60 60
61 60 61 60
61 60 61 61
61 60 62 60
64 88 63 88
64 88 64 87
64 88 64 88
64 88 65 88
86 89 85 89
86 89 86 88
86 89 86 89
86 89 87 89
65 79 65 78
65 79 65 79
65 79 65 80
65 79 66 79
88 89 87 89
88 89 88 88
88 89 88 89
88 89 89 89
66 63 65 63
66 63 66 63
66 63 66 64
66 63 67 63
69 82 68 82
69 82 69 81
69 82 69 82
69 82 69 83
69 82 70 82
68 65 67 65
68 65 68 65
68 65 68 66
68 65 69 65
86 67 85 67
86 67 86 66
86 67 86 67
73 81 72 81
73 81 73 80
73 81 73 81
73 81 73 82
73 81 74 81
71 66 70 66
71 66 71 65
71 66 71 66
71 66 71 67
71 66 72 66
74 85 73 85
74 85 74 84
74 85 74 85
74 85 75 85
67 68 66 68
67 68 67 67
67 68 67 68
67 68 67 69
67 68 68 68
71 68 70 68
71 68 71 67
71 68 71 68
71 68 71 69
71 68 72 68
78 72 77 72
78 72 78 71
78 72 78 72
78 72 78 73
78 72 79 72
86 65 85 65
86 65 86 64
86 65 86 65
86 65 86 66
86 65 87 65
67 77 66 77
67 77 67 76
67 77 67 77
67 77 67 78
65 85 64 85
65 85 65 84
65 85 65 85
65 85 65 86
65 85 66 85
84 72 83 72
84 72 84 71
84 72 84 72
84 72 84 73
84 72 85 72
86 63 85 63
86 63 86 62
86 63 86 63
86 63 86 64
86 63 87 63
62 86 61 86
62 86 62 85
62 86 62 86
62 86 62 87
62 86 63 86
74 69 73 69
74 69 74 68
74 69 74 69
74 69 74 70
74 69 75 69
75 72 74 72
75 72 75 71
75 72 75 72
75 72 75 73
75 72 76 72
67 88 66 88
67 88 67 87
67 88 67 88
67 88 67 89
78 84 77 84
78 84 78 83
78 84 78 84
78 84 78 85
78 84 79 84
76 69 75 69
76 69 76 69
76 69 76 70
76 69 77 69
87 88 86 88
87 88 87 87
87 88 87 88
87 88 87 89
87 88 88 88
84 86 84 85
84 86 84 86
84 86 84 87
84 86 85 86
65 83 65 82
65 83 65 83
65 83 65 84
65 83 66 83
78 80 77 80
78 80 78 79
78 80 78 80
78 80 78 81
78 80 79 80
71 69 70 69
71 69 71 68
71 69 71 69
71 69 71 70
71 69 72 69
74 76 73 76
74 76 74 76
74 76 74 77
74 76 75 76
85 68 84 68
85 68 85 67
85 68 85 68
85 68 85 69
85 80 84 80
85 80 85 79
85 80 85 80
85 80 85 81
88 85 87 85
88 85 88 84
88 85 88 85
88 85 88 86
88 85 89 85
77 81 76 81
77 81 77 80
77 81 77 81
77 81 77 82
77 81 78 81
71 65 70 65
71 65 71 65
71 65 71 66
71 65 72 65
68 83 67 83
68 83 68 82
68 83 68 83
68 83 68 84
68 83 69 83
85 78 84 78
85 78 85 77
85 78 85 78
85 78 85 79
65 63 64 63
65 63 65 62
65 63 65 63
65 63 65 64
65 63 66 63
82 65 81 65
82 65 82 65
82 65 82 66
82 65 83 65
61 63 60 63
61 63 61 62
61 63 61 63
61 63 61 64
61 63 62 63
73 68 72 68
73 68 73 67
73 68 73 68
73 68 73 69
73 68 74 68
81 84 80 84
81 84 81 83
81 84 81 84
81 84 81 85
81 84 82 84
88 65 87 65
88 65 88 64
88 65 88 65
88 65 88 66
88 65 89 65
87 86 86 86
87 86 87 85
87 86 87 86
87 86 87 87
87 86 88 86
62 61 61 61
62 61 62 60
62 61 62 61
62 61 62 62
62 61 63 61
79 83 78 83
79 83 79 82
79 83 79 83
79 83 79 84
79 83 80 83
89 85 88 85
89 85 89 84
89 85 89 85
89 85 89 86
67 72 66 72
67 72 67 71
67 72 67 72
67 72 67 73
67 72 68 72
83 75 82 75
83 75 83 74
83 75 83 75
83 75 83 76
83 75 84 75
63 64 62 64
63 64 63 63
63 64 63 64
63 64 63 65
63 64 64 64
79 66 78 66
79 66 79 66
79 66 79 67
79 66 80 66
73 74 72 74
73 74 73 73
73 74 73 74
73 74 73 75
73 74 74 74
66 75 65 75
66 75 66 74
66 75 66 75
66 75 66 76
66 75 67 75
72 78 71 78
72 78 72 77
72 78 72 78
72 78 72 79
72 78 73 78
84 74 83 74
84 74 84 73
84 74 84 74
84 74 84 75
84 74 85 74
77 74 77 73
77 74 77 74
77 74 77 75
77 74 78 74
74 81 73 81
74 81 74 80
74 81 74 81
74 81 74 82
74 81 75 81
72 70 71 70
72 70 72 69
72 70 72 70
72 70 72 71
72 70 73 70
66 76 65 76
66 76 66 75
66 76 66 76
66 76 66 77
66 76 67 76
65 78 65 77
65 78 65 78
65 78 65 79
65 78 66 78
74 72 73 72
74 72 74 71
74 72 74 72
74 72 75 72
75 84 74 84
75 84 75 83
75 84 75 84
75 84 75 85
75 84 76 84
73 65 72 65
73 65 73 65
73 65 73 66
73 65 74 65
85 85 84 85
85 85 85 84
85 85 85 85
85 85 85 86
85 85 86 85
67 75 66 75
67 75 67 74
67 75 67 75
67 75 67 76
67 75 68 75
75 85 74 85
75 85 75 84
75 85 75 85
64 85 63 85
64 85 64 84
64 85 64 85
64 85 64 86
64 85 65 85
69 84 68 84
69 84 69 83
69 84 69 84
69 84 69 85
69 84 70 84
87 84 86 84
87 84 87 84
87 84 87 85
87 84 88 84
70 82 69 82
70 82 70 81
70 82 70 82
70 82 71 82
65 64 64 64
65 64 65 63
65 64 65 64
65 64 65 65
65 64 66 64
61 86 60 86
61 86 61 85
61 86 61 86
61 86 61 87
61 86 62 86
85 87 84 87
85 87 85 86
85 87 85 87
85 87 85 88
85 87 86 87
67 87 66 87
67 87 67 86
67 87 67 87
67 87 67 88
83 85 82 85
83 85 83 84
83 85 83 85
83 85 84 85
89 63 88 63
89 63 89 63
89 63 89 64
61 61 60 61
61 61 61 60
61 61 61 61
61 61 61 62
61 61 62 61
85 62 84 62
85 62 85 61
85 62 85 62
85 62 85 63
85 62 86 62
65 81 65 80
65 81 65 81
65 81 65 82
65 81 66 81
77 83 76 83
77 83 77 82
77 83 77 83
77 83 77 84
77 83 78 83
68 81 67 81
68 81 68 81
68 81 68 82
68 81 69 81
85 81 84 81
85 81 85 80
85 81 85 81
85 81 85 82
61 62 60 62
61 62 61 61
61 62 61 62
61 62 61 63
61 62 62 62
78 79 77 79
78 79 78 78
78 79 78 79
78 79 78 80
78 79 79 79
69 77 69 76
69 77 69 77
69 77 69 78
69 77 70 77
85 64 84 64
85 64 85 63
85 64 85 64
85 64 85 65
85 64 86 64
85 76 84 76
85 76 85 75
85 76 85 76
85 76 85 77
65 66 64 66
65 66 65 65
65 66 65 66
65 66 65 67
65 66 66 66
69 67 68 67
69 67 69 66
69 67 69 67
69 67 69 68
69 67 70 67
77 68 77 67
77 68 77 68
77 68 77 69
77 68 78 68
76 82 75 82
76 82 76 81
76 82 76 82
76 82 76 83
76 82 77 82
71 74 70 74
71 74 71 73
71 74 71 74
71 74 71 75
71 74 72 74
81 83 80 83
81 83 81 83
81 83 81 84
81 83 82 83
78 66 77 66
78 66 78 65
78 66 78 66
78 66 78 67
78 66 79 66
77 72 76 72
77 72 77 71
77 72 77 72
77 72 77 73
77 72 78 72
74 68 73 68
74 68 74 67
74 68 74 68
74 68 74 69
74 68 75 68
80 75 80 74
80 75 80 75
80 75 80 76
80 75 81 75
61 65 60 65
61 65 61 64
61 65 61 65
61 65 62 65
73 83 72 83
73 83 73 82
73 83 73 83
73 83 74 83
67 67 67 66
67 67 67 67
67 67 67 68
67 67 68 67
85 88 84 88
85 88 85 87
85 88 85 88
85 88 85 89
85 88 86 88
84 66 83 66
84 66 84 65
84 66 84 66
84 66 84 67
84 66 85 66
72 82 71 82
72 82 72 81
72 82 72 82
72 82 72 83
72 82 73 82
88 64 87 64
88 64 88 63
88 64 88 64
88 64 88 65
88 64 89 64
88 84 87 84
88 84 88 84
88 84 88 85
88 84 89 84
73 70 72 70
73 70 73 69
73 70 73 70
73 70 74 70
84 75 83 75
84 75 84 74
84 75 84 75
84 75 84 76
84 75 85 75
83 74 82 74
83 74 83 73
83 74 83 74
83 74 83 75
83 74 84 74
84 73 83 73
84 73 84 72
84 73 84 73
84 73 84 74
84 73 85 73
69 78 68 78
69 78 69 77
69 78 69 78
69 78 69 79
69 78 70 78
67 71 66 71
67 71 67 70
67 71 67 71
67 71 67 72
67 71 68 71
78 65 77 65
78 65 78 65
78 65 78 66
60 60 60 60
60 60 60 61
60 60 61 60
89 89 88 89
89 89 89 88
89 89 89 89
89 84 88 84
89 84 89 84
89 84 89 85
67 60 66 60
67 60 67 60
67 60 67 61
72 83 71 83
72 83 72 82
72 83 72 83
72 83 72 84
72 83 73 83
75 71 74 71
75 71 75 70
75 71 75 71
75 71 75 72
75 71 76 71
81 70 80 70
81 70 81 69
81 70 81 70
81 70 81 71
81 70 82 70
61 84 60 84
61 84 61 84
61 84 61 85
61 84 62 84
65 87 64 87
65 87 65 86
65 87 65 87
65 87 65 88
65 87 66 87
76 75 75 75
76 75 76 75
76 75 76 76
76 75 77 75
86 86 85 86
86 86 86 85
86 86 86 86
86 86 86 87
86 86 87 86
75 66 74 66
75 66 75 65
75 66 75 66
75 66 75 67
75 66 76 66
80 74 79 74
80 74 80 73
80 74 80 74
80 74 80 75
80 74 81 74
67 64 66 64
67 64 67 63
67 64 67 64
67 64 67 65
69 83 68 83
69 83 69 82
69 83 69 83
69 83 69 84
72 77 71 77
72 77 72 76
72 77 72 77
72 77 72 78
72 77 73 77
75 65 74 65
75 65 75 65
75 65 75 66
75 65 76 65
68 75 67 75
68 75 68 74
68 75 68 75
68 75 68 76
68 75 69 75
76 70 75 70
76 70 76 69
76 70 76 70
76 70 76 71
81 65 81 65
81 65 81 66
81 65 82 65
68 85 67 85
68 85 68 84
68 85 68 85
68 85 69 85
62 65 61 65
62 65 62 64
62 65 62 65
62 65 62 66
62 65 63 65
60 63 60 62
60 63 60 63
60 63 60 64
60 63 61 63
76 80 75 80
76 80 76 79
76 80 76 80
76 80 76 81
76 80 77 80
75 73 75 72
75 73 75 73
75 73 75 74
75 73 76 73
78 74 77 74
78 74 78 73
78 74 78 74
78 74 78 75
78 74 79 74
83 81 82 81
83 81 83 80
83 81 83 81
83 81 83 82
83 81 84 81
84 76 83 76
84 76 84 75
84 76 84 76
84 76 84 77
84 76 85 76
85 65 84 65
85 65 85 64
85 65 85 65
85 65 85 66
85 65 86 65
72 85 71 85
72 85 72 84
72 85 72 85
72 85 73 85
79 76 78 76
79 76 79 76
79 76 79 77
79 76 80 76
76 84 75 84
76 84 76 83
76 84 76 84
76 84 77 84
62 87 61 87
62 87 62 86
62 87 62 87
62 87 62 88
62 87 63 87
83 68 82 68
83 68 83 67
83 68 83 68
83 68 83 69
83 68 84 68
70 81 69 81
70 81 70 80
70 81 70 81
70 81 70 82
70 81 71 81
86 88 85 88
86 88 86 87
86 88 86 88
86 88 86 89
86 88 87 88
86 62 85 62
86 62 86 61
86 62 86 62
86 62 86 63
86 62 87 62
66 65 65 65
66 65 66 64
66 65 66 65
66 65 66 66
66 65 67 65
69 85 68 85
69 85 69 84
69 85 69 85
69 85 70 85
81 85 80 85
81 85 81 84
81 85 81 85
81 85 82 85
66 60 65 60
66 60 66 60
66 60 66 61
66 60 67 60
60 64 60 63
60 64 60 64
60 64 60 65
60 64 61 64
69 81 68 81
69 81 69 80
69 81 69 81
69 81 69 82
69 81 70 81
84 77 83 77
84 77 84 76
84 77 84 77
84 77 84 78
84 77 85 77
84 69 83 69
84 69 84 68
84 69 84 69
84 69 84 70
84 69 85 69
76 72 75 72
76 72 76 71
76 72 76 72
76 72 76 73
76 72 77 72
74 84 74 83
74 84 74 84
74 84 74 85
74 84 75 84
73 73 72 73
73 73 73 72
73 73 73 73
73 73 73 74
75 80 74 80
75 80 75 79
75 80 75 80
75 80 75 81
75 80 76 80
66 84 65 84
66 84 66 83
66 84 66 84
66 84 66 85
66 84 67 84
77 71 76 71
77 71 77 71
77 71 77 72
77 71 78 71
70 71 69 71
70 71 70 70
70 71 70 71
70 71 71 71
74 80 73 80
74 80 74 79
74 80 74 80
74 80 74 81
74 80 75 80
71 71 70 71
71 71 71 70
71 71 71 71
71 71 71 72
71 71 72 71
74 70 73 70
74 70 74 69
74 70 74 70
74 70 74 71
74 70 75 70
76 83 75 83
76 83 76 82
76 83 76 83
76 83 76 84
76 83 77 83
72 84 71 84
72 84 72 83
72 84 72 84
72 84 72 85
66 82 65 82
66 82 66 81
66 82 66 82
66 82 66 83
66 82 67 82
83 69 82 69
83 69 83 68
83 69 83 69
83 69 83 70
83 69 84 69
80 82 79 82
80 82 80 81
80 82 80 82
80 82 80 83
64 66 63 66
64 66 64 65
64 66 64 66
64 66 64 67
64 66 65 66
69 73 68 73
69 73 69 72
69 73 69 73
69 73 69 74
69 73 70 73
84 67 83 67
84 67 84 66
84 67 84 67
84 67 84 68
84 67 85 67
75 78 74 78
75 78 75 77
75 78 75 78
75 78 75 79
88 86 87 86
88 86 88 85
88 86 88 86
88 86 88 87
88 86 89 86
87 61 86 61
87 61 87 60
87 61 87 61
87 61 87 62
87 61 88 61
87 85 86 85
87 85 87 84
87 85 87 85
87 85 87 86
87 85 88 85
86 60 85 60
86 60 86 60
86 60 86 61
86 60 87 60
71 73 70 73
71 73 71 72
71 73 71 73
71 73 71 74
71 73 72 73
74 83 73 83
74 83 74 82
74 83 74 83
74 83 74 84
74 83 75 83
73 80 72 80
73 80 73 80
73 80 73 81
73 80 74 80
85 82 84 82
85 82 85 81
85 82 85 82
85 82 85 83
86 66 85 66
86 66 86 65
86 66 86 66
86 66 86 67
86 66 87 66
81 74 80 74
81 74 81 73
81 74 81 74
81 74 81 75
81 74 82 74
62 84 61 84
62 84 62 84
62 84 62 85
82 75 81 75
82 75 82 74
82 75 82 75
82 75 82 76
82 75 83 75
63 67 62 67
63 67 63 66
63 67 63 67
63 67 64 67
69 79 68 79
69 79 69 78
69 79 69 79
69 79 69 80
69 79 70 79
60 61 60 60
60 61 60 61
60 61 60 62
60 61 61 61
73 78 72 78
73 78 73 77
73 78 73 78
73 78 74 78
80 84 79 84
80 84 80 83
80 84 80 84
80 84 80 85
80 84 81 84
75 70 74 70
75 70 75 69
75 70 75 70
75 70 75 71
75 70 76 70
82 83 81 83
82 83 82 82
82 83 82 83
82 83 82 84
82 83 83 83
79 69 78 69
79 69 79 69
79 69 79 70
79 69 80 69
75 79 74 79
75 79 75 78
75 79 75 79
75 79 75 80
75 79 76 79
84 82 83 82
84 82 84 81
84 82 84 82
84 82 84 83
84 82 85 82
66 83 65 83
66 83 66 82
66 83 66 83
66 83 66 84
66 83 67 83
72 75 71 75
72 75 72 74
72 75 72 75
72 75 72 76
72 75 73 75
63 86 62 86
63 86 63 85
63 86 63 86
63 86 63 87
63 86 64 86
77 80 76 80
77 80 77 79
77 80 77 80
77 80 77 81
77 80 78 80
74 82 73 82
74 82 74 81
74 82 74 82
74 82 74 83
74 82 75 82
72 71 71 71
72 71 72 70
72 71 72 71
72 71 72 72
71 72 71 71
71 72 71 72
71 72 71 73
71 72 72 72
82 78 81 78
82 78 82 77
82 78 82 78
82 78 82 79
82 78 83 78
89 64 88 64
89 64 89 63
89 64 89 64
89 64 89 65
82 76 82 75
82 76 82 76
82 76 82 77
82 76 83 76
75 81 74 81
75 81 75 80
75 81 75 81
75 81 75 82
75 81 76 81
74 74 73 74
74 74 74 74
74 74 75 74
69 71 68 71
69 71 69 70
69 71 69 71
69 71 69 72
69 71 70 71
77 69 76 69
77 69 77 68
77 69 77 69
77 69 78 69
82 70 81 70
82 70 82 69
82 70 82 70
82 70 82 71
82 70 83 70
81 78 80 78
81 78 81 77
81 78 81 78
81 78 81 79
81 78 82 78
84 79 83 79
84 79 84 78
84 79 84 79
84 79 84 80
84 79 85 79
70 80 69 80
70 80 70 79
70 80 70 80
70 80 70 81
63 88 62 88
63 88 63 87
63 88 63 88
63 88 64 88
69 65 68 65
69 65 69 65
69 65 69 66
69 65 70 65
85 66 84 66
85 66 85 65
85 66 85 66
85 66 85 67
85 66 86 66
82 79 81 79
82 79 82 78
82 79 82 79
82 79 83 79
70 65 69 65
70 65 70 65
70 65 70 66
70 65 71 65
66 80 65 80
66 80 66 79
66 80 66 80
66 80 66 81
66 80 67 80
84 60 84 60
84 60 84 61
84 60 85 60
79 85 78 85
79 85 79 84
79 85 79 85
79 85 80 85
81 69 80 69
81 69 81 68
81 69 81 69
81 69 81 70
81 69 82 69
77 82 76 82
77 82 77 81
77 82 77 82
77 82 77 83
77 82 78 82
89 87 88 87
89 87 89 86
89 87 89 87
89 87 89 88
82 73 81 73
82 73 82 72
82 73 82 73
82 73 82 74
82 73 83 73
69 76 68 76
69 76 69 75
69 76 69 76
69 76 69 77
69 76 70 76
83 76 82 76
83 76 83 75
83 76 83 76
83 76 83 77
83 76 84 76
82 69 81 69
82 69 82 68
82 69 82 69
82 69 82 70
82 69 83 69
85 70 84 70
85 70 85 69
85 70 85 70
85 70 85 71
77 66 76 66
77 66 77 65
77 66 77 66
77 66 77 67
77 66 78 66
70 78 69 78
70 78 70 77
70 78 70 78
70 78 70 79
70 78 71 78
67 61 66 61
67 61 67 60
67 61 67 61
67 61 67 62
78 75 77 75
78 75 78 74
78 75 78 75
78 75 78 76
68 72 67 72
68 72 68 71
68 72 68 72
68 72 68 73
68 72 69 72
66 74 65 74
66 74 66 73
66 74 66 74
66 74 66 75
66 74 67 74
63 63 62 63
63 63 63 62
63 63 63 63
63 63 63 64
63 63 64 63
85 75 84 75
85 75 85 74
85 75 85 75
85 75 85 76
77 78 77 77
77 78 77 78
77 78 77 79
77 78 78 78
80 81 79 81
80 81 80 80
80 81 80 81
80 81 80 82
80 81 81 81
69 80 69 79
69 80 69 80
69 80 69 81
69 80 70 80
80 72 79 72
80 72 80 71
80 72 80 72
80 72 80 73
80 72 81 72
82 84 81 84
82 84 82 83
82 84 82 84
82 84 82 85
82 84 83 84
73 85 72 85
73 85 73 85
73 85 74 85
68 84 67 84
68 84 68 83
68 84 68 84
68 84 68 85
68 84 69 84
66 69 65 69
66 69 66 68
66 69 66 69
66 69 66 70
66 69 67 69
66 87 65 87
66 87 66 86
66 87 66 87
66 87 66 88
66 87 67 87
80 79 79 79
80 79 80 78
80 79 80 79
80 79 80 80
80 79 81 79
88 87 87 87
88 87 88 86
88 87 88 87
88 87 88 88
88 87 89 87
79 72 78 72
79 72 79 71
79 72 79 72
79 72 79 73
79 72 80 72
81 80 80 80
81 80 81 79
81 80 81 80
81 80 81 81
79 67 78 67
79 67 79 66
79 67 79 67
79 67 80 67
77 76 76 76
77 76 77 75
77 76 77 76
77 76 77 77
77 76 78 76
78 67 77 67
78 67 78 66
78 67 78 67
78 67 78 68
78 67 79 67
79 74 78 74
79 74 79 73
79 74 79 74
79 74 80 74
74 66 73 66
74 66 74 65
74 66 74 66
74 66 74 67
74 66 75 66
68 76 67 76
68 76 68 75
68 76 68 76
68 76 69 76
67 80 66 80
67 80 67 79
67 80 67 80
67 80 67 81
76 81 75 81
76 81 76 80
76 81 76 81
76 81 76 82
76 81 77 81
64 64 63 64
64 64 64 63
64 64 64 64
64 64 64 65
64 64 65 64
60 88 60 87
60 88 60 88
60 88 60 89
60 88 61 88
67 83 66 83
67 83 67 82
67 83 67 83
67 83 67 84
67 83 68 83
67 82 66 82
67 82 67 81
67 82 67 82
67 82 67 83
67 82 68 82
85 72 84 72
85 72 85 71
85 72 85 72
85 72 85 73
78 85 77 85
78 85 78 84
78 85 78 85
78 85 79 85
80 71 79 71
80 71 80 70
80 71 80 71
80 71 80 72
80 71 81 71
69 74 68 74
69 74 69 73
69 74 69 74
69 74 69 75
69 74 70 74
73 75 72 75
73 75 73 74
73 75 73 75
73 75 73 76
65 71 65 70
65 71 65 71
65 71 65 72
65 71 66 71
66 78 65 78
66 78 66 77
66 78 66 78
66 78 66 79
66 78 67 78
65 69 65 69
65 69 65 70
65 69 66 69
63 85 62 85
63 85 63 85
63 85 63 86
63 85 64 85
80 77 79 77
80 77 80 76
80 77 80 77
80 77 80 78
80 77 81 77
62 62 61 62
62 62 62 61
62 62 62 62
62 62 62 63
62 62 63 62
68 71 67 71
68 71 68 70
68 71 68 71
68 71 68 72
68 71 69 71
82 71 81 71
82 71 82 70
82 71 82 71
82 71 82 72
82 71 83 71
85 63 84 63
85 63 85 62
85 63 85 63
85 63 85 64
85 63 86 63
80 66 79 66
80 66 80 66
80 66 80 67
80 66 81 66
71 70 70 70
71 70 71 69
71 70 71 70
71 70 71 71
71 70 72 70
78 83 77 83
78 83 78 82
78 83 78 83
78 83 78 84
78 83 79 83
72 66 71 66
72 66 72 65
72 66 72 66
72 66 72 67
72 66 73 66
70 85 69 85
70 85 70 84
70 85 70 85
70 85 71 85
89 86 88 86
89 86 89 85
89 86 89 86
89 86 89 87
74 78 73 78
74 78 74 77
74 78 74 78
74 78 74 79
74 78 75 78
65 86 64 86
65 86 65 85
65 86 65 86
65 86 65 87
65 86 66 86
84 63 84 62
84 63 84 63
84 63 84 64
84 63 85 63
62 66 62 65
62 66 62 66
62 66 62 67
62 66 63 66
68 73 67 73
68 73 68 72
68 73 68 73
68 73 68 74
68 73 69 73
65 80 65 79
65 80 65 80
65 80 65 81
65 80 66 80
65 70 65 69
65 70 65 70
65 70 65 71
65 70 66 70
65 75 65 74
65 75 65 75
65 75 65 76
65 75 66 75
66 72 65 72
66 72 66 71
66 72 66 72
66 72 66 73
66 72 67 72
67 79 66 79
67 79 67 78
67 79 67 79
67 79 67 80
67 79 68 79
72 65 71 65
72 65 72 65
72 65 72 66
72 65 73 65
66 86 65 86
66 86 66 85
66 86 66 86
66 86 66 87
66 86 67 86
84 78 83 78
84 78 84 77
84 78 84 78
84 78 84 79
84 78 85 78
79 71 78 71
79 71 79 70
79 71 79 71
79 71 79 72
79 71 80 71
84 84 83 84
84 84 84 83
84 84 84 84
84 84 84 85
84 84 85 84
68 66 67 66
68 66 68 65
68 66 68 66
68 66 68 67
68 66 69 66
61 87 60 87
61 87 61 86
61 87 61 87
61 87 61 88
61 87 62 87
80 67 79 67
80 67 80 66
80 67 80 67
80 67 80 68
67 73 66 73
67 73 67 72
67 73 67 73
67 73 67 74
67 73 68 73
75 83 74 83
75 83 75 82
75 83 75 83
75 83 75 84
75 83 76 83
75 67 74 67
75 67 75 66
75 67 75 67
75 67 75 68
75 67 76 67
64 62 63 62
64 62 64 61
64 62 64 62
64 62 64 63
64 62 65 62
84 83 83 83
84 83 84 82
84 83 84 83
84 83 84 84
84 83 85 83
70 70 69 70
70 70 70 69
70 70 70 70
70 70 70 71
70 70 71 70
65 72 65 71
65 72 65 72
65 72 65 73
65 72 66 72
77 75 76 75
77 75 77 74
77 75 77 75
77 75 77 76
77 75 78 75
81 75 80 75
81 75 81 74
81 75 81 75
81 75 82 75
60 85 60 84
60 85 60 85
60 85 60 86
60 85 61 85
78 78 77 78
78 78 78 77
78 78 78 78
78 78 78 79
78 78 79 78
89 67 89 66
89 67 89 67
71 82 70 82
71 82 71 81
71 82 71 82
71 82 71 83
71 82 72 82
66 81 65 81
66 81 66 80
66 81 66 81
66 81 66 82
66 81 67 81
72 72 71 72
72 72 72 71
72 72 72 72
72 72 72 73
72 72 73 72
64 60 63 60
64 60 64 60
64 60 64 61
64 60 65 60
83 65 82 65
83 65 83 65
83 65 83 66
83 65 84 65
67 89 66 89
67 89 67 88
67 89 67 89
76 66 75 66
76 66 76 65
76 66 76 66
76 66 76 67
76 66 77 66
61 88 60 88
61 88 61 87
61 88 61 88
61 88 61 89
61 88 62 88
81 73 80 73
81 73 81 72
81 73 81 73
81 73 81 74
81 73 82 73
85 69 84 69
85 69 85 68
85 69 85 69
85 69 85 70
82 74 81 74
82 74 82 73
82 74 82 74
82 74 82 75
82 74 83 74
72 67 71 67
72 67 72 66
72 67 72 67
72 67 72 68
72 67 73 67
61 85 60 85
61 85 61 84
61 85 61 85
61 85 61 86
61 85 62 85
65 76 65 75
65 76 65 76
65 76 65 77
65 76 66 76
84 62 84 61
84 62 84 62
84 62 84 63
84 62 85 62
79 79 78 79
79 79 79 78
79 79 79 79
79 79 79 80
79 79 80 79
85 89 84 89
85 89 85 88
85 89 85 89
85 89 86 89
82 72 81 72
82 72 82 71
82 72 82 72
82 72 82 73
82 72 83 72
66 66 65 66
66 66 66 65
66 66 66 66
66 66 67 66
67 69 66 69
67 69 67 68
67 69 67 69
67 69 67 70
67 70 66 70
67 70 67 69
67 70 67 70
67 70 67 71
67 70 68 70
60 62 60 61
60 62 60 62
60 62 60 63
60 62 61 62
86 64 85 64
86 64 86 63
86 64 86 64
86 64 86 65
86 64 87 64
79 78 78 78
79 78 79 77
79 78 79 78
79 78 79 79
79 78 80 78
67 78 66 78
67 78 67 77
67 78 67 78
67 78 67 79
67 78 68 78
62 67 61 67
62 67 62 66
62 67 62 67
62 67 63 67
89 88 88 88
89 88 89 87
89 88 89 88
89 88 89 89
71 85 70 85
71 85 71 84
71 85 71 85
71 85 72 85
83 73 82 73
83 73 83 72
83 73 83 73
83 73 83 74
83 73 84 73
66 89 65 89
66 89 66 88
66 89 66 89
66 89 67 89
63 65 62 65
63 65 63 64
63 65 63 65
63 65 63 66
63 65 64 65
70 84 69 84
70 84 70 84
70 84 70 85
70 84 71 84
65 74 65 73
65 74 65 74
65 74 65 75
65 74 66 74
68 70 67 70
68 70 68 70
68 70 68 71
68 70 69 70
72 69 71 69
72 69 72 68
72 69 72 69
72 69 72 70
72 69 73 69
89 61 88 61
89 61 89 60
89 61 89 61
67 62 67 61
67 62 67 62
67 62 67 63
66 71 65 71
66 71 66 70
66 71 66 71
66 71 66 72
66 71 67 71
60 86 60 85
60 86 60 86
60 86 60 87
60 86 61 86
88 61 87 61
88 61 88 60
88 61 88 61
88 61 88 62
88 61 89 61
62 85 61 85
62 85 62 84
62 85 62 85
62 85 62 86
62 85 63 85
74 67 73 67
74 67 74 66
74 67 74 67
74 67 74 68
74 67 75 67
69 72 68 72
69 72 69 71
69 72 69 72
69 72 69 73
63 62 62 62
63 62 63 61
63 62 63 62
63 62 63 63
63 62 64 62
76 76 75 76
76 76 76 75
76 76 76 76
76 76 76 77
76 76 77 76
87 63 86 63
87 63 87 62
87 63 87 63
87 63 87 64
87 63 88 63
65 88 64 88
65 88 65 87
65 88 65 88
65 88 65 89
65 88 66 88
83 82 82 82
83 82 83 81
83 82 83 82
83 82 83 83
83 82 84 82
76 77 75 77
76 77 76 76
76 77 76 77
76 77 77 77
66 70 65 70
66 70 66 69
66 70 66 70
66 70 66 71
66 70 67 70
89 66 88 66
89 66 89 65
89 66 89 66
89 66 89 67
78 81 77 81
78 81 78 80
78 81 78 81
78 81 78 82
78 81 79 81
63 66 62 66
63 66 63 65
63 66 63 66
63 66 63 67
63 66 64 66
71 79 70 79
71 79 71 78
71 79 71 79
71 79 72 79
72 68 71 68
72 68 72 67
72 68 72 68
72 68 72 69
72 68 73 68
73 66 72 66
73 66 73 65
73 66 73 66
73 66 73 67
73 66 74 66
76 79 75 79
76 79 76 79
76 79 76 80
76 79 77 79
76 73 75 73
76 73 76 72
76 73 76 73
76 73 77 73
83 70 82 70
83 70 83 69
83 70 83 70
83 70 83 71
83 70 84 70
82 77 81 77
82 77 82 76
82 77 82 77
82 77 82 78
82 77 83 77
65 84 64 84
65 84 65 83
65 84 65 84
65 84 65 85
65 84 66 84
87 65 86 65
87 65 87 64
87 65 87 65
87 65 87 66
87 65 88 65
86 61 85 61
86 61 86 60
86 61 86 61
86 61 86 62
86 61 87 61
85 60 84 60
85 60 85 60
85 60 85 61
85 60 86 60
66 85 65 85
66 85 66 84
66 85 66 85
66 85 66 86
66 85 67 85
72 74 71 74
72 74 72 73
72 74 72 74
72 74 72 75
72 74 73 74
75 77 74 77
75 77 75 76
75 77 75 77
75 77 75 78
75 77 76 77
87 60 86 60
87 60 87 60
87 60 87 61
87 60 88 60
60 89 60 88
60 89 60 89
60 89 61 89
60 65 60 64
60 65 60 65
60 65 60 66
60 65 61 65
83 84 82 84
83 84 83 83
83 84 83 84
83 84 83 85
83 84 84 84
71 77 70 77
71 77 71 76
71 77 71 77
71 77 71 78
71 77 72 77
77 65 76 65
77 65 77 65
77 65 77 66
77 65 78 65
78 71 77 71
78 71 78 70
78 71 78 71
78 71 78 72
78 71 79 71
78 77 77 77
78 77 78 76
78 77 78 77
78 77 78 78
78 77 79 77
83 79 82 79
83 79 83 78
83 79 83 79
83 79 83 80
83 79 84 79
60 84 60 84
60 84 60 85
60 84 61 84
63 87 62 87
63 87 63 86
63 87 63 87
63 87 63 88
63 87 64 87
83 67 82 67
83 67 83 66
83 67 83 67
83 67 83 68
83 67 84 67
65 61 64 61
65 61 65 60
65 61 65 61
65 61 65 62
65 61 66 61
84 71 83 71
84 71 84 70
84 71 84 71
84 71 84 72
84 71 85 71
81 79 80 79
81 79 81 78
81 79 81 79
81 79 81 80
81 79 82 79
87 62 86 62
87 62 87 61
87 62 87 62
87 62 87 63
87 62 88 62
70 73 69 73
70 73 70 73
70 73 70 74
70 73 71 73
64 84 64 84
64 84 64 85
64 84 65 84
86 87 85 87
86 87 86 86
86 87 86 87
86 87 86 88
86 87 87 87
71 84 70 84
71 84 71 83
71 84 71 84
71 84 71 85
71 84 72 84
70 77 69 77
70 77 70 76
70 77 70 77
70 77 70 78
70 77 71 77
82 82 82 81
82 82 82 82
82 82 82 83
82 82 83 82
69 66 68 66
69 66 69 65
69 66 69 66
69 66 69 67
69 66 70 66
79 84 78 84
79 84 79 83
79 84 79 84
79 84 79 85
79 84 80 84
68 74 67 74
68 74 68 73
68 74 68 74
68 74 68 75
68 74 69 74
82 85 81 85
82 85 82 84
82 85 82 85
82 85 83 85
79 70 78 70
79 70 79 69
79 70 79 70
79 70 79 71
79 70 80 70
70 74 69 74
70 74 70 73
70 74 70 74
70 74 71 74
78 76 77 76
78 76 78 75
78 76 78 76
78 76 78 77
78 76 79 76
63 60 62 60
63 60 63 60
63 60 63 61
63 60 64 60
84 61 84 60
84 61 84 61
84 61 84 62
84 61 85 61
67 76 66 76
67 76 67 75
67 76 67 76
67 76 67 77
67 76 68 76
77 73 76 73
77 73 77 72
77 73 77 73
77 73 77 74
77 73 78 73
75 69 74 69
75 69 75 68
75 69 75 69
75 69 75 70
75 69 76 69
67 74 66 74
67 74 67 73
67 74 67 74
67 74 67 75
67 74 68 74
79 81 78 81
79 81 79 80
79 81 79 81
79 81 79 82
79 81 80 81
83 72 82 72
83 72 83 71
83 72 83 72
83 72 83 73
83 72 84 72
73 69 72 69
73 69 73 68
73 69 73 69
73 69 73 70
73 69 74 69
85 73 84 73
85 73 85 72
85 73 85 73
85 73 85 74
68 78 67 78
68 78 68 78
68 78 68 79
68 78 69 78
80 68 80 67
80 68 80 68
80 68 80 69
80 68 81 68
78 73 77 73
78 73 78 72
78 73 78 73
78 73 78 74
78 73 79 73
75 76 74 76
75 76 75 75
75 76 75 76
75 76 75 77
75 76 76 76
70 79 69 79
70 79 70 78
70 79 70 79
70 79 70 80
70 79 71 79
73 76 72 76
73 76 73 75
73 76 73 76
73 76 73 77
73 76 74 76
85 83 84 83
85 83 85 82
85 83 85 83
85 83 85 84
81 66 80 66
81 66 81 65
81 66 81 66
81 66 82 66
78 70 78 69
78 70 78 70
78 70 78 71
78 70 79 70
68 67 67 67
68 67 68 66
68 67 68 67
68 67 68 68
68 67 69 67
83 71 82 71
83 71 83 70
83 71 83 71
83 71 83 72
83 71 84 71
82 68 81 68
82 68 82 67
82 68 82 68
82 68 82 69
82 68 83 68
60 67 60 66
60 67 60 67
60 67 61 67
69 75 68 75
69 75 69 74
69 75 69 75
69 75 69 76
80 70 79 70
80 70 80 69
80 70 80 70
80 70 80 71
80 70 81 70
78 69 77 69
78 69 78 68
78 69 78 69
78 69 78 70
78 69 79 69
86 85 85 85
86 85 86 84
86 85 86 85
86 85 86 86
86 85 87 85
87 64 86 64
87 64 87 63
87 64 87 64
87 64 87 65
87 64 88 64
87 66 86 66
87 66 87 65
87 66 87 66
87 66 88 66
80 80 79 80
80 80 80 79
80 80 80 80
80 80 80 81
80 80 81 80
66 88 65 88
66 88 66 87
66 88 66 88
66 88 66 89
66 88 67 88
65 67 64 67
65 67 65 66
65 67 65 67
65 82 65 81
65 82 65 82
65 82 65 83
65 82 66 82
80 73 79 73
80 73 80 72
80 73 80 73
80 73 80 74
80 73 81 73
72 79 71 79
72 79 72 78
72 79 72 79
72 79 72 80
67 65 66 65
67 65 67 64
67 65 67 65
67 65 67 66
67 65 68 65
74 79 74 78
74 79 74 79
74 79 74 80
74 79 75 79
70 67 69 67
70 67 70 66
70 67 70 67
70 67 70 68
70 67 71 67
70 69 69 69
70 69 70 68
70 69 70 69
70 69 70 70
70 69 71 69
85 79 84 79
85 79 85 78
85 79 85 79
85 79 85 80
81 77 80 77
81 77 81 77
81 77 81 78
81 77 82 77
73 82 72 82
73 82 73 81
73 82 73 82
73 82 73 83
73 82 74 82
74 77 73 77
74 77 74 76
74 77 74 77
74 77 74 78
74 77 75 77
69 68 68 68
69 68 69 67
69 68 69 68
69 68 69 69
69 68 70 68
81 81 80 81
81 81 81 80
81 81 81 81
81 81 82 81
75 68 74 68
75 68 75 67
75 68 75 68
75 68 75 69
84 85 83 85
84 85 84 84
84 85 84 85
84 85 84 86
84 85 85 85
71 83 71 82
71 83 71 83
71 83 71 84
71 83 72 83
72 76 71 76
72 76 72 75
72 76 72 76
72 76 72 77
72 76 73 76
61 64 60 64
61 64 61 63
61 64 61 64
61 64 61 65
61 64 62 64
78 82 77 82
78 82 78 81
78 82 78 82
78 82 78 83
78 82 79 82
75 75 75 74
75 75 75 75
75 75 75 76
75 75 76 75
72 80 72 79
72 80 72 80
72 80 72 81
72 80 73 80
64 63 63 63
64 63 64 62
64 63 64 63
64 63 64 64
64 63 65 63
84 88 84 87
84 88 84 88
84 88 84 89
84 88 85 88
81 72 80 72
81 72 81 71
81 72 81 72
81 72 81 73
81 72 82 72
67 81 66 81
67 81 67 80
67 81 67 81
67 81 67 82
67 81 68 81
83 77 82 77
83 77 83 76
83 77 83 77
83 77 83 78
83 77 84 77
73 67 72 67
73 67 73 66
73 67 73 67
73 67 73 68
73 67 74 67
77 84 76 84
77 84 77 83
77 84 77 84
77 84 77 85
77 84 78 84
67 66 66 66
67 66 67 65
67 66 67 66
67 66 67 67
67 66 68 66
66 61 65 61
66 61 66 60
66 61 66 61
66 61 67 61
88 62 87 62
88 62 88 61
88 62 88 62
88 62 88 63
72 73 71 73
72 73 72 72
72 73 72 73
72 73 72 74
72 73 73 73
74 65 73 65
74 65 74 65
74 65 74 66
74 65 75 65
64 67 63 67
64 67 64 66
64 67 64 67
64 67 65 67
73 72 72 72
73 72 73 72
73 72 73 73
73 72 74 72
71 81 70 81
71 81 71 81
71 81 71 82
71 81 72 81
62 64 61 64
62 64 62 63
62 64 62 64
62 64 62 65
62 64 63 64
85 84 84 84
85 84 85 83
85 84 85 84
85 84 85 85
85 84 86 84
68 82 67 82
68 82 68 81
68 82 68 82
68 82 68 83
68 82 69 82
66 68 66 68
66 68 66 69
66 68 67 68
88 88 87 88
88 88 88 87
88 88 88 88
88 88 88 89
88 88 89 88
81 71 80 71
81 71 81 70
81 71 81 71
81 71 81 72
81 71 82 71
88 66 87 66
88 66 88 65
88 66 88 66
88 66 89 66
66 73 65 73
66 73 66 72
66 73 66 73
66 73 66 74
66 73 67 73
65 89 65 88
65 89 65 89
65 89 66 89
88 60 87 60
88 60 88 60
88 60 88 61
88 60 89 60
66 77 65 77
66 77 66 76
66 77 66 77
66 77 66 78
66 77 67 77
64 87 63 87
64 87 64 86
64 87 64 87
64 87 64 88
64 87 65 87
73 77 72 77
73 77 73 76
73 77 73 77
73 77 73 78
73 77 74 77
67 85 66 85
67 85 67 84
67 85 67 85
67 85 67 86
67 85 68 85
77 77 76 77
77 77 77 76
77 77 77 77
77 77 77 78
77 77 78 77
75 74 74 74
75 74 75 73
75 74 75 74
75 74 75 75
70 68 69 68
70 68 70 67
70 68 70 68
70 68 70 69
70 68 71 68
78 68 77 68
78 68 78 67
78 68 78 68
78 68 78 69
62 60 61 60
62 60 62 60
62 60 62 61
62 60 63 60
84 68 83 68
84 68 84 67
84 68 84 68
84 68 84 69
84 68 85 68
60 66 60 65
60 66 60 66
60 66 60 67
87 89 86 89
87 89 87 88
87 89 87 89
87 89 88 89
66 64 65 64
66 64 66 63
66 64 66 64
66 64 66 65
66 64 67 64
65 65 64 65
65 65 65 64
65 65 65 65
65 65 65 66
65 65 66 65
60 87 60 86
60 87 60 87
60 87 60 88
60 87 61 87
68 79 67 79
68 79 68 78
68 79 68 79
68 79 69 79
82 66 81 66
82 66 82 65
82 66 82 66
82 66 82 67
82 66 83 66
68 68 67 68
68 68 68 67
68 68 68 68
68 68 69 68
80 76 79 76
80 76 80 75
80 76 80 76
80 76 80 77
71 76 70 76
71 76 71 75
71 76 71 76
71 76 71 77
71 76 72 76
62 89 61 89
62 89 62 88
62 89 62 89
67 63 66 63
67 63 67 62
67 63 67 63
67 63 67 64
70 66 69 66
70 66 70 65
70 66 70 66
70 66 70 67
70 66 71 66
80 69 79 69
80 69 80 68
80 69 80 69
80 69 80 70
80 69 81 69
70 76 69 76
70 76 70 76
70 76 70 77
70 76 71 76
61 89 60 89
61 89 61 88
61 89 61 89
61 89 62 89
69 69 69 68
69 69 69 69
69 69 69 70
69 69 70 69
65 60 64 60
65 60 65 60
65 60 65 61
65 60 66 60
89 60 88 60
89 60 89 60
89 60 89 61
76 65 75 65
76 65 76 65
76 65 76 66
76 65 77 65
84 87 84 86
84 87 84 87
84 87 84 88
84 87 85 87
80 83 79 83
80 83 80 82
80 83 80 83
80 83 80 84
80 83 81 83
85 74 84 74
85 74 85 73
85 74 85 74
85 74 85 75
84 81 83 81
84 81 84 80
84 81 84 81
84 81 84 82
84 81 85 81
86 84 85 84
86 84 86 84
86 84 86 85
86 84 87 84
75 82 74 82
75 82 75 81
75 82 75 82
75 82 75 83
75 82 76 82
82 81 81 81
82 81 82 81
82 81 82 82
82 81 83 81
71 67 70 67
71 67 71 66
71 67 71 67
71 67 71 68
71 67 72 67
80 85 79 85
80 85 80 84
80 85 80 85
80 85 81 85
65 73 65 72
65 73 65 73
65 73 65 74
65 73 66 73
84 80 83 80
84 80 84 79
84 80 84 80
84 80 84 81
84 80 85 80
62 88 61 88
62 88 62 87
62 88 62 88
62 88 62 89
62 88 63 88
84 64 84 63
84 64 84 64
84 64 84 65
84 64 85 64
69 70 68 70
69 70 69 69
69 70 69 70
69 70 69 71
69 70 70 70
61 67 60 67
61 67 61 67
61 67 62 67
