29 64 28 64
29 64 29 63
29 64 29 64
29 64 30 64
12 57 12 56
12 57 12 57
12 57 12 58
12 57 13 57
13 63 12 63
13 63 13 62
13 63 13 63
13 63 13 64
13 63 14 63
45 58 44 58
45 58 45 57
45 58 45 58
45 58 45 59
45 58 46 58
5 56 4 56
5 56 5 56
5 56 5 57
5 56 6 56
54 59 53 59
54 59 54 58
54 59 54 59
54 59 54 60
54 59 55 59
39 59 38 59
39 59 39 58
39 59 39 59
39 59 39 60
5 63 4 63
5 63 5 62
5 63 5 63
5 63 5 64
5 63 6 63
47 60 46 60
47 60 47 59
47 60 47 60
47 60 47 61
31 59 30 59
31 59 31 58
31 59 31 59
31 59 31 60
46 56 45 56
46 56 46 56
46 56 46 57
46 56 47 56
15 59 14 59
15 59 15 58
15 59 15 59
15 59 15 60
12 58 12 57
12 58 12 58
12 58 12 59
12 58 13 58
21 64 21 63
21 64 21 64
21 64 22 64
29 58 28 58
29 58 29 57
29 58 29 58
29 58 29 59
29 58 30 58
21 61 20 61
21 61 21 60
21 61 21 61
21 61 21 62
21 61 22 61
46 61 45 61
46 61 46 60
46 61 46 61
46 61 46 62
46 61 47 61
23 60 22 60
23 60 23 59
23 60 23 60
23 60 23 61
36 60 36 59
36 60 36 60
36 60 36 61
36 60 37 60
54 62 53 62
54 62 54 61
54 62 54 62
54 62 54 63
54 62 55 62
53 62 52 62
53 62 53 61
53 62 53 62
53 62 53 63
53 62 54 62
7 64 6 64
7 64 7 63
7 64 7 64
38 64 37 64
38 64 38 63
38 64 38 64
38 64 39 64
30 59 29 59
30 59 30 58
30 59 30 59
30 59 31 59
6 59 5 59
6 59 6 58
6 59 6 59
6 59 6 60
6 59 7 59
23 61 22 61
23 61 23 60
23 61 23 61
23 61 23 62
31 63 30 63
31 63 31 62
31 63 31 63
31 63 31 64
6 57 5 57
6 57 6 56
6 57 6 57
6 57 6 58
6 57 7 57
6 64 5 64
6 64 6 63
6 64 6 64
6 64 7 64
30 63 29 63
30 63 30 62
30 63 30 63
30 63 30 64
30 63 31 63
55 63 54 63
55 63 55 62
55 63 55 63
55 63 55 64
4 60 4 59
4 60 4 60
4 60 4 61
4 60 5 60
37 61 36 61
37 61 37 60
37 61 37 61
37 61 37 62
37 61 38 61
38 61 37 61
38 61 38 60
38 61 38 61
38 61 38 62
38 61 39 61
13 59 12 59
13 59 13 58
13 59 13 59
13 59 13 60
13 59 14 59
47 56 46 56
47 56 47 56
47 56 47 57
4 64 4 63
4 64 4 64
4 64 5 64
39 57 38 57
39 57 39 56
39 57 39 57
39 57 39 58
31 61 30 61
31 61 31 60
31 61 31 61
31 61 31 62
52 62 52 62
52 62 52 63
52 62 53 62
7 57 6 57
7 57 7 56
7 57 7 57
7 57 7 58
52 63 52 62
52 63 52 63
52 63 52 64
52 63 53 63
23 63 23 62
23 63 23 63
23 63 23 64
38 63 37 63
38 63 38 62
38 63 38 63
38 63 38 64
38 63 39 63
20 57 20 57
20 57 20 58
20 57 21 57
39 63 38 63
39 63 39 62
39 63 39 63
39 63 39 64
54 57 53 57
54 57 54 56
54 57 54 57
54 57 54 58
54 57 55 57
13 57 12 57
13 57 13 56
13 57 13 57
13 57 13 58
13 57 14 57
54 60 54 59
54 60 54 60
54 60 54 61
54 60 55 60
45 64 44 64
45 64 45 63
45 64 45 64
45 64 46 64
20 62 20 61
20 62 20 62
20 62 20 63
20 62 21 62
53 59 52 59
53 59 53 58
53 59 53 59
53 59 54 59
15 60 14 60
15 60 15 59
15 60 15 60
15 60 15 61
29 63 28 63
29 63 29 62
29 63 29 63
29 63 29 64
29 63 30 63
28 61 28 60
28 61 28 61
28 61 28 62
28 61 29 61
21 58 20 58
21 58 21 57
21 58 21 58
21 58 22 58
29 56 28 56
29 56 29 56
29 56 29 57
29 56 30 56
36 59 36 58
36 59 36 59
36 59 36 60
36 59 37 59
21 57 20 57
21 57 21 56
21 57 21 57
21 57 21 58
21 57 22 57
7 63 6 63
7 63 7 62
7 63 7 63
7 63 7 64
12 59 12 58
12 59 12 59
12 59 12 60
12 59 13 59
31 64 30 64
31 64 31 63
31 64 31 64
4 56 4 56
4 56 4 57
4 56 5 56
28 63 28 62
28 63 28 63
28 63 28 64
28 63 29 63
38 59 37 59
38 59 38 58
38 59 38 59
38 59 38 60
38 59 39 59
13 64 12 64
13 64 13 63
13 64 13 64
13 64 14 64
55 61 54 61
55 61 55 60
55 61 55 61
55 61 55 62
7 58 6 58
7 58 7 57
7 58 7 58
7 58 7 59
20 59 20 58
20 59 20 59
20 59 20 60
23 59 22 59
23 59 23 58
23 59 23 59
23 59 23 60
14 64 13 64
14 64 14 63
14 64 14 64
14 64 15 64
31 57 30 57
31 57 31 57
31 57 31 58
46 59 45 59
46 59 46 58
46 59 46 59
46 59 46 60
46 59 47 59
28 60 28 59
28 60 28 60
28 60 28 61
12 64 12 63
12 64 12 64
12 64 13 64
15 56 14 56
15 56 15 56
15 56 15 57
44 59 44 58
44 59 44 59
44 59 44 60
44 59 45 59
44 58 44 58
44 58 44 59
44 58 45 58
14 59 13 59
14 59 14 59
14 59 14 60
14 59 15 59
12 63 12 62
12 63 12 63
12 63 12 64
12 63 13 63
54 64 53 64
54 64 54 63
54 64 54 64
54 64 55 64
20 60 20 59
20 60 20 60
20 60 20 61
20 60 21 60
4 63 4 62
4 63 4 63
4 63 4 64
4 63 5 63
13 58 12 58
13 58 13 57
13 58 13 58
13 58 13 59
52 58 52 57
52 58 52 58
52 58 52 59
52 58 53 58
45 60 44 60
45 60 45 59
45 60 45 60
45 60 45 61
45 60 46 60
28 56 28 56
28 56 28 57
28 56 29 56
46 60 45 60
46 60 46 59
46 60 46 60
46 60 46 61
46 60 47 60
30 56 29 56
30 56 30 56
30 56 30 57
20 63 20 62
20 63 20 63
20 63 21 63
12 60 12 59
12 60 12 60
12 60 12 61
12 60 13 60
39 60 38 60
39 60 39 59
39 60 39 60
39 60 39 61
37 56 36 56
37 56 37 56
37 56 37 57
37 56 38 56
29 59 28 59
29 59 29 58
29 59 29 59
29 59 30 59
47 57 46 57
47 57 47 56
47 57 47 57
4 57 4 56
4 57 4 57
4 57 5 57
15 61 15 60
15 61 15 61
15 61 15 62
47 59 46 59
47 59 47 59
47 59 47 60
22 62 21 62
22 62 22 61
22 62 22 62
22 62 23 62
47 62 46 62
47 62 47 61
47 62 47 62
47 62 47 63
46 62 45 62
46 62 46 61
46 62 46 62
46 62 46 63
46 62 47 62
22 58 21 58
22 58 22 57
22 58 22 58
22 58 22 59
22 58 23 58
37 63 36 63
37 63 37 62
37 63 37 63
37 63 37 64
37 63 38 63
55 57 54 57
55 57 55 56
55 57 55 57
55 57 55 58
12 62 12 61
12 62 12 62
12 62 12 63
12 62 13 62
31 58 30 58
31 58 31 57
31 58 31 58
31 58 31 59
39 61 38 61
39 61 39 60
39 61 39 61
39 61 39 62
55 56 54 56
55 56 55 56
55 56 55 57
53 57 52 57
53 57 53 56
53 57 53 57
53 57 53 58
53 57 54 57
47 64 46 64
47 64 47 63
47 64 47 64
38 62 37 62
38 62 38 61
38 62 38 62
38 62 38 63
38 62 39 62
29 61 28 61
29 61 29 61
29 61 29 62
29 61 30 61
28 62 28 61
28 62 28 62
28 62 28 63
28 62 29 62
55 62 54 62
55 62 55 61
55 62 55 62
55 62 55 63
23 62 22 62
23 62 23 61
23 62 23 62
23 62 23 63
46 58 45 58
46 58 46 57
46 58 46 58
46 58 46 59
46 64 45 64
46 64 46 63
46 64 46 64
46 64 47 64
14 57 13 57
14 57 14 56
14 57 14 57
14 57 15 57
44 61 44 60
44 61 44 61
44 61 45 61
22 61 21 61
22 61 22 60
22 61 22 61
22 61 22 62
22 61 23 61
37 62 36 62
37 62 37 61
37 62 37 62
37 62 37 63
37 62 38 62
5 62 4 62
5 62 5 61
5 62 5 62
5 62 5 63
5 62 6 62
45 59 44 59
45 59 45 58
45 59 45 59
45 59 45 60
45 59 46 59
54 56 53 56
54 56 54 56
54 56 54 57
54 56 55 56
13 56 12 56
13 56 13 56
13 56 13 57
13 56 14 56
5 59 4 59
5 59 5 58
5 59 5 59
5 59 5 60
5 59 6 59
7 61 6 61
7 61 7 60
7 61 7 61
7 61 7 62
30 64 29 64
30 64 30 63
30 64 30 64
30 64 31 64
36 63 36 62
36 63 36 63
36 63 36 64
36 63 37 63
5 57 4 57
5 57 5 56
5 57 5 57
5 57 5 58
5 57 6 57
52 56 52 56
52 56 52 57
52 56 53 56
4 59 4 59
4 59 4 60
4 59 5 59
14 56 13 56
14 56 14 56
14 56 14 57
14 56 15 56
36 64 36 63
36 64 36 64
36 64 37 64
20 61 20 60
20 61 20 61
20 61 20 62
20 61 21 61
47 61 46 61
47 61 47 60
47 61 47 61
47 61 47 62
37 59 36 59
37 59 37 58
37 59 37 59
37 59 37 60
37 59 38 59
44 56 44 56
44 56 45 56
53 61 53 61
53 61 53 62
53 61 54 61
21 56 21 56
21 56 21 57
21 56 22 56
5 61 4 61
5 61 5 60
5 61 5 61
5 61 5 62
5 61 6 61
14 63 13 63
14 63 14 62
14 63 14 63
14 63 14 64
14 63 15 63
37 57 36 57
37 57 37 56
37 57 37 57
37 57 37 58
37 57 38 57
54 58 53 58
54 58 54 57
54 58 54 58
54 58 54 59
54 58 55 58
44 63 44 63
44 63 44 64
44 63 45 63
53 64 52 64
53 64 53 63
53 64 53 64
53 64 54 64
5 64 4 64
5 64 5 63
5 64 5 64
5 64 6 64
22 57 21 57
22 57 22 56
22 57 22 57
22 57 22 58
22 57 23 57
36 62 36 61
36 62 36 62
36 62 36 63
36 62 37 62
54 61 53 61
54 61 54 60
54 61 54 61
54 61 54 62
54 61 55 61
6 60 5 60
6 60 6 59
6 60 6 60
6 60 6 61
6 60 7 60
45 62 45 61
45 62 45 62
45 62 45 63
45 62 46 62
45 56 44 56
45 56 45 56
45 56 45 57
45 56 46 56
6 63 5 63
6 63 6 62
6 63 6 63
6 63 6 64
6 63 7 63
53 63 52 63
53 63 53 62
53 63 53 63
53 63 53 64
53 63 54 63
28 57 28 56
28 57 28 57
28 57 28 58
28 57 29 57
7 56 6 56
7 56 7 56
7 56 7 57
45 61 44 61
45 61 45 60
45 61 45 61
45 61 45 62
45 61 46 61
15 57 14 57
15 57 15 56
15 57 15 57
15 57 15 58
44 64 44 63
44 64 44 64
44 64 45 64
38 56 37 56
38 56 38 56
38 56 38 57
38 56 39 56
5 60 4 60
5 60 5 59
5 60 5 60
5 60 5 61
5 60 6 60
4 61 4 60
4 61 4 61
4 61 4 62
4 61 5 61
55 58 54 58
55 58 55 57
55 58 55 58
55 58 55 59
6 62 5 62
6 62 6 61
6 62 6 62
6 62 6 63
6 62 7 62
21 60 20 60
21 60 21 60
21 60 21 61
21 60 22 60
36 58 36 57
36 58 36 58
36 58 36 59
36 58 37 58
30 62 29 62
30 62 30 61
30 62 30 62
30 62 30 63
30 62 31 62
15 58 15 57
15 58 15 58
15 58 15 59
23 58 22 58
23 58 23 57
23 58 23 58
23 58 23 59
23 56 22 56
23 56 23 56
23 56 23 57
7 60 6 60
7 60 7 59
7 60 7 60
7 60 7 61
30 61 29 61
30 61 30 61
30 61 30 62
30 61 31 61
22 64 21 64
22 64 22 64
22 64 23 64
47 63 46 63
47 63 47 62
47 63 47 63
47 63 47 64
55 59 54 59
55 59 55 58
55 59 55 59
55 59 55 60
6 61 5 61
6 61 6 60
6 61 6 61
6 61 6 62
6 61 7 61
46 63 45 63
46 63 46 62
46 63 46 63
46 63 46 64
46 63 47 63
52 59 52 58
52 59 52 59
52 59 52 60
52 59 53 59
12 56 12 56
12 56 12 57
12 56 13 56
15 64 14 64
15 64 15 63
15 64 15 64
38 57 37 57
38 57 38 56
38 57 38 57
38 57 38 58
38 57 39 57
20 58 20 57
20 58 20 58
20 58 20 59
20 58 21 58
39 56 38 56
39 56 39 56
39 56 39 57
52 57 52 56
52 57 52 57
52 57 52 58
52 57 53 57
21 62 20 62
21 62 21 61
21 62 21 62
21 62 21 63
21 62 22 62
14 60 13 60
14 60 14 59
14 60 14 60
14 60 15 60
23 57 22 57
23 57 23 56
23 57 23 57
23 57 23 58
30 58 29 58
30 58 30 57
30 58 30 58
30 58 30 59
30 58 31 58
52 60 52 59
52 60 52 60
4 62 4 61
4 62 4 62
4 62 4 63
4 62 5 62
6 58 5 58
6 58 6 57
6 58 6 58
6 58 6 59
6 58 7 58
15 62 14 62
15 62 15 61
15 62 15 62
15 62 15 63
52 64 52 63
52 64 52 64
52 64 53 64
29 62 28 62
29 62 29 61
29 62 29 62
29 62 29 63
29 62 30 62
28 59 28 58
28 59 28 59
28 59 28 60
28 59 29 59
38 60 37 60
38 60 38 59
38 60 38 60
38 60 38 61
38 60 39 60
37 64 36 64
37 64 37 63
37 64 37 64
37 64 38 64
36 61 36 60
36 61 36 61
36 61 36 62
36 61 37 61
7 62 6 62
7 62 7 61
7 62 7 62
7 62 7 63
12 61 12 60
12 61 12 61
12 61 12 62
55 60 54 60
55 60 55 59
55 60 55 60
55 60 55 61
45 63 44 63
45 63 45 62
45 63 45 63
45 63 45 64
45 63 46 63
53 58 52 58
53 58 53 57
53 58 53 58
53 58 53 59
53 58 54 58
31 60 31 59
31 60 31 60
31 60 31 61
37 60 36 60
37 60 37 59
37 60 37 60
37 60 37 61
37 60 38 60
44 60 44 59
44 60 44 60
44 60 44 61
44 60 45 60
13 62 12 62
13 62 13 62
13 62 13 63
13 62 14 62
28 58 28 57
28 58 28 58
28 58 28 59
28 58 29 58
5 58 5 57
5 58 5 58
5 58 5 59
5 58 6 58
7 59 6 59
7 59 7 58
7 59 7 59
7 59 7 60
22 56 21 56
22 56 22 56
22 56 22 57
22 56 23 56
28 64 28 63
28 64 28 64
28 64 29 64
29 57 28 57
29 57 29 56
29 57 29 57
29 57 29 58
29 57 30 57
55 64 54 64
55 64 55 63
55 64 55 64
39 58 38 58
39 58 39 57
39 58 39 58
39 58 39 59
30 57 29 57
30 57 30 56
30 57 30 57
30 57 30 58
30 57 31 57
36 57 36 56
36 57 36 57
36 57 36 58
36 57 37 57
6 56 5 56
6 56 6 56
6 56 6 57
6 56 7 56
15 63 14 63
15 63 15 62
15 63 15 63
15 63 15 64
39 62 38 62
39 62 39 61
39 62 39 62
39 62 39 63
14 62 13 62
14 62 14 62
14 62 14 63
14 62 15 62
23 64 22 64
23 64 23 63
23 64 23 64
22 59 22 58
22 59 22 59
22 59 22 60
22 59 23 59
38 58 37 58
38 58 38 57
38 58 38 58
38 58 38 59
38 58 39 58
13 60 12 60
13 60 13 59
13 60 13 60
13 60 14 60
46 57 45 57
46 57 46 56
46 57 46 57
46 57 46 58
46 57 47 57
36 56 36 56
36 56 36 57
36 56 37 56
39 64 38 64
39 64 39 63
39 64 39 64
54 63 53 63
54 63 54 62
54 63 54 63
54 63 54 64
54 63 55 63
53 56 52 56
53 56 53 56
53 56 53 57
53 56 54 56
37 58 36 58
37 58 37 57
37 58 37 58
37 58 37 59
37 58 38 58
21 63 20 63
21 63 21 62
21 63 21 63
21 63 21 64
22 60 21 60
22 60 22 59
22 60 22 60
22 60 22 61
22 60 23 60
45 57 45 56
45 57 45 57
45 57 45 58
45 57 46 57
31 62 30 62
31 62 31 61
31 62 31 62
31 62 31 63
