23 21 22 21
23 21 23 20
23 21 23 21
23 21 23 22
23 21 24 21
30 20 29 20
30 20 30 19
30 20 30 20
30 20 31 20
24 31 24 30
24 31 24 31
24 31 25 31
21 22 20 22
21 22 21 21
21 22 21 22
21 22 21 23
31 24 30 24
31 24 31 23
31 24 31 24
31 24 31 25
23 30 22 30
23 30 23 29
23 30 23 30
23 30 24 30
19 23 19 22
19 23 19 23
19 23 19 24
28 28 27 28
28 28 28 27
28 28 28 28
28 28 28 29
28 28 29 28
24 22 23 22
24 22 24 21
24 22 24 22
24 22 24 23
31 31 30 31
31 31 31 30
31 31 31 31
24 26 23 26
24 26 24 25
24 26 24 26
24 26 24 27
24 26 25 26
21 19 20 19
21 19 21 19
21 19 21 20
21 19 22 19
26 23 26 22
26 23 26 23
26 23 26 24
26 23 27 23
20 28 19 28
20 28 20 27
20 28 20 28
20 28 20 29
30 26 29 26
30 26 30 25
30 26 30 26
30 26 30 27
16 16 16 16
16 16 16 17
16 16 17 16
30 25 29 25
30 25 30 24
30 25 30 25
30 25 30 26
30 25 31 25
26 21 25 21
26 21 26 20
26 21 26 21
26 21 26 22
26 21 27 21
20 19 19 19
20 19 20 19
20 19 20 20
20 19 21 19
27 23 26 23
27 23 27 22
27 23 27 23
27 23 27 24
18 17 17 17
18 17 18 17
18 17 18 18
18 17 19 17
27 30 26 30
27 30 27 29
27 30 27 30
27 30 27 31
27 30 28 30
26 25 25 25
26 25 26 24
26 25 26 25
26 25 26 26
26 25 27 25
25 19 24 19
25 19 25 19
25 19 25 20
29 22 28 22
29 22 29 21
29 22 29 22
29 22 29 23
29 22 30 22
21 31 20 31
21 31 21 30
21 31 21 31
21 31 22 31
20 21 19 21
20 21 20 20
20 21 20 21
20 21 20 22
20 21 21 21
19 24 19 23
19 24 19 24
19 24 19 25
19 24 20 24
26 24 25 24
26 24 26 23
26 24 26 24
26 24 26 25
26 24 27 24
28 22 27 22
28 22 28 21
28 22 28 22
28 22 29 22
23 24 22 24
23 24 23 24
23 24 23 25
23 24 24 24
29 30 28 30
29 30 29 29
29 30 29 30
29 30 29 31
29 30 30 30
19 28 19 27
19 28 19 28
19 28 19 29
19 28 20 28
24 28 23 28
24 28 24 27
24 28 24 28
24 28 24 29
24 28 25 28
20 20 19 20
20 20 20 19
20 20 20 20
20 20 20 21
20 20 21 20
25 26 24 26
25 26 25 25
25 26 25 26
25 26 25 27
25 26 26 26
25 24 24 24
25 24 25 24
25 24 25 25
25 24 26 24
16 18 16 17
16 18 16 18
16 18 16 19
17 31 16 31
17 31 17 30
17 31 17 31
17 31 18 31
27 29 26 29
27 29 27 28
27 29 27 29
27 29 27 30
27 29 28 29
19 21 19 20
19 21 19 21
19 21 19 22
19 21 20 21
21 29 20 29
21 29 21 29
21 29 21 30
31 27 30 27
31 27 31 27
31 27 31 28
28 24 27 24
28 24 28 24
28 24 28 25
28 24 29 24
18 30 17 30
18 30 18 30
18 30 18 31
18 30 19 30
31 23 30 23
31 23 31 22
31 23 31 23
31 23 31 24
20 31 19 31
20 31 20 30
20 31 20 31
20 31 21 31
19 26 19 25
19 26 19 26
19 26 19 27
19 26 20 26
31 18 30 18
31 18 31 17
31 18 31 18
31 18 31 19
30 28 29 28
30 28 30 27
30 28 30 28
30 28 30 29
30 28 31 28
29 25 28 25
29 25 29 24
29 25 29 25
29 25 29 26
29 25 30 25
25 30 24 30
25 30 25 29
25 30 25 30
25 30 25 31
25 30 26 30
20 25 19 25
20 25 20 24
20 25 20 25
20 25 20 26
20 25 21 25
29 19 29 19
29 19 29 20
29 19 30 19
25 20 24 20
25 20 25 19
25 20 25 20
25 20 25 21
25 20 26 20
30 30 29 30
30 30 30 29
30 30 30 30
30 30 30 31
30 30 31 30
17 17 16 17
17 17 17 16
17 17 17 17
17 17 18 17
30 19 29 19
30 19 30 18
30 19 30 19
30 19 30 20
30 19 31 19
23 19 22 19
23 19 23 19
23 19 23 20
23 19 24 19
18 18 18 17
18 18 18 18
18 18 18 19
18 18 19 18
24 20 23 20
24 20 24 19
24 20 24 20
24 20 24 21
24 20 25 20
19 22 19 21
19 22 19 22
19 22 19 23
19 22 20 22
22 19 21 19
22 19 22 19
22 19 22 20
22 19 23 19
26 27 25 27
26 27 26 26
26 27 26 27
26 27 26 28
26 27 27 27
19 20 19 19
19 20 19 20
19 20 19 21
19 20 20 20
29 26 29 25
29 26 29 26
29 26 29 27
29 26 30 26
29 28 28 28
29 28 29 27
29 28 29 28
29 28 29 29
29 28 30 28
27 24 26 24
27 24 27 23
27 24 27 24
27 24 27 25
27 24 28 24
21 21 20 21
21 21 21 20
21 21 21 21
21 21 21 22
21 21 22 21
16 31 16 30
16 31 16 31
16 31 17 31
26 29 25 29
26 29 26 28
26 29 26 29
26 29 26 30
26 29 27 29
28 20 27 20
28 20 28 20
28 20 28 21
28 20 29 20
25 25 24 25
25 25 25 24
25 25 25 25
25 25 25 26
25 25 26 25
22 23 21 23
22 23 22 23
22 23 22 24
19 17 18 17
19 17 19 16
19 17 19 17
19 17 19 18
30 29 29 29
30 29 30 28
30 29 30 29
30 29 30 30
30 29 31 29
27 19 27 19
27 19 27 20
21 27 20 27
21 27 21 27
21 27 22 27
21 20 20 20
21 20 21 19
21 20 21 20
21 20 21 21
21 20 22 20
19 18 18 18
19 18 19 17
19 18 19 18
19 18 19 19
24 19 23 19
24 19 24 19
24 19 24 20
24 19 25 19
27 31 26 31
27 31 27 30
27 31 27 31
27 31 28 31
21 23 21 22
21 23 21 23
21 23 22 23
23 26 22 26
23 26 23 25
23 26 23 26
23 26 23 27
23 26 24 26
27 28 26 28
27 28 27 27
27 28 27 28
27 28 27 29
27 28 28 28
30 23 29 23
30 23 30 22
30 23 30 23
30 23 30 24
30 23 31 23
31 20 30 20
31 20 31 19
31 20 31 20
24 29 23 29
24 29 24 28
24 29 24 29
24 29 24 30
24 29 25 29
24 24 23 24
24 24 24 23
24 24 24 24
24 24 24 25
24 24 25 24
19 31 18 31
19 31 19 30
19 31 19 31
19 31 20 31
24 27 23 27
24 27 24 26
24 27 24 27
24 27 24 28
24 27 25 27
31 28 30 28
31 28 31 27
31 28 31 28
31 28 31 29
19 30 18 30
19 30 19 29
19 30 19 30
19 30 19 31
19 30 20 30
30 22 29 22
30 22 30 22
30 22 30 23
30 22 31 22
28 25 27 25
28 25 28 24
28 25 28 25
28 25 29 25
25 31 24 31
25 31 25 30
25 31 25 31
25 31 26 31
28 27 27 27
28 27 28 27
28 27 28 28
28 27 29 27
26 28 25 28
26 28 26 27
26 28 26 28
26 28 26 29
26 28 27 28
20 26 19 26
20 26 20 25
20 26 20 26
20 26 20 27
29 24 28 24
29 24 29 23
29 24 29 24
29 24 29 25
29 24 30 24
19 19 18 19
19 19 19 18
19 19 19 19
19 19 19 20
19 19 20 19
31 19 30 19
31 19 31 18
31 19 31 19
31 19 31 20
25 28 24 28
25 28 25 27
25 28 25 28
25 28 25 29
25 28 26 28
22 30 21 30
22 30 22 30
22 30 22 31
22 30 23 30
23 20 22 20
23 20 23 19
23 20 23 20
23 20 23 21
23 20 24 20
27 21 26 21
27 21 27 20
27 21 27 21
27 21 27 22
27 21 28 21
19 27 19 26
19 27 19 27
19 27 19 28
19 27 20 27
24 21 23 21
24 21 24 20
24 21 24 21
24 21 24 22
24 21 25 21
29 21 28 21
29 21 29 20
29 21 29 21
29 21 29 22
26 26 25 26
26 26 26 25
26 26 26 26
26 26 26 27
26 26 27 26
20 29 19 29
20 29 20 28
20 29 20 29
20 29 20 30
20 29 21 29
23 27 22 27
23 27 23 26
23 27 23 27
23 27 23 28
23 27 24 27
30 24 29 24
30 24 30 23
30 24 30 24
30 24 30 25
30 24 31 24
24 30 23 30
24 30 24 29
24 30 24 30
24 30 24 31
24 30 25 30
20 22 19 22
20 22 20 21
20 22 20 22
20 22 21 22
28 31 27 31
28 31 28 30
28 31 28 31
28 31 29 31
19 25 19 24
19 25 19 25
19 25 19 26
19 25 20 25
17 19 16 19
17 19 17 19
17 19 18 19
30 17 30 16
30 17 30 17
30 17 30 18
30 17 31 17
25 27 24 27
25 27 25 26
25 27 25 27
25 27 25 28
25 27 26 27
18 19 17 19
18 19 18 18
18 19 18 19
18 19 19 19
26 22 26 21
26 22 26 22
26 22 26 23
26 22 27 22
22 25 21 25
22 25 22 24
22 25 22 25
22 25 22 26
22 25 23 25
24 25 23 25
24 25 24 24
24 25 24 25
24 25 24 26
24 25 25 25
26 30 25 30
26 30 26 29
26 30 26 30
26 30 26 31
26 30 27 30
28 30 27 30
28 30 28 29
28 30 28 30
28 30 28 31
28 30 29 30
23 29 23 28
23 29 23 29
23 29 23 30
23 29 24 29
21 25 20 25
21 25 21 25
21 25 22 25
29 27 28 27
29 27 29 26
29 27 29 27
29 27 29 28
29 27 30 27
29 23 29 22
29 23 29 23
29 23 29 24
29 23 30 23
22 31 21 31
22 31 22 30
22 31 22 31
30 16 30 16
30 16 30 17
28 21 27 21
28 21 28 20
28 21 28 21
28 21 28 22
28 21 29 21
16 19 16 18
16 19 16 19
16 19 17 19
26 20 25 20
26 20 26 20
26 20 26 21
26 20 27 20
23 28 23 27
23 28 23 28
23 28 23 29
23 28 24 28
22 24 22 23
22 24 22 24
22 24 22 25
22 24 23 24
27 27 26 27
27 27 27 26
27 27 27 27
27 27 27 28
27 27 28 27
16 30 16 30
16 30 16 31
16 30 17 30
21 30 20 30
21 30 21 29
21 30 21 30
21 30 21 31
21 30 22 30
31 25 30 25
31 25 31 24
31 25 31 25
27 20 26 20
27 20 27 19
27 20 27 20
27 20 27 21
27 20 28 20
17 30 16 30
17 30 17 30
17 30 17 31
17 30 18 30
20 30 19 30
20 30 20 29
20 30 20 30
20 30 20 31
20 30 21 30
31 30 30 30
31 30 31 29
31 30 31 30
31 30 31 31
29 20 28 20
29 20 29 19
29 20 29 20
29 20 29 21
29 20 30 20
31 29 30 29
31 29 31 28
31 29 31 29
31 29 31 30
23 22 23 21
23 22 23 22
23 22 24 22
30 18 30 17
30 18 30 18
30 18 30 19
30 18 31 18
31 17 30 17
31 17 31 17
31 17 31 18
27 22 26 22
27 22 27 21
27 22 27 22
27 22 27 23
27 22 28 22
25 29 24 29
25 29 25 28
25 29 25 29
25 29 25 30
25 29 26 29
27 25 26 25
27 25 27 24
27 25 27 25
27 25 27 26
27 25 28 25
30 27 29 27
30 27 30 26
30 27 30 27
30 27 30 28
30 27 31 27
19 29 19 28
19 29 19 29
19 29 19 30
19 29 20 29
30 31 29 31
30 31 30 30
30 31 30 31
30 31 31 31
23 25 22 25
23 25 23 24
23 25 23 25
23 25 23 26
23 25 24 25
29 29 28 29
29 29 29 28
29 29 29 29
29 29 29 30
29 29 30 29
26 31 25 31
26 31 26 30
26 31 26 31
26 31 27 31
28 29 27 29
28 29 28 28
28 29 28 29
28 29 28 30
28 29 29 29
16 17 16 16
16 17 16 17
16 17 16 18
16 17 17 17
29 31 28 31
29 31 29 30
29 31 29 31
29 31 30 31
27 26 26 26
27 26 27 25
27 26 27 26
27 26 27 27
22 27 21 27
22 27 22 26
22 27 22 27
22 27 23 27
19 16 19 16
19 16 19 17
22 21 21 21
22 21 22 20
22 21 22 21
22 21 23 21
17 16 16 16
17 16 17 16
17 16 17 17
20 27 19 27
20 27 20 26
20 27 20 27
20 27 20 28
20 27 21 27
20 24 19 24
20 24 20 24
20 24 20 25
22 26 22 25
22 26 22 26
22 26 22 27
22 26 23 26
24 23 24 22
24 23 24 23
24 23 24 24
31 22 30 22
31 22 31 22
31 22 31 23
25 21 24 21
25 21 25 20
25 21 25 21
25 21 26 21
22 20 21 20
22 20 22 19
22 20 22 20
22 20 22 21
22 20 23 20
18 31 17 31
18 31 18 30
18 31 18 31
18 31 19 31
