68 92 68 91
68 92 68 92
68 92 68 93
68 92 69 92
76 88 76 87
76 88 76 88
76 88 76 89
76 88 77 88
71 87 70 87
71 87 71 86
71 87 71 87
71 87 71 88
71 90 70 90
71 90 71 89
71 90 71 90
71 90 71 91
78 88 77 88
78 88 78 88
78 88 78 89
78 88 79 88
77 89 76 89
77 89 77 88
77 89 77 89
77 89 77 90
77 89 78 89
78 89 77 89
78 89 78 88
78 89 78 89
78 89 78 90
78 89 79 89
77 90 76 90
77 90 77 89
77 90 77 90
77 90 77 91
77 90 78 90
78 86 77 86
78 86 78 86
78 86 79 86
79 92 78 92
79 92 79 92
79 92 79 93
70 87 69 87
70 87 70 86
70 87 70 87
70 87 70 88
70 87 71 87
79 87 79 86
79 87 79 87
79 87 79 88
76 91 76 90
76 91 76 91
76 91 76 92
76 91 77 91
76 87 76 86
76 87 76 87
76 87 76 88
76 87 77 87
79 89 78 89
79 89 79 88
79 89 79 89
79 89 79 90
68 89 68 88
68 89 68 89
68 89 68 90
68 89 69 89
76 93 76 92
76 93 76 93
76 93 76 94
68 86 68 86
68 86 68 87
68 86 69 86
71 91 71 90
71 91 71 91
71 91 71 92
71 88 70 88
71 88 71 87
71 88 71 88
71 88 71 89
68 93 68 92
68 93 68 93
68 93 68 94
77 91 76 91
77 91 77 90
77 91 77 91
77 91 77 92
77 91 78 91
68 90 68 89
68 90 68 90
68 90 68 91
68 90 69 90
69 87 68 87
69 87 69 86
69 87 69 87
69 87 69 88
69 87 70 87
69 86 68 86
69 86 69 86
69 86 69 87
69 86 70 86
77 88 76 88
77 88 77 87
77 88 77 88
77 88 77 89
77 88 78 88
76 92 76 91
76 92 76 92
76 92 76 93
76 92 77 92
79 93 78 93
79 93 79 92
79 93 79 93
79 93 79 94
71 94 70 94
71 94 71 93
71 94 71 94
70 86 69 86
70 86 70 86
70 86 70 87
70 86 71 86
78 93 78 92
78 93 78 93
78 93 78 94
78 93 79 93
79 88 78 88
79 88 79 87
79 88 79 88
79 88 79 89
79 94 78 94
79 94 79 93
79 94 79 94
78 92 77 92
78 92 78 91
78 92 78 92
78 92 78 93
78 92 79 92
79 86 78 86
79 86 79 86
79 86 79 87
79 90 78 90
79 90 79 89
79 90 79 90
76 90 76 89
76 90 76 90
76 90 76 91
76 90 77 90
71 93 70 93
71 93 71 92
71 93 71 93
71 93 71 94
70 89 69 89
70 89 70 88
70 89 70 89
70 89 70 90
70 89 71 89
77 92 76 92
77 92 77 91
77 92 77 92
77 92 78 92
78 94 77 94
78 94 78 93
78 94 78 94
78 94 79 94
70 90 69 90
70 90 70 89
70 90 70 90
70 90 71 90
77 87 76 87
77 87 77 86
77 87 77 87
77 87 77 88
71 89 70 89
71 89 71 88
71 89 71 89
71 89 71 90
78 90 77 90
78 90 78 89
78 90 78 90
78 90 78 91
78 90 79 90
70 94 69 94
70 94 70 93
70 94 70 94
70 94 71 94
71 92 70 92
71 92 71 91
71 92 71 92
71 92 71 93
71 86 70 86
71 86 71 86
71 86 71 87
76 89 76 88
76 89 76 89
76 89 76 90
76 89 77 89
69 92 68 92
69 92 69 92
69 92 70 92
69 90 68 90
69 90 69 89
69 90 69 90
69 90 70 90
70 92 69 92
70 92 70 92
70 92 70 93
70 92 71 92
69 89 68 89
69 89 69 88
69 89 69 89
69 89 69 90
69 89 70 89
70 88 69 88
70 88 70 87
70 88 70 88
70 88 70 89
70 88 71 88
77 86 76 86
77 86 77 86
77 86 77 87
77 86 78 86
68 94 68 93
68 94 68 94
68 94 69 94
77 94 76 94
77 94 77 94
77 94 78 94
68 91 68 90
68 91 68 91
68 91 68 92
68 88 68 87
68 88 68 88
68 88 68 89
68 88 69 88
76 94 76 93
76 94 76 94
76 94 77 94
76 86 76 86
76 86 76 87
76 86 77 86
68 87 68 86
68 87 68 87
68 87 68 88
68 87 69 87
70 93 70 92
70 93 70 93
70 93 70 94
70 93 71 93
69 88 68 88
69 88 69 87
69 88 69 88
69 88 69 89
69 88 70 88
78 91 77 91
78 91 78 90
78 91 78 91
78 91 78 92
69 94 68 94
69 94 69 94
69 94 70 94
