15 32 14 32
15 32 15 32
15 32 15 33
10 44 9 44
10 44 10 43
10 44 10 44
10 44 10 45
10 44 11 44
5 38 4 38
5 38 5 37
5 38 5 38
5 38 5 39
5 38 6 38
6 45 5 45
6 45 6 44
6 45 6 45
6 45 7 45
1 38 0 38
1 38 1 37
1 38 1 38
1 38 1 39
1 38 2 38
8 38 7 38
8 38 8 37
8 38 8 38
8 38 8 39
8 38 9 38
9 38 8 38
9 38 9 37
9 38 9 38
9 38 9 39
9 38 10 38
6 44 5 44
6 44 6 43
6 44 6 44
6 44 6 45
6 44 7 44
14 46 14 46
14 46 14 47
14 46 15 46
2 39 1 39
2 39 2 38
2 39 2 39
2 39 2 40
2 39 3 39
0 37 0 36
0 37 0 37
0 37 0 38
0 37 1 37
5 40 4 40
5 40 5 39
5 40 5 40
5 40 5 41
5 40 6 40
6 40 5 40
6 40 6 39
6 40 6 40
6 40 6 41
6 40 7 40
0 41 0 40
0 41 0 41
0 41 0 42
0 41 1 41
5 42 4 42
5 42 5 41
5 42 5 42
5 42 5 43
5 42 6 42
4 36 3 36
4 36 4 35
4 36 4 36
4 36 4 37
4 36 5 36
2 36 1 36
2 36 2 35
2 36 2 36
2 36 2 37
2 36 3 36
1 42 0 42
1 42 1 41
1 42 1 42
1 42 1 43
1 42 2 42
2 44 1 44
2 44 2 43
2 44 2 44
2 44 2 45
2 44 3 44
1 35 0 35
1 35 1 35
1 35 1 36
1 35 2 35
3 44 2 44
3 44 3 43
3 44 3 44
3 44 3 45
3 44 4 44
5 44 4 44
5 44 5 43
5 44 5 44
5 44 5 45
5 44 6 44
0 40 0 39
0 40 0 40
0 40 0 41
0 40 1 40
10 41 9 41
10 41 10 40
10 41 10 41
10 41 10 42
10 41 11 41
1 41 0 41
1 41 1 40
1 41 1 41
1 41 1 42
1 41 2 41
6 37 5 37
6 37 6 36
6 37 6 37
6 37 6 38
6 37 7 37
7 41 6 41
7 41 7 40
7 41 7 41
7 41 7 42
7 41 8 41
4 37 3 37
4 37 4 36
4 37 4 37
4 37 4 38
4 37 5 37
3 36 2 36
3 36 3 35
3 36 3 36
3 36 3 37
3 36 4 36
12 44 11 44
12 44 12 43
12 44 12 44
12 44 12 45
12 44 13 44
5 39 4 39
5 39 5 38
5 39 5 39
5 39 5 40
5 39 6 39
13 45 12 45
13 45 13 44
13 45 13 45
0 42 0 41
0 42 0 42
0 42 0 43
0 42 1 42
5 35 4 35
5 35 5 35
5 35 5 36
5 35 6 35
13 40 12 40
13 40 13 39
13 40 13 40
13 40 13 41
3 40 2 40
3 40 3 39
3 40 3 40
3 40 3 41
3 40 4 40
0 43 0 42
0 43 0 43
0 43 0 44
0 43 1 43
8 42 7 42
8 42 8 41
8 42 8 42
8 42 8 43
8 42 9 42
14 32 14 32
14 32 14 33
14 32 15 32
13 35 12 35
13 35 13 35
13 35 13 36
13 35 14 35
11 43 10 43
11 43 11 42
11 43 11 43
11 43 11 44
11 43 12 43
10 36 9 36
10 36 10 35
10 36 10 36
10 36 10 37
10 36 11 36
10 35 9 35
10 35 10 35
10 35 10 36
10 35 11 35
6 41 5 41
6 41 6 40
6 41 6 41
6 41 6 42
6 41 7 41
3 38 2 38
3 38 3 37
3 38 3 38
3 38 3 39
3 38 4 38
14 47 14 46
14 47 14 47
14 47 15 47
7 42 6 42
7 42 7 41
7 42 7 42
7 42 7 43
7 42 8 42
11 36 10 36
11 36 11 35
11 36 11 36
11 36 11 37
11 36 12 36
14 33 14 32
14 33 14 33
14 33 14 34
14 33 15 33
7 43 6 43
7 43 7 42
7 43 7 43
7 43 7 44
7 43 8 43
4 38 3 38
4 38 4 37
4 38 4 38
4 38 4 39
4 38 5 38
10 38 9 38
10 38 10 37
10 38 10 38
10 38 10 39
10 38 11 38
12 39 11 39
12 39 12 38
12 39 12 39
12 39 12 40
12 39 13 39
11 35 10 35
11 35 11 35
11 35 11 36
11 35 12 35
14 34 14 33
14 34 14 34
14 34 14 35
14 34 15 34
3 42 2 42
3 42 3 41
3 42 3 42
3 42 3 43
3 42 4 42
2 38 1 38
2 38 2 37
2 38 2 38
2 38 2 39
2 38 3 38
12 41 11 41
12 41 12 40
12 41 12 41
12 41 12 42
12 41 13 41
15 33 14 33
15 33 15 32
15 33 15 33
15 33 15 34
8 44 7 44
8 44 8 43
8 44 8 44
8 44 8 45
8 44 9 44
0 35 0 35
0 35 0 36
0 35 1 35
11 45 10 45
11 45 11 44
11 45 11 45
11 45 12 45
7 37 6 37
7 37 7 36
7 37 7 37
7 37 7 38
7 37 8 37
4 45 3 45
4 45 4 44
4 45 4 45
4 45 5 45
12 45 11 45
12 45 12 44
12 45 12 45
12 45 13 45
2 40 1 40
2 40 2 39
2 40 2 40
2 40 2 41
2 40 3 40
3 43 2 43
3 43 3 42
3 43 3 43
3 43 3 44
3 43 4 43
9 44 8 44
9 44 9 43
9 44 9 44
9 44 9 45
9 44 10 44
5 45 4 45
5 45 5 44
5 45 5 45
5 45 6 45
3 35 2 35
3 35 3 35
3 35 3 36
3 35 4 35
2 45 1 45
2 45 2 44
2 45 2 45
2 45 3 45
1 43 0 43
1 43 1 42
1 43 1 43
1 43 1 44
1 43 2 43
11 37 10 37
11 37 11 36
11 37 11 37
11 37 11 38
11 37 12 37
7 39 6 39
7 39 7 38
7 39 7 39
7 39 7 40
7 39 8 39
0 44 0 43
0 44 0 44
0 44 0 45
0 44 1 44
4 43 3 43
4 43 4 42
4 43 4 43
4 43 4 44
4 43 5 43
4 44 3 44
4 44 4 43
4 44 4 44
4 44 4 45
4 44 5 44
3 37 2 37
3 37 3 36
3 37 3 37
3 37 3 38
3 37 4 37
8 41 7 41
8 41 8 40
8 41 8 41
8 41 8 42
8 41 9 41
12 40 11 40
12 40 12 39
12 40 12 40
12 40 12 41
12 40 13 40
12 37 11 37
12 37 12 36
12 37 12 37
12 37 12 38
12 37 13 37
10 42 9 42
10 42 10 41
10 42 10 42
10 42 10 43
10 42 11 42
9 35 8 35
9 35 9 35
9 35 9 36
9 35 10 35
12 38 11 38
12 38 12 37
12 38 12 38
12 38 12 39
12 38 13 38
12 35 11 35
12 35 12 35
12 35 12 36
12 35 13 35
13 43 12 43
13 43 13 42
13 43 13 43
13 43 13 44
8 35 7 35
8 35 8 35
8 35 8 36
8 35 9 35
2 41 1 41
2 41 2 40
2 41 2 41
2 41 2 42
2 41 3 41
5 36 4 36
5 36 5 35
5 36 5 36
5 36 5 37
5 36 6 36
15 35 14 35
15 35 15 34
15 35 15 35
9 42 8 42
9 42 9 41
9 42 9 42
9 42 9 43
9 42 10 42
5 43 4 43
5 43 5 42
5 43 5 43
5 43 5 44
5 43 6 43
6 35 5 35
6 35 6 35
6 35 6 36
6 35 7 35
3 39 2 39
3 39 3 38
3 39 3 39
3 39 3 40
3 39 4 39
4 40 3 40
4 40 4 39
4 40 4 40
4 40 4 41
4 40 5 40
6 43 5 43
6 43 6 42
6 43 6 43
6 43 6 44
6 43 7 43
8 39 7 39
8 39 8 38
8 39 8 39
8 39 8 40
8 39 9 39
3 41 2 41
3 41 3 40
3 41 3 41
3 41 3 42
3 41 4 41
5 41 4 41
5 41 5 40
5 41 5 41
5 41 5 42
5 41 6 41
6 42 5 42
6 42 6 41
6 42 6 42
6 42 6 43
6 42 7 42
9 39 8 39
9 39 9 38
9 39 9 39
9 39 9 40
9 39 10 39
9 43 8 43
9 43 9 42
9 43 9 43
9 43 9 44
9 43 10 43
15 34 14 34
15 34 15 33
15 34 15 34
15 34 15 35
12 43 11 43
12 43 12 42
12 43 12 43
12 43 12 44
12 43 13 43
10 40 9 40
10 40 10 39
10 40 10 40
10 40 10 41
10 40 11 40
8 37 7 37
8 37 8 36
8 37 8 37
8 37 8 38
8 37 9 37
11 41 10 41
11 41 11 40
11 41 11 41
11 41 11 42
11 41 12 41
11 38 10 38
11 38 11 37
11 38 11 38
11 38 11 39
11 38 12 38
2 35 1 35
2 35 2 35
2 35 2 36
2 35 3 35
13 44 12 44
13 44 13 43
13 44 13 44
13 44 13 45
11 39 10 39
11 39 11 38
11 39 11 39
11 39 11 40
11 39 12 39
13 36 12 36
13 36 13 35
13 36 13 36
13 36 13 37
7 44 6 44
7 44 7 43
7 44 7 44
7 44 7 45
7 44 8 44
1 39 0 39
1 39 1 38
1 39 1 39
1 39 1 40
1 39 2 39
2 37 1 37
2 37 2 36
2 37 2 37
2 37 2 38
2 37 3 37
0 38 0 37
0 38 0 38
0 38 0 39
0 38 1 38
11 42 10 42
11 42 11 41
11 42 11 42
11 42 11 43
11 42 12 42
8 40 7 40
8 40 8 39
8 40 8 40
8 40 8 41
8 40 9 40
4 42 3 42
4 42 4 41
4 42 4 42
4 42 4 43
4 42 5 42
0 39 0 38
0 39 0 39
0 39 0 40
0 39 1 39
11 40 10 40
11 40 11 39
11 40 11 40
11 40 11 41
11 40 12 40
7 36 6 36
7 36 7 35
7 36 7 36
7 36 7 37
7 36 8 36
2 42 1 42
2 42 2 41
2 42 2 42
2 42 2 43
2 42 3 42
9 37 8 37
9 37 9 36
9 37 9 37
9 37 9 38
9 37 10 37
6 36 5 36
6 36 6 35
6 36 6 36
6 36 6 37
6 36 7 36
15 47 14 47
15 47 15 46
15 47 15 47
4 39 3 39
4 39 4 38
4 39 4 39
4 39 4 40
4 39 5 39
1 44 0 44
1 44 1 43
1 44 1 44
1 44 1 45
1 44 2 44
4 41 3 41
4 41 4 40
4 41 4 41
4 41 4 42
4 41 5 41
13 41 12 41
13 41 13 40
13 41 13 41
13 41 13 42
8 43 7 43
8 43 8 42
8 43 8 43
8 43 8 44
8 43 9 43
8 45 7 45
8 45 8 44
8 45 8 45
8 45 9 45
10 39 9 39
10 39 10 38
10 39 10 39
10 39 10 40
10 39 11 39
1 40 0 40
1 40 1 39
1 40 1 40
1 40 1 41
1 40 2 40
1 37 0 37
1 37 1 36
1 37 1 37
1 37 1 38
1 37 2 37
9 41 8 41
9 41 9 40
9 41 9 41
9 41 9 42
9 41 10 41
7 38 6 38
7 38 7 37
7 38 7 38
7 38 7 39
7 38 8 38
4 35 3 35
4 35 4 35
4 35 4 36
4 35 5 35
10 37 9 37
10 37 10 36
10 37 10 37
10 37 10 38
10 37 11 37
9 45 8 45
9 45 9 44
9 45 9 45
9 45 10 45
3 45 2 45
3 45 3 44
3 45 3 45
3 45 4 45
12 42 11 42
12 42 12 41
12 42 12 42
12 42 12 43
12 42 13 42
7 35 6 35
7 35 7 35
7 35 7 36
7 35 8 35
0 45 0 44
0 45 0 45
0 45 1 45
13 39 12 39
13 39 13 38
13 39 13 39
13 39 13 40
9 36 8 36
9 36 9 35
9 36 9 36
9 36 9 37
9 36 10 36
13 42 12 42
13 42 13 41
13 42 13 42
13 42 13 43
1 45 0 45
1 45 1 44
1 45 1 45
1 45 2 45
6 38 5 38
6 38 6 37
6 38 6 38
6 38 6 39
6 38 7 38
1 36 0 36
1 36 1 35
1 36 1 36
1 36 1 37
1 36 2 36
5 37 4 37
5 37 5 36
5 37 5 37
5 37 5 38
5 37 6 37
12 36 11 36
12 36 12 35
12 36 12 36
12 36 12 37
12 36 13 36
13 38 12 38
13 38 13 37
13 38 13 38
13 38 13 39
15 46 14 46
15 46 15 46
15 46 15 47
0 36 0 35
0 36 0 36
0 36 0 37
0 36 1 36
7 40 6 40
7 40 7 39
7 40 7 40
7 40 7 41
7 40 8 40
10 45 9 45
10 45 10 44
10 45 10 45
10 45 11 45
13 37 12 37
13 37 13 36
13 37 13 37
13 37 13 38
7 45 6 45
7 45 7 44
7 45 7 45
7 45 8 45
14 35 13 35
14 35 14 34
14 35 14 35
14 35 15 35
9 40 8 40
9 40 9 39
9 40 9 40
9 40 9 41
9 40 10 40
8 36 7 36
8 36 8 35
8 36 8 36
8 36 8 37
8 36 9 36
6 39 5 39
6 39 6 38
6 39 6 39
6 39 6 40
6 39 7 39
10 43 9 43
10 43 10 42
10 43 10 43
10 43 10 44
10 43 11 43
2 43 1 43
2 43 2 42
2 43 2 43
2 43 2 44
2 43 3 43
11 44 10 44
11 44 11 43
11 44 11 44
11 44 11 45
11 44 12 44
