10 53 1158 53
10 40 519 40
10 42 715 42
10 44 516 44
10 41 513 41
10 49 814 49
10 41 409 41
10 39 409 39
10 39 409 37
10 43 411 43
10 40 411 40
10 40 512 40
10 37 533 37
10 48 714 48
10 38 410 38
10 39 407 39
10 33 308 31
10 44 612 44
10 45 611 45
10 45 609 45
10 30 306 30
10 41 411 41
10 46 612 46
10 38 307 38
10 32 309 30
20 53 2411 53
20 40 917 40
20 46 1221 46
20 44 1117 44
20 48 1421 48
20 49 1723 49
20 46 1219 46
20 47 1220 45
20 43 1219 43
20 43 926 43
20 40 815 40
20 40 915 40
20 43 1017 41
20 54 2326 54
20 43 922 43
20 50 1720 50
20 47 1520 47
20 44 1217 44
20 45 1118 45
20 45 1164 45
20 30 509 30
20 41 1016 41
20 46 1419 46
20 46 1521 46
20 42 1117 42
30 53 3143 53
30 47 2228 47
30 46 2029 46
30 44 1825 44
30 48 2333 48
30 49 2578 49
30 46 2126 46
30 47 2028 45
30 50 2753 50
30 54 3339 52
30 40 1385 40
30 40 1424 40
30 43 1725 41
30 54 3487 54
30 43 1425 43
30 50 2632 50
30 47 2142 47
30 44 1926 44
30 45 1727 45
30 45 2279 45
30 38 1419 38
30 47 2229 45
30 46 2183 46
30 46 2129 46
30 50 2937 50
40 53 4308 53
40 47 3348 47
40 46 2938 46
40 46 3102 46
40 48 3242 48
40 49 3743 49
40 47 2838 46
40 47 3063 45
40 50 3845 50
40 54 4508 52
40 44 2436 42
40 40 1870 40
40 43 2331 43
40 54 5610 54
40 52 4350 52
40 50 3643 50
40 47 3422 47
40 44 2737 44
40 45 2464 45
40 49 3240 49
40 38 1887 38
40 47 3137 45
40 46 2954 46
40 46 2940 46
40 50 3904 50
50 53 5674 53
50 47 4554 47
50 49 5554 47
50 48 4805 46
50 48 4291 48
50 49 4453 49
50 47 4037 46
50 47 3563 45
50 50 4885 50
50 54 6345 52
50 44 3143 44
50 52 5602 50
50 43 2840 43
50 54 6497 54
50 52 5435 52
50 50 4782 50
50 47 4052 47
50 44 3504 44
50 45 3256 45
50 49 4155 49
50 38 2334 38
50 47 3947 45
50 46 3850 46
50 46 3748 46
50 50 5107 50
60 53 6529 53
60 47 5343 47
60 49 6273 47
60 48 6094 46
60 48 5126 48
60 49 5419 49
60 47 4887 46
60 47 5261 45
60 50 6564 50
60 54 7444 52
60 44 3754 44
60 52 7269 50
60 43 3648 43
60 54 7679 54
60 52 6724 52
60 50 5862 50
60 47 4763 47
60 44 4205 44
60 45 3675 45
60 49 4960 49
60 50 6561 50
60 47 4757 45
60 46 4415 46
60 46 4559 46
60 50 6604 50
70 53 7990 53
70 47 6297 47
70 49 7922 47
70 49 7201 49
70 50 7136 50
70 51 6792 51
70 47 6030 46
70 47 6247 45
70 59 11359 59
70 54 9474 54
70 51 7742 49
70 52 8455 50
70 46 6571 44
70 54 9351 54
70 52 8550 52
70 50 7383 50
70 47 5814 47
70 48 6722 48
70 45 4665 45
70 49 6418 49
70 50 7960 50
70 52 8215 52
70 46 5768 46
70 46 5399 46
70 50 7501 50
80 53 9718 53
80 47 7277 47
80 49 9610 47
80 49 8320 49
80 50 8129 50
80 51 8192 51
80 47 6660 46
80 47 7522 45
80 59 13382 59
80 54 10089 54
80 51 9665 49
80 53 10684 51
80 46 6529 44
80 54 10744 54
80 52 9996 52
80 50 8070 50
80 47 7004 47
80 48 8629 48
80 45 6382 45
80 49 7896 49
80 50 9432 50
80 52 10852 52
80 46 7265 46
80 46 6530 46
80 50 8922 50
90 53 11998 53
90 51 10634 51
90 49 11679 47
90 49 10038 49
90 50 9638 50
90 51 9799 51
90 47 8330 46
90 55 12670 55
90 59 15677 59
90 54 11877 54
90 51 11188 49
90 53 13629 51
90 46 7297 44
90 54 13197 54
90 52 11462 52
90 52 11680 50
90 47 7644 47
90 49 8651 48
90 45 7352 45
90 56 15293 56
90 50 10485 50
90 52 12007 52
90 49 9870 47
90 46 7484 46
90 50 9785 50
100 53 13554 53
100 51 12706 51
100 49 12150 47
100 49 11075 49
100 50 10872 50
100 51 12722 51
100 47 10443 46
100 55 14615 55
100 59 18489 59
100 54 13240 54
100 51 12460 49
100 53 15283 51
100 46 8154 44
100 54 13598 54
100 52 11852 52
100 52 12540 50
100 47 10298 47
100 49 9069 48
100 45 6845 45
100 56 15559 56
100 50 11649 50
100 52 14088 52
100 49 11160 47
100 49 11569 49
100 50 11495 50
