10 53 3849 53
10 41 1529 40
10 42 2020 42
10 45 1513 44
10 42 1647 41
10 50 2965 49
10 41 1434 41
10 40 967 39
10 38 1189 37
10 43 1150 43
10 40 1160 40
10 40 1516 40
10 37 1036 37
10 48 2272 48
10 38 724 38
10 40 1289 39
10 31 645 31
10 44 1313 44
10 46 1708 45
10 45 2058 45
10 30 631 30
10 42 1181 41
10 46 1646 46
10 38 868 38
10 30 433 30
20 54 7865 53
20 41 3047 40
20 46 4013 46
20 45 3994 44
20 49 4486 48
20 50 6385 49
20 46 4038 46
20 46 3624 45
20 44 4567 43
20 44 2542 43
20 41 2400 40
20 40 3279 40
20 41 2935 41
20 54 8406 54
20 45 2698 43
20 50 6339 50
20 48 5487 47
20 45 3788 44
20 46 3927 45
20 45 4030 45
20 30 995 30
20 43 2859 41
20 47 4665 46
20 47 4332 46
20 43 3684 42
30 54 11254 53
30 48 8395 47
30 47 8064 46
30 45 6403 44
30 48 8233 48
30 50 8857 49
30 48 7611 46
30 46 6138 45
30 52 9706 50
30 52 10302 52
30 42 3729 40
30 41 4639 40
30 42 4858 41
30 56 11763 54
30 45 4578 43
30 51 10254 50
30 48 7879 47
30 45 5848 44
30 45 6579 45
30 46 5338 45
30 38 4167 38
30 46 6996 45
30 47 7419 46
30 47 6515 46
30 50 10151 50
40 54 15483 53
40 48 12269 47
40 47 11496 46
40 47 11099 46
40 48 11493 48
40 50 13353 49
40 47 9397 46
40 47 9172 45
40 52 13650 50
40 53 13419 52
40 43 6208 42
40 42 5746 40
40 44 7733 43
40 56 17803 54
40 55 16418 52
40 51 14970 50
40 48 10887 47
40 45 7886 44
40 46 8369 45
40 50 11838 49
40 38 5756 38
40 46 10424 45
40 48 9638 46
40 47 8249 46
40 52 15473 50
50 54 22286 53
50 48 15586 47
50 48 13488 47
50 48 12858 46
50 49 15024 48
50 50 17076 49
50 47 13731 46
50 47 11895 45
50 52 15972 50
50 53 19079 52
50 45 9544 44
50 52 19720 50
50 44 11650 43
50 56 22682 54
50 55 19550 52
50 52 18838 50
50 49 14851 47
50 45 10353 44
50 47 12321 45
50 50 14739 49
50 40 7149 38
50 46 12420 45
50 48 12430 46
50 47 11343 46
50 52 17880 50
60 55 27418 53
60 48 17747 47
60 48 16674 47
60 48 15620 46
60 49 17402 48
60 50 20782 49
60 47 16207 46
60 47 15504 45
60 52 22290 50
60 53 24415 52
60 45 12109 44
60 52 22739 50
60 44 12517 43
60 56 27506 54
60 55 23468 52
60 52 23266 50
60 49 18609 47
60 45 12744 44
60 47 14295 45
60 50 20229 49
60 51 24090 50
60 46 14993 45
60 48 17082 46
60 47 13200 46
60 52 22290 50
70 55 32220 53
70 48 22487 47
70 49 19862 47
70 51 24173 49
70 51 26272 50
70 52 28136 51
70 47 18266 46
70 47 17824 45
70 61 50005 59
70 55 32225 54
70 51 24047 49
70 52 27551 50
70 45 18647 44
70 56 32278 54
70 55 28656 52
70 52 29569 50
70 49 21447 47
70 49 21619 48
70 47 18776 45
70 50 22167 49
70 52 29382 50
70 53 35473 52
70 48 18875 46
70 48 15956 46
70 52 28071 50
80 55 39411 53
80 49 25815 47
80 49 23786 47
80 51 28599 49
80 52 29306 50
80 53 35368 51
80 48 24227 46
80 47 20789 45
80 61 50659 59
80 55 39208 54
80 51 29104 49
80 53 32106 51
80 46 19247 44
80 56 42024 54
80 54 36103 52
80 53 33340 50
80 49 25422 47
80 50 26819 48
80 47 20813 45
80 51 26724 49
80 53 34490 50
80 53 42702 52
80 48 24531 46
80 48 20776 46
80 52 32966 50
90 55 41539 53
90 53 38584 51
90 49 25717 47
90 51 31751 49
90 52 36042 50
90 53 37007 51
90 48 24565 46
90 57 53244 55
90 61 60818 59
90 56 44945 54
90 51 33517 49
90 53 37592 51
90 46 21756 44
90 56 48592 54
90 54 42156 52
90 53 38029 50
90 49 30263 47
90 50 26854 48
90 47 28665 45
90 57 52862 56
90 53 42567 50
90 54 41633 52
90 49 29763 47
90 48 25459 46
90 52 41143 50
100 55 44801 53
100 54 43816 51
100 49 30534 47
100 51 37630 49
100 52 36663 50
100 53 46455 51
100 48 28221 46
100 57 58818 55
100 61 73622 59
100 56 46969 54
100 51 41461 49
100 53 43719 51
100 46 24103 44
100 56 53651 54
100 54 46142 52
100 53 43343 50
100 49 36616 47
100 50 31094 48
100 47 31028 45
100 58 65872 56
100 53 45581 50
100 54 47218 52
100 49 33689 47
100 51 34016 49
100 52 45806 50
110 55 50367 53
110 54 49393 51
110 49 34570 47
110 51 43753 49
110 52 41639 50
110 53 51051 51
110 48 32099 46
110 57 64649 55
110 61 81690 59
110 56 53000 54
110 51 45880 49
110 53 47897 51
110 47 28668 45
110 56 62587 54
110 55 53885 52
110 53 54524 50
110 49 38905 47
110 50 37186 48
110 51 46221 49
110 58 63512 56
110 53 52585 50
110 54 51509 52
110 49 35833 47
110 51 41470 49
110 52 48411 50
120 55 62451 53
120 54 58520 51
120 50 35610 47
120 51 47267 49
120 52 50696 50
120 53 53238 51
120 48 33571 46
120 57 79007 55
120 61 88194 59
120 56 60536 54
120 51 56936 49
120 53 61818 51
120 47 35262 45
120 56 64700 54
120 55 58854 52
120 52 51804 50
120 49 38494 47
120 50 38385 48
120 51 48004 49
120 58 71373 56
120 53 59410 50
120 54 56644 52
120 49 39083 47
120 51 42795 49
120 52 53832 50
130 55 68490 53
130 54 60831 51
130 50 43437 47
130 53 60768 51
130 52 50050 50
130 53 58405 51
130 48 38070 46
130 57 82145 55
130 61 104817 59
130 57 69789 54
130 51 50479 49
130 53 60273 51
130 47 37855 45
130 56 74032 54
130 55 60221 52
130 52 55913 50
130 49 42214 47
130 50 44034 48
130 51 52369 49
130 58 80902 56
130 55 72577 52
130 54 62683 52
130 49 47195 47
130 51 44712 49
130 53 61635 51
140 55 73153 53
140 54 65084 51
140 50 46966 47
140 53 64373 51
140 52 62517 50
140 53 62142 51
140 48 44894 46
140 57 85552 55
140 61 115836 59
140 57 74992 54
140 51 55292 49
140 53 67797 51
140 47 41615 45
140 57 77030 54
140 NaN NaN NaN
140 52 64250 50
140 49 47099 47
140 NaN NaN NaN
140 51 55254 49
140 58 94232 56
140 55 81331 52
140 54 66716 52
140 49 50501 47
140 53 62255 51
140 53 69351 51
150 55 78900 53
150 54 73965 51
150 50 50464 47
150 53 76051 51
150 52 66666 50
150 53 71641 51
150 48 43283 46
150 57 104783 55
150 61 124790 59
150 57 83466 54
150 51 59327 49
150 53 79447 51
150 NaN NaN NaN
150 57 87510 54
150 NaN NaN NaN
150 52 67853 50
150 49 56006 47
150 50 56275 48
150 51 59854 49
150 58 102886 56
150 54 81617 52
150 54 73574 52
150 49 56355 47
150 53 68825 51
150 53 76166 51
160 55 88122 53
160 54 78225 51
160 50 56796 47
160 53 78206 51
160 52 74029 50
160 53 73690 51
160 48 50669 46
160 57 115614 55
160 61 137601 59
160 57 99848 54
160 51 67599 49
160 53 80155 51
160 47 51497 45
160 56 94658 54
160 56 81628 52
160 52 70216 50
160 49 59681 47
160 50 57404 48
160 51 67325 49
160 58 110438 56
160 54 91514 52
160 54 84490 52
160 49 55077 47
160 53 75769 51
160 53 78828 51
170 55 93155 53
170 54 87838 51
170 50 60040 47
170 53 86969 51
170 52 80429 50
170 53 79048 51
170 48 55838 46
170 57 125840 55
170 61 145570 59
170 57 111994 54
170 51 77716 49
170 53 88106 51
170 NaN NaN NaN
170 56 98224 54
170 56 90065 52
170 52 76475 50
170 49 63931 47
170 50 65930 48
170 51 73399 49
170 58 127063 56
170 54 100320 52
170 54 94306 52
170 49 60831 47
170 53 85615 51
170 53 92971 51
180 56 103941 53
180 54 94886 51
180 NaN NaN NaN
180 53 90346 51
180 NaN NaN NaN
180 53 86487 51
180 48 59530 46
180 57 134532 55
180 61 175960 59
180 57 124849 54
180 51 84968 49
180 53 98034 51
180 48 62875 46
180 56 114438 54
180 56 98080 52
180 53 95908 50
180 49 71939 47
180 NaN NaN NaN
180 51 80218 49
180 58 137250 56
180 54 104382 52
180 54 99215 52
180 49 67819 47
180 53 96326 51
180 NaN NaN NaN
190 56 116441 53
190 54 107594 51
190 53 94305 50
190 53 101414 51
190 NaN NaN NaN
190 53 102871 51
190 48 63231 46
190 57 140504 55
190 62 177068 59
190 57 127723 54
190 51 91241 49
190 NaN NaN NaN
190 NaN NaN NaN
190 56 127260 54
190 NaN NaN NaN
190 53 103296 50
190 49 74544 47
190 NaN NaN NaN
190 51 82888 49
190 58 142395 56
190 54 112916 52
190 NaN NaN NaN
190 49 70707 47
190 53 97250 51
190 NaN NaN NaN
200 NaN NaN NaN
200 54 107824 51
200 NaN NaN NaN
200 53 103474 51
200 NaN NaN NaN
200 53 105451 51
200 NaN NaN NaN
200 57 149017 55
200 62 249878 59
200 NaN NaN NaN
200 NaN NaN NaN
200 53 110712 51
200 NaN NaN NaN
200 57 129243 54
200 55 110942 52
200 52 95892 50
200 49 75272 47
200 NaN NaN NaN
200 51 89529 49
200 58 161383 56
200 NaN NaN NaN
200 NaN NaN NaN
200 NaN NaN NaN
200 53 99851 51
200 53 110427 51
