10 53 3264 53
10 40 1222 40
10 44 1823 42
10 46 1524 44
10 41 1415 41
10 49 2223 49
10 41 1317 41
10 39 1264 39
10 37 1015 37
10 43 1014 43
10 40 914 40
10 40 1246 40
10 37 913 37
10 48 1820 48
10 40 812 38
10 39 912 39
10 32 611 31
10 44 1417 44
10 45 1519 45
10 45 1718 45
10 30 509 30
10 41 1114 41
10 46 1653 46
10 39 912 38
10 30 408 30
20 53 6255 53
20 40 2393 40
20 46 3639 46
20 46 3434 44
20 48 3940 48
20 49 4844 49
20 46 3617 46
20 47 3534 45
20 43 3131 43
20 43 2227 43
20 40 2141 40
20 40 2526 40
20 41 2426 41
20 54 6252 54
20 43 2331 43
20 50 5047 50
20 49 4694 47
20 44 2930 44
20 45 3235 45
20 46 3324 45
20 31 1116 30
20 41 2629 41
20 46 4138 46
20 46 3943 46
20 44 3535 42
30 53 9072 53
30 47 6359 47
30 46 6086 46
30 46 5754 44
30 48 7568 48
30 49 7335 49
30 46 6157 46
30 47 5977 45
30 51 8293 50
30 52 8276 52
30 40 3348 40
30 40 3840 40
30 41 4082 41
30 54 9583 54
30 43 4072 43
30 50 7978 50
30 49 6781 47
30 44 4963 44
30 45 5152 45
30 46 5354 45
30 38 3536 38
30 45 6063 45
30 46 6056 46
30 46 5667 46
30 52 10090 50
40 53 13659 53
40 47 8679 47
40 46 8678 46
40 47 8592 46
40 48 9897 48
40 49 10658 49
40 46 8037 46
40 47 8487 45
40 51 10938 50
40 52 11162 52
40 42 6400 42
40 40 5057 40
40 43 6415 43
40 54 13631 54
40 52 12065 52
40 50 10595 50
40 49 9234 47
40 44 6853 44
40 45 7170 45
40 51 10838 49
40 38 4950 38
40 45 8211 45
40 46 8336 46
40 46 7653 46
40 52 14036 50
50 53 16948 53
50 47 11473 47
50 47 10940 47
50 47 10940 46
50 48 12480 48
50 49 13025 49
50 46 11093 46
50 47 11220 45
50 51 13949 50
50 52 14802 52
50 44 8242 44
50 50 15394 50
50 43 8382 43
50 54 17396 54
50 52 15359 52
50 50 14398 50
50 49 12275 47
50 44 10001 44
50 45 9556 45
50 51 14357 49
50 39 6667 38
50 45 9972 45
50 46 10895 46
50 46 10449 46
50 52 17669 50
60 53 22544 53
60 47 14972 47
60 47 13083 47
60 47 13346 46
60 48 15771 48
60 49 15708 49
60 46 13468 46
60 47 13689 45
60 51 17574 50
60 52 17697 52
60 44 10180 44
60 50 19030 50
60 43 10235 43
60 54 22314 54
60 52 20252 52
60 50 16851 50
60 49 14537 47
60 44 13074 44
60 46 12006 45
60 51 17460 49
60 50 18817 50
60 45 12773 45
60 46 13404 46
60 46 12470 46
60 52 22231 50
70 53 25363 53
70 47 16498 47
70 47 15443 47
70 51 20735 49
70 50 19480 50
70 51 20816 51
70 46 15680 46
70 47 15845 45
70 59 35021 59
70 54 25402 54
70 49 18263 49
70 50 23221 50
70 44 13681 44
70 54 26949 54
70 52 23312 52
70 50 21744 50
70 49 19418 47
70 48 16954 48
70 46 14406 45
70 51 20581 49
70 50 22855 50
70 52 23595 52
70 46 15680 46
70 46 14584 46
70 52 26807 50
80 53 30440 53
80 47 19244 47
80 47 18958 47
80 51 24940 49
80 50 24176 50
80 51 25978 51
80 46 18334 46
80 47 18847 45
80 59 38984 59
80 54 30203 54
80 49 23438 49
80 51 24221 51
80 44 15049 44
80 54 30056 54
80 52 28819 52
80 50 24701 50
80 49 20725 47
80 48 20990 48
80 46 17050 45
80 51 24563 49
80 50 26892 50
80 52 28657 52
80 46 20676 46
80 46 17672 46
80 52 29458 50
90 53 32341 53
90 51 29729 51
90 47 19736 47
90 51 28965 49
90 50 26202 50
90 51 27177 51
90 47 22814 46
90 55 36215 55
90 59 45181 59
90 54 37235 54
90 49 26528 49
90 51 28522 51
90 44 18892 44
90 54 34101 54
90 52 34751 52
90 50 30006 50
90 49 23451 47
90 49 22841 48
90 46 21449 45
90 56 41345 56
90 50 30214 50
90 52 31543 52
90 47 21662 47
90 46 21856 46
90 52 32671 50
100 53 36601 53
100 51 32401 51
100 47 25606 47
100 51 32316 49
100 50 29654 50
100 51 31800 51
100 47 24074 46
100 55 42991 55
100 59 50878 59
100 54 38964 54
100 49 31632 49
100 51 31782 51
100 44 19512 44
100 54 38436 54
100 52 37774 52
100 50 32205 50
100 49 26810 47
100 49 25873 48
100 46 23319 45
100 56 45969 56
100 50 34707 50
100 52 35952 52
100 47 27271 47
100 49 30166 49
100 52 37278 50
