10 55 3363 53
10 40 919 40
10 42 1121 42
10 46 1123 44
10 41 1014 41
10 49 2445 49
10 41 814 41
10 41 912 39
10 37 813 37
10 45 1017 43
10 42 812 40
10 40 914 40
10 37 611 37
10 48 1416 48
10 40 623 38
10 41 912 39
10 31 409 31
10 44 914 44
10 45 1115 45
10 45 1329 45
10 30 408 30
10 43 926 41
10 46 1116 46
10 38 610 38
10 30 306 30
20 55 5955 53
20 40 1943 40
20 48 2931 46
20 46 2530 44
20 48 2933 48
20 49 4870 49
20 46 2630 46
20 45 2327 45
20 45 3233 43
20 45 2098 43
20 42 2027 40
20 40 2026 40
20 41 1620 41
20 54 4775 54
20 45 2227 43
20 50 3634 50
20 47 3222 47
20 44 2025 44
20 45 2529 45
20 45 2428 45
20 30 711 30
20 43 2548 41
20 46 2831 46
20 46 2832 46
20 42 2188 42
30 55 9081 53
30 47 4654 47
30 48 4949 46
30 46 4044 44
30 48 5152 48
30 49 7099 49
30 46 4443 46
30 45 4243 45
30 50 5624 50
30 52 6160 52
30 42 2936 40
30 40 3638 40
30 41 2773 41
30 54 6964 54
30 45 3718 43
30 50 5451 50
30 47 4571 47
30 44 3335 44
30 45 3740 45
30 45 3566 45
30 40 2729 38
30 45 4306 45
30 46 4445 46
30 46 4247 46
30 50 5580 50
40 55 11851 53
40 47 6063 47
40 48 6864 46
40 47 5859 46
40 48 6766 48
40 49 9579 49
40 46 5578 46
40 45 5758 45
40 50 7535 50
40 52 8306 52
40 43 4048 42
40 40 4121 40
40 45 5554 43
40 54 9988 54
40 52 9317 52
40 50 7207 50
40 47 5959 47
40 44 4450 44
40 45 5193 45
40 49 7273 49
40 40 3823 38
40 45 5859 45
40 46 6059 46
40 46 5760 46
40 50 8379 50
50 55 15666 53
50 47 8304 47
50 49 8450 47
50 47 7914 46
50 48 8768 48
50 49 11907 49
50 46 7886 46
50 45 7303 45
50 50 9482 50
50 52 11117 52
50 44 6567 44
50 50 10401 50
50 45 7386 43
50 54 13073 54
50 52 11883 52
50 50 9457 50
50 47 7972 47
50 44 5559 44
50 45 6994 45
50 49 9376 49
50 40 4753 38
50 45 7375 45
50 46 7895 46
50 46 7138 46
50 50 10196 50
60 55 19178 53
60 47 10112 47
60 49 10187 47
60 47 9700 46
60 48 10356 48
60 49 13967 49
60 46 9694 46
60 45 9920 45
60 50 12025 50
60 52 14234 52
60 45 8768 44
60 50 12318 50
60 45 9097 43
60 54 16407 54
60 52 14778 52
60 50 12491 50
60 47 10874 47
60 44 6959 44
60 45 8959 45
60 49 11833 49
60 50 13494 50
60 45 9258 45
60 46 9902 46
60 46 9075 46
60 50 12185 50
70 55 23393 53
70 47 12955 47
70 49 12344 47
70 49 14083 49
70 50 15506 50
70 51 16087 51
70 46 11536 46
70 45 12150 45
70 59 24930 59
70 54 18640 54
70 49 13261 49
70 50 15777 50
70 45 10199 44
70 54 18020 54
70 52 20142 52
70 50 14891 50
70 47 13031 47
70 48 12265 48
70 45 11336 45
70 49 13867 49
70 50 15201 50
70 52 19272 52
70 46 11353 46
70 46 10938 46
70 50 14682 50
80 55 24623 53
80 47 13702 47
80 49 14102 47
80 49 16733 49
80 50 17039 50
80 51 18268 51
80 46 14511 46
80 45 14273 45
80 59 28474 59
80 54 20696 54
80 49 15804 49
80 51 18971 51
80 45 12189 44
80 54 22040 54
80 52 21800 52
80 50 15880 50
80 47 15931 47
80 48 13392 48
80 45 13502 45
80 49 16826 49
80 50 18760 50
80 52 21884 52
80 46 14190 46
80 46 12691 46
80 50 16821 50
90 55 27799 53
90 51 22619 51
90 49 15397 47
90 49 19868 49
90 50 18135 50
90 51 20713 51
90 46 15795 46
90 55 27443 55
90 59 34305 59
90 54 24037 54
90 49 18554 49
90 51 21873 51
90 45 13208 44
90 55 24492 54
90 52 25703 52
90 50 19800 50
90 47 17266 47
90 49 16226 48
90 45 15365 45
90 56 29107 56
90 50 20879 50
90 52 24753 52
90 47 15998 47
90 46 14855 46
90 50 18603 50
100 55 33138 53
100 51 24305 51
100 49 18147 47
100 49 21336 49
100 50 21972 50
100 51 22851 51
100 46 17984 46
100 55 30696 55
100 59 38139 59
100 54 28167 54
100 49 21078 49
100 51 24134 51
100 45 15567 44
100 55 29303 54
100 52 29050 52
100 50 21482 50
100 47 20472 47
100 49 18665 48
100 45 18806 45
100 56 31857 56
100 50 24287 50
100 52 27643 52
100 47 18587 47
100 49 21285 49
100 50 21922 50
