20 96 2058 97 
20 85 1791 86 
20 90 2029 91 
20 107 2163 108 
20 101 1994 77 
20 98 1766 76 
20 90 1995 87 
20 91 1748 73 
20 114 2476 115 
20 85 2010 85 
20 100 1882 99 
20 87 1615 80 
20 79 1650 76 
20 94 1932 90 
20 80 1756 77 
20 91 1732 88 
20 71 1463 64 
20 111 2490 111 
20 104 2238 83 
20 87 1779 83 
20 91 1805 84 
20 99 1976 85 
20 89 1832 81 
20 105 2078 107 
20 87 1761 85 
100 102 9344 102 
100 96 9440 91 
100 97 8777 92 
100 112 10530 113 
100 102 8103 100 
100 110 9054 110 
100 111 9806 102 
100 106 9075 93 
100 114 9394 116 
100 113 9328 113 
100 105 9275 92 
100 114 9861 95 
100 107 9424 98 
100 103 7762 92 
100 109 9273 106 
100 95 7378 89 
100 101 9575 100 
100 107 8230 102 
100 116 9332 103 
100 98 8654 94 
140 114 17021 109 
140 107 13992 104 
140 100 10755 89 
140 97 12603 95 
140 114 17479 114 
140 108 14260 106 
140 114 16294 114 
140 102 18309 97 
140 112 14993 100 
140 113 14866 113 
140 118 15498 106 
180 116 22124 116 
180 118 23147 117 
180 127 24587 103 
220 107 32605 103 
220 102 26173 99 
220 107 25284 94 
220 119 33189 106 
240 110 33305 95 
240 109 30393 93 
240 112 28795 109 
240 119 37056 117 
240 117 34216 103 
240 123 45208 111 
240 122 38303 117 
320 121 64318 107 
320 112 49321 107 
320 104 46198 93 
320 124 55503 98 
320 123 73710 102 
320 107 69357 103 
320 117 135443 109 
320 116 63304 102 
320 121 134860 109 
320 111 130521 108 
320 107 60203 103 
320 111 47003 103 
320 121 66335 105 
320 105 51593 96 
320 112 71377 109 
320 116 64694 110 
340 116 102743 105 
340 117 86595 112 
340 121 87336 116 
340 120 83631 118 
340 118 66905 103 
340 116 88102 115 
340 126 121800 104 
340 114 184975 111 
340 117 88615 101 
340 117 86997 111 
340 110 75030 102 
340 130 69158 97 
340 111 83223 100 
340 116 74382 105 
20 NaN NaN 94 
20 86 2205 87 
20 98 3279 99 
20 74 3848 75 
20 89 2440 90 
20 86 2059 86 
20 76 1520 77 
20 NaN NaN 90 
20 NaN NaN 105 
20 NaN NaN 72 
20 NaN NaN 84 
20 NaN NaN 85 
20 NaN NaN 64 
20 NaN NaN 70 
20 NaN NaN 97 
20 NaN NaN 68 
20 NaN NaN 76 
20 NaN NaN 91 
20 NaN NaN 94 
20 NaN NaN 68 
20 NaN NaN 80 
20 NaN NaN 92 
20 NaN NaN 93 
20 NaN NaN 62 
20 NaN NaN 83 
20 NaN NaN 83 
20 NaN NaN 81 
20 NaN NaN 95 
20 NaN NaN 75 
20 NaN NaN 75 
20 NaN NaN 93 
20 NaN NaN 85 
