120 97 50177 98 
120 97 20818 98 
120 82 1769 56 
200 91 2558 48 
200 92 2598 50 
20 101 1941 77 
20 110 2018 96 
20 85 2174 86 
20 75 1789 66 
20 96 2137 98 
20 81 1668 81 
20 96 1874 97 
20 92 1626 80 
20 105 1962 105 
20 91 1854 80 
20 92 1876 90 
20 101 2059 99 
20 81 1742 77 
20 78 1513 74 
20 82 1649 76 
20 106 1938 93 
20 88 1791 86 
20 80 1644 74 
20 94 1839 78 
20 101 2149 102 
20 78 1638 70 
20 101 2171 102 
20 104 1950 105 
20 108 2145 109 
20 81 1540 75 
100 109 10266 109 
140 109 15647 103 
140 110 13491 104 
140 114 14576 108 
140 101 13744 98 
140 124 19746 109 
140 101 12477 100 
140 102 14643 97 
140 110 16531 110 
140 113 17937 113 
140 106 13049 97 
140 100 12553 98 
140 105 12773 98 
140 118 16965 117 
140 109 15564 107 
140 120 15390 106 
