20 371 1750 369
20 354 1619 352
20 376 2130 376
20 366 1633 362
20 292 1455 290
20 308 1525 306
20 365 1569 363
20 378 1854 374
20 358 1474 354
20 337 1536 335
20 389 1800 389
20 355 1650 353
20 384 1585 380
20 346 1389 344
20 359 1646 356
20 378 1938 378
20 336 1620 334
20 383 1717 377
20 356 1797 356
20 353 1656 353
20 386 1471 382
20 366 1653 362
20 338 1464 338
20 367 1536 365
20 379 1816 379
40 376 2906 374
40 354 2447 352
40 376 2970 376
40 371 2083 365
40 330 1971 326
40 339 1856 337
40 385 2193 379
40 394 2498 393
40 358 2286 354
40 337 1895 335
40 389 2435 389
40 373 2343 372
40 384 1898 380
40 346 1864 344
40 359 1953 356
40 378 2904 378
40 352 2127 352
40 383 2068 377
40 356 2103 356
40 353 2190 353
40 386 1910 382
40 368 2586 366
40 357 2142 357
40 367 1782 365
40 379 2324 379
60 376 4226 374
60 360 2974 352
60 376 3425 376
60 380 2696 379
60 373 3053 369
60 362 2470 360
60 385 2817 379
60 394 3186 393
60 358 2751 354
60 360 2528 358
60 389 2923 389
60 377 3131 374
60 386 2483 380
60 363 2509 358
60 359 2856 356
60 378 3536 378
60 352 2616 352
60 383 2863 377
60 356 2638 356
60 353 2581 353
60 386 2498 382
60 372 4142 369
60 383 2882 379
60 367 2314 365
60 379 2824 379
80 381 5126 380
80 401 3958 395
80 376 3977 376
80 380 3162 379
80 374 3881 369
80 418 4525 413
80 385 3458 379
80 394 4125 393
80 380 3808 379
80 401 3297 397
80 389 3863 389
80 376 3988 374
80 386 3056 380
80 363 3474 358
80 359 3520 356
80 379 5691 378
80 352 4133 352
80 383 3405 377
80 356 3298 356
80 353 3188 353
80 386 3019 382
80 373 5388 369
80 383 4727 379
80 367 3024 365
80 379 4429 379
100 382 7412 380
100 402 4808 395
100 376 5171 376
100 380 3556 379
100 374 7498 369
100 415 6266 413
100 385 5075 379
100 394 5262 393
100 381 5567 379
100 401 4841 397
100 397 5319 389
100 379 5003 374
100 386 4086 380
100 364 6357 358
100 359 5300 356
100 382 7637 378
100 354 5296 352
100 395 5292 389
100 391 4625 391
100 391 3955 384
100 389 4065 382
100 373 6845 369
100 384 5961 379
100 414 6135 411
100 379 5153 379
120 383 11000 380
120 402 8375 395
120 376 6710 376
120 380 5149 379
120 376 9156 369
120 418 7511 413
120 391 7862 386
120 396 8131 393
120 414 7745 410
120 407 6533 402
120 399 7288 389
120 381 6039 374
120 390 5757 380
120 382 7713 380
120 374 9544 368
120 382 9185 378
120 354 7675 352
120 396 7143 389
120 391 5620 391
120 391 7831 384
120 390 5295 386
120 377 8678 369
120 384 8917 379
120 414 7107 411
120 379 6399 379
140 384 13456 380
140 402 11083 395
140 376 8804 376
140 388 7464 381
140 378 11448 369
140 418 9659 413
140 391 14793 386
140 398 11887 393
140 414 9786 410
140 407 8724 402
140 398 11053 389
140 385 8170 374
140 390 7278 380
140 385 11244 380
140 401 9972 395
140 382 11918 378
140 362 9997 352
140 401 9061 389
140 395 10070 391
140 393 9517 384
140 390 8304 386
140 378 10452 369
140 388 11280 379
140 414 11495 411
140 379 7613 379
160 384 18124 380
160 406 14531 395
160 376 11825 376
160 394 10168 381
160 379 13635 369
160 418 12399 413
160 391 19352 386
160 396 17199 393
160 414 10954 410
160 408 11365 402
160 397 25433 389
160 386 11089 374
160 390 10015 380
160 385 15269 380
160 401 14421 395
160 384 15313 378
160 363 12832 352
160 401 10143 389
160 397 15039 391
160 393 12514 384
160 392 10516 386
160 378 12605 369
160 392 13100 379
160 414 17490 411
160 379 10412 379
180 384 23157 380
180 407 19462 395
180 377 21652 376
180 394 14347 381
180 379 16382 369
180 418 16225 413
180 399 22236 386
180 397 29573 393
180 415 13397 410
180 410 22012 402
180 397 29951 389
180 388 15148 374
180 396 13041 386
180 387 18317 380
180 410 19447 399
180 388 23493 378
180 365 17901 352
180 404 14147 389
180 397 15747 391
180 398 18317 384
180 396 15915 386
180 410 20363 402
180 393 17018 379
180 414 21358 411
180 379 13680 379
200 390 27615 380
200 408 29759 395
200 381 21419 376
200 407 20193 388
200 383 24007 369
200 418 24800 413
200 407 26628 386
200 403 26785 393
200 415 19892 410
200 410 29396 402
200 403 48355 389
200 388 23783 374
200 397 15879 386
200 388 29864 380
200 408 25638 399
200 388 29188 378
200 365 24580 352
200 404 22415 389
200 398 19358 391
200 400 20928 384
200 396 20421 386
200 411 34159 402
200 391 24594 379
200 414 25972 411
200 379 18169 379
220 388 36705 380
220 415 40005 395
220 381 28074 376
220 407 23522 388
220 386 32446 369
220 422 33711 413
220 409 32646 386
220 399 46653 393
220 417 25599 410
220 417 38132 402
220 402 53190 389
220 388 31116 374
220 397 30578 386
220 397 30183 383
220 407 32587 399
220 394 37108 388
220 370 32293 352
220 405 34593 389
220 395 24352 391
220 402 28693 384
220 396 28780 386
220 421 39644 402
220 396 34181 379
220 414 33564 411
220 379 23214 379
240 388 66516 380
240 415 42533 395
240 378 36310 376
240 405 56887 388
240 387 43631 369
240 422 44799 413
240 420 42700 398
240 401 45321 393
240 419 29553 410
240 413 45361 402
240 407 73103 389
240 387 34622 374
240 400 30749 386
240 407 40820 396
240 413 53143 399
240 396 50459 388
240 370 36420 352
240 413 51233 394
240 397 32824 391
240 400 37850 384
240 399 36899 386
240 429 55238 402
240 407 35110 379
240 414 35726 411
240 379 32927 379
260 390 66047 380
260 418 55124 395
260 378 43057 376
260 405 68484 388
260 387 56327 369
260 418 66344 413
260 414 53431 398
260 404 51727 393
260 420 40926 410
260 414 54708 402
260 342 305206 389
260 425 55949 410
260 398 40512 386
260 408 55330 396
260 414 61346 399
260 394 85948 388
260 375 58555 352
260 412 58326 394
260 395 44035 391
260 402 48079 384
260 412 52861 393
260 428 67137 402
260 407 45989 379
260 420 43624 411
260 390 43367 379
280 396 82323 380
280 421 68986 395
280 382 58439 376
280 420 185037 388
280 390 88621 369
280 416 90269 413
280 415 69244 398
280 404 58334 393
280 419 46915 410
280 416 72324 402
280 419 90377 389
280 428 72731 410
280 405 51253 386
280 427 70763 396
280 412 76852 399
280 399 105803 388
280 403 72482 383
280 412 80781 394
280 395 56499 391
280 400 84855 384
280 421 69206 398
280 427 83291 402
280 405 56111 379
280 416 49765 411
280 388 52964 379
300 396 95243 380
300 423 87959 395
300 380 69424 376
300 423 83919 388
300 390 118549 369
300 418 123100 413
300 419 96431 398
300 412 97156 393
300 418 57249 410
300 424 87422 402
300 341 307145 389
300 438 94280 410
300 402 66243 386
300 429 96421 396
300 414 125319 399
300 403 121638 388
300 402 90508 383
300 416 95587 394
300 396 64874 391
300 416 129585 384
300 424 81432 398
300 426 99930 402
300 407 118527 379
300 415 75920 411
300 388 65135 379
320 407 113125 380
320 423 115578 395
320 385 78785 376
320 451 143124 410
320 398 136420 369
320 421 134109 413
320 417 123623 398
320 408 104615 393
320 418 88206 410
320 421 106234 402
320 413 173536 389
320 430 167856 410
320 424 92473 394
320 424 117575 396
320 410 111319 399
320 412 139227 388
320 407 136480 383
320 416 166528 394
320 395 75983 391
320 416 141622 384
320 421 87984 398
320 428 123788 402
320 407 127861 379
320 416 96184 411
320 389 79976 379
340 407 139204 380
340 414 131554 395
340 385 91520 376
340 450 175728 410
340 392 153730 369
340 428 169883 413
340 421 145969 398
340 413 146300 393
340 417 112697 410
340 427 150540 402
340 341 306978 389
340 438 171083 410
340 426 108137 394
340 430 176344 396
340 432 129092 399
340 415 189746 388
340 405 153706 383
340 417 160765 394
340 398 92026 391
340 429 149641 384
340 419 99004 398
340 432 160086 402
340 409 165056 379
340 419 133120 411
340 389 96821 379
360 407 170309 380
360 423 174202 395
360 393 117850 376
360 451 184844 410
360 406 198332 374
360 427 182031 413
360 430 236706 398
360 418 163383 397
360 418 161566 410
360 426 173840 402
360 412 234968 389
360 444 238938 410
360 433 138411 394
360 431 186701 396
360 429 160252 399
360 337 308728 388
360 403 239798 388
360 425 151049 394
360 398 106919 391
360 422 173621 384
360 418 160274 398
360 343 308189 402
360 409 154721 379
360 426 182471 411
360 401 116856 379
380 411 267915 387
380 418 289305 395
380 396 150079 376
380 454 276533 410
380 402 227917 374
380 422 234933 413
380 436 273088 398
380 418 192288 397
380 424 176770 410
380 426 224264 402
380 411 282074 389
380 433 295690 410
380 431 183136 394
380 434 212944 396
380 431 237738 399
380 337 307972 388
380 335 310380 388
380 427 229261 394
380 402 152254 391
380 417 268342 384
380 419 172526 398
380 337 307528 402
380 412 206018 379
380 427 261681 411
380 403 141017 379
400 414 293386 387
400 429 301381 395
400 394 214210 376
400 377 309885 410
400 416 286769 381
400 348 307796 413
400 440 306930 398
400 421 268245 397
400 424 217108 410
400 427 259352 402
400 263 309472 389
400 355 307263 410
400 437 236404 394
400 440 213821 396
400 426 289014 399
400 263 308739 388
400 336 308298 388
400 419 270649 394
400 404 176926 391
400 431 301199 384
400 424 197532 398
400 339 309493 402
400 409 216009 379
400 427 252375 411
400 410 161209 387
