20 369 3116 369
20 354 2793 352
20 378 5777 376
20 364 2092 362
20 290 1650 290
20 306 1967 306
20 367 1790 363
20 376 3508 374
20 356 1973 354
20 335 2095 335
20 389 4673 389
20 353 2797 353
20 383 2422 380
20 346 1926 344
20 358 3236 356
20 378 3568 378
20 337 2850 334
20 379 2227 377
20 359 2607 356
20 355 2440 353
20 384 1535 382
20 364 2362 362
20 338 2673 338
20 365 2118 365
20 379 3672 379
40 374 9980 374
40 356 7745 352
40 382 8876 376
40 367 4348 365
40 328 3102 326
40 339 3762 337
40 381 6094 379
40 393 5748 393
40 356 3800 354
40 335 2730 335
40 391 6041 389
40 372 5438 372
40 383 3472 380
40 346 3374 344
40 358 7465 356
40 378 6203 378
40 354 4647 352
40 379 3344 377
40 359 3703 356
40 355 5725 353
40 384 5466 382
40 368 6087 366
40 357 7227 357
40 365 2815 365
40 379 9488 379
60 374 13071 374
60 358 9405 352
60 378 17565 376
60 379 11814 379
60 373 8054 369
60 362 8303 360
60 381 11268 379
60 393 12069 393
60 356 6087 354
60 360 5855 358
60 391 8685 389
60 374 10430 374
60 383 7965 380
60 360 5980 358
60 358 12508 356
60 378 10696 378
60 354 10890 352
60 379 9415 377
60 359 5750 356
60 356 7275 353
60 384 7975 382
60 369 11963 369
60 381 10647 379
60 365 4530 365
60 379 12659 379
80 383 19044 380
80 399 10840 395
80 380 18529 376
80 379 15755 379
80 373 13196 369
80 418 12625 413
80 381 13124 379
80 393 15785 393
80 379 13551 379
80 399 9467 397
80 389 16097 389
80 374 15390 374
80 383 11389 380
80 362 18509 358
80 358 13948 356
80 378 41401 378
80 356 18668 352
80 379 13316 377
80 359 9337 356
80 357 11565 353
80 384 9147 382
80 369 13857 369
80 381 17641 379
80 365 7609 365
80 379 16312 379
100 383 24040 380
100 399 15212 395
100 378 39728 376
100 379 18119 379
100 375 33704 369
100 418 26416 413
100 381 23112 379
100 397 22046 393
100 379 24532 379
100 399 19930 397
100 395 24437 389
100 376 24669 374
100 383 14800 380
100 360 24047 358
100 360 25544 356
100 384 49460 378
100 356 26824 352
100 393 22749 389
100 391 19948 391
100 392 21987 384
100 384 15087 382
100 369 25161 369
100 381 21614 379
100 411 20771 411
100 379 18717 379
120 388 43696 380
120 401 28318 395
120 382 44233 376
120 379 24988 379
120 375 40595 369
120 418 42521 413
120 390 29818 386
120 393 36416 393
120 414 45945 410
120 408 23012 402
120 395 32360 389
120 380 46981 374
120 385 21480 380
120 384 34261 380
120 371 33779 368
120 380 75387 378
120 357 34862 352
120 395 35726 389
120 391 26476 391
120 395 37044 384
120 388 45381 386
120 372 36912 369
120 383 34564 379
120 411 32032 411
120 379 26672 379
140 388 82366 380
140 403 40875 395
140 385 45457 376
140 386 31534 381
140 375 51682 369
140 418 51289 413
140 390 44609 386
140 393 55626 393
140 416 60725 410
140 408 41362 402
140 395 62737 389
140 380 117115 374
140 385 30240 380
140 384 50103 380
140 399 61743 395
140 380 94609 378
140 358 34925 352
140 396 42474 389
140 391 32998 391
140 395 45973 384
140 387 57370 386
140 370 43466 369
140 383 43554 379
140 411 37891 411
140 379 33854 379
160 388 93756 380
160 403 53144 395
160 378 133242 376
160 386 74253 381
160 378 72618 369
160 418 78791 413
160 390 57593 386
160 393 107853 393
160 414 85503 410
160 408 51681 402
160 395 130462 389
160 377 111064 374
160 387 59779 380
160 382 70171 380
160 399 91276 395
160 378 155095 378
160 357 53209 352
160 396 53077 389
160 391 58172 391
160 397 92885 384
160 386 85995 386
160 370 51517 369
160 385 71406 379
160 412 77826 411
160 379 47995 379
180 388 136077 380
180 407 75166 395
180 378 98579 376
180 386 88433 381
180 375 134520 369
180 418 87975 413
180 390 81631 386
180 393 150163 393
180 414 110996 410
180 408 67170 402
180 395 167460 389
180 380 127816 374
180 390 87117 386
180 382 81242 380
180 407 115951 399
180 380 179037 378
180 360 94622 352
180 396 71923 389
180 391 71803 391
180 395 84212 384
180 387 101681 386
180 411 90916 402
180 388 81504 379
180 412 86153 411
180 379 85786 379
200 391 160951 380
200 409 96994 395
200 378 127440 376
200 392 116069 388
200 375 163649 369
200 418 112107 413
200 396 134596 386
200 397 148633 393
200 415 118582 410
200 408 96442 402
200 400 214646 389
200 384 141035 374
200 390 107186 386
200 382 151894 380
200 407 136136 399
200 382 205786 378
200 363 110253 352
200 396 127850 389
200 391 79680 391
200 395 105914 384
200 393 131915 386
200 410 133700 402
200 384 103079 379
200 411 137080 411
200 379 108765 379
220 391 171461 380
220 409 127096 395
220 378 156196 376
220 392 155555 388
220 373 233580 369
220 418 182890 413
220 392 169984 386
220 397 190891 393
220 418 173884 410
220 408 153640 402
220 400 244558 389
220 384 173297 374
220 393 122485 386
220 392 190508 383
220 407 183305 399
220 396 275199 388
220 371 153614 352
220 400 174760 389
220 391 102109 391
220 395 135527 384
220 395 205559 386
220 410 176804 402
220 384 134780 379
220 411 144036 411
220 379 146035 379
240 390 215606 380
240 409 191694 395
240 376 197140 376
240 392 226803 388
240 375 295505 369
240 420 263368 413
240 406 200575 398
240 399 208528 393
240 418 194075 410
240 408 208113 402
240 264 313298 389
240 385 239759 374
240 393 173027 386
240 409 230557 396
240 409 273732 399
240 406 220580 388
240 369 289547 352
240 402 208596 394
240 391 144844 391
240 395 177938 384
240 392 209863 386
240 411 231888 402
240 388 197942 379
240 411 160247 411
240 379 199817 379
260 390 221588 380
260 266 304970 395
260 376 243607 376
260 392 261390 388
260 375 302479 369
260 420 299946 413
260 406 240398 398
260 399 273225 393
260 418 273533 410
260 408 259580 402
260 266 304650 389
260 282 311275 410
260 397 229742 386
260 409 274647 396
260 272 306713 399
260 406 302084 388
260 242 303485 352
260 401 256950 394
