20 397 2480 395
20 328 2208 328
20 370 2472 370
20 343 2325 341
20 327 2303 325
20 319 2834 319
20 392 3153 392
20 326 1947 326
20 330 2187 330
20 324 2443 324
20 343 2448 343
20 435 2451 433
20 271 2023 271
20 293 1993 293
20 367 2822 365
20 336 2072 336
20 349 2396 349
20 346 2452 346
20 362 2103 362
20 344 2699 344
20 372 2563 370
20 320 1952 320
20 313 1997 313
20 349 2441 347
20 320 2662 320
40 397 3403 395
40 363 3057 359
40 370 3677 370
40 343 5153 341
40 327 2739 325
40 327 3709 325
40 392 3933 392
40 351 3499 351
40 330 2456 330
40 324 4195 324
40 382 3677 382
40 435 4406 433
40 382 3708 382
40 356 3325 352
40 367 3230 365
40 362 4358 362
40 349 4083 349
40 380 5337 380
40 362 2724 362
40 349 4186 347
40 372 3621 370
40 320 3745 320
40 359 4152 359
40 349 3511 347
40 351 4596 351
60 397 3768 395
60 363 4934 359
60 370 5560 370
60 343 5798 341
60 357 4195 357
60 335 4314 335
60 392 6839 392
60 368 6489 366
60 359 4869 359
60 324 4828 324
60 382 8904 382
60 435 5210 433
60 382 7798 382
60 356 5034 352
60 367 4859 365
60 362 6383 362
60 349 6330 349
60 380 9506 380
60 362 3473 362
60 349 6214 347
60 385 6348 378
60 323 4745 323
60 359 5323 359
60 349 4021 347
60 351 6544 351
80 397 6754 395
80 385 6565 383
80 371 7055 370
80 362 7922 362
80 357 6200 357
80 353 8605 353
80 392 11353 392
80 368 7625 366
80 359 6248 359
80 339 9197 339
80 392 10976 388
80 435 7375 433
80 382 8888 382
80 356 6631 352
80 367 6193 365
80 368 7528 368
80 410 13789 410
80 380 12267 380
80 365 7745 363
80 349 7952 347
80 385 9002 378
80 383 8837 376
80 359 6143 359
80 349 4837 347
80 372 10087 372
100 397 10408 395
100 385 8758 383
100 379 10588 379
100 372 10565 367
100 357 9631 357
100 353 12259 353
100 392 13044 392
100 368 9516 366
100 359 8884 359
100 339 11135 339
100 392 15539 388
100 435 12191 433
100 421 12717 417
100 379 10947 373
100 377 11367 377
100 368 9735 368
100 410 18293 410
100 380 13647 380
100 365 9950 363
100 349 11155 347
100 385 13764 378
100 383 10961 376
100 359 8614 359
100 349 7384 347
100 372 15629 372
120 397 12820 395
120 385 16168 383
120 379 13669 379
120 372 16704 367
120 364 12088 361
120 353 13551 353
120 392 18916 392
120 368 16854 366
120 359 11091 359
120 339 12839 339
120 396 23007 395
120 435 15036 433
120 421 26607 417
120 379 15875 373
120 377 15378 377
120 397 16121 395
120 410 20504 410
120 424 19280 422
120 365 12345 363
120 349 16093 347
120 385 18031 378
120 383 16974 376
120 375 17844 371
120 364 9523 360
120 403 18918 403
140 407 16149 401
140 385 20293 383
140 379 16964 379
140 372 20028 367
140 364 15996 361
140 372 19470 371
140 392 29302 392
140 376 20125 370
140 360 19618 359
140 339 16972 339
140 397 28026 395
140 435 25464 433
140 421 27213 417
140 379 20164 373
140 402 21264 400
140 416 21252 416
140 410 35362 410
140 424 24241 422
140 365 15598 363
140 370 23646 368
140 385 28308 378
140 383 20110 376
140 376 23610 371
140 364 15771 360
140 403 24219 403
160 407 35964 401
160 385 27907 383
160 379 35519 379
160 372 29773 367
160 387 23897 383
160 372 29913 371
160 392 33925 392
160 376 25315 370
160 360 22712 359
160 339 23856 339
160 397 32171 395
160 435 31000 433
160 421 35968 417
160 379 28068 373
160 402 29939 400
160 416 26825 416
160 410 40914 410
160 424 34338 422
160 365 21154 363
160 370 33997 368
160 387 35304 378
160 383 25061 376
160 376 25861 371
160 364 18161 360
160 403 33278 403
180 407 40310 401
180 385 33809 383
180 394 36602 392
180 372 27635 367
180 387 27400 383
180 372 31182 371
180 392 46034 392
180 376 34528 370
180 360 30359 359
180 339 29158 339
180 397 37039 395
180 435 39269 433
180 421 37064 417
180 382 42067 376
180 402 36733 400
180 416 35724 416
180 413 48931 410
180 424 48422 422
180 365 32347 363
180 370 42772 368
180 396 40171 392
180 383 34667 376
180 376 37059 371
180 364 20433 360
180 403 43113 403
200 407 46980 401
200 386 44204 383
200 394 46466 392
200 372 31954 367
200 387 53376 383
200 372 47504 371
200 392 52987 392
200 376 43518 370
200 360 35126 359
200 408 38608 408
200 397 47482 395
200 435 45641 433
200 421 49358 417
200 382 55812 376
200 402 43192 400
200 416 51673 416
200 413 59472 410
200 424 57566 422
200 367 38780 363
200 370 48073 368
200 396 47966 392
200 383 55154 376
200 376 41965 371
200 364 46477 360
200 403 51813 403
220 407 55675 401
220 386 51619 383
220 394 57828 392
220 413 42112 411
220 387 69075 383
220 377 58684 376
220 394 79133 392
220 377 51662 370
220 371 45799 364
220 408 61152 408
220 397 55058 395
220 435 63855 433
220 421 61014 417
220 382 68033 376
220 402 52663 400
220 416 57525 416
220 413 67712 410
220 424 65083 422
220 369 49633 367
220 370 61555 368
220 396 59457 392
220 384 64891 376
220 376 48760 371
220 365 55840 360
220 403 59580 403
240 407 67293 401
240 392 82375 391
240 394 75039 392
240 413 55457 411
240 389 84126 383
240 392 69228 385
240 398 89778 392
240 377 62705 370
240 403 62263 399
240 408 77652 408
240 397 79147 395
240 435 77856 433
240 421 69060 417
240 382 78943 376
240 402 61870 400
240 416 64964 416
240 413 85824 410
240 424 86704 422
240 369 72551 367
240 370 75921 368
240 396 71154 392
240 384 73341 376
240 376 53872 371
240 365 84161 360
240 403 70736 403
260 407 69727 401
260 392 109417 391
260 394 87589 392
260 413 79967 411
260 389 100307 383
260 392 85373 385
260 398 105118 392
260 377 76443 370
260 403 70954 399
260 408 84985 408
260 397 94005 395
260 435 88012 433
260 421 76043 417
260 384 99088 376
260 404 79762 400
260 416 86471 416
260 413 96509 410
260 424 103281 422
260 385 90582 385
260 370 94690 368
260 396 85144 392
260 384 79908 376
260 376 65267 371
260 365 93137 360
260 403 80343 403

280 407 95407 401
280 392 130763 391
280 394 103316 392
280 413 93093 411
280 389 121125 383
280 394 99984 385
280 398 131186 392
280 377 99095 370
280 403 95647 399
280 408 100737 408
280 397 125721 395
280 435 115465 433
280 421 85308 417
280 384 111741 376
280 404 120831 400
280 416 105689 416
280 413 125185 410
280 424 143629 422
280 385 120887 385
280 370 106177 368
280 396 114515 392
280 384 104638 376
280 379 86285 371
280 378 110426 374
280 403 110248 403
300 407 111444 401
300 392 140097 391
300 394 112300 392
300 413 120038 411
300 389 134287 383
300 394 108723 385
300 398 144438 392
300 377 129765 370
300 403 109337 399
300 408 112467 408
300 397 142956 395
300 435 127421 433
300 421 110236 417
300 384 123354 376
300 406 143648 400
300 416 123457 416
300 413 147104 410
300 424 167873 422
300 385 141404 385
300 373 123389 368
300 396 137772 392
300 384 108450 376
300 379 102002 371
300 387 147126 387
300 403 129918 403
320 407 132618 401
320 392 162467 391
320 395 162277 392
320 413 135235 411
320 389 164053 383
320 394 138924 385
320 398 175203 392
320 379 173763 370
320 406 143462 399
320 410 123423 408
320 397 173865 395
320 435 164726 433
320 421 130233 417
320 384 142050 376
320 406 171110 400
320 416 149170 416
320 413 162280 410
320 424 226208 422
320 385 156141 385
320 375 137629 368
320 396 175127 392
320 389 156932 376
320 382 147230 376
320 387 169917 387
320 403 158187 403
340 407 148733 401
340 394 199843 391
340 395 187357 392
340 413 165797 411
340 389 185896 383
340 396 180238 385
340 398 211147 392
340 379 198532 370
340 405 164712 399
340 414 157437 408
340 398 180641 395
340 435 194824 433
340 423 154028 417
340 386 190113 376
340 406 197993 400
340 416 173144 416
340 414 208274 410
340 424 246952 422
340 385 204666 385
340 376 166349 368
340 396 196740 392
340 389 186346 376
340 383 174236 376
340 387 187022 387
340 403 175910 403
360 407 183400 401
360 394 223057 391
360 395 206018 392
360 413 194057 411
360 389 220393 383
360 396 215147 385
360 398 251378 392
360 379 226863 370
360 405 185437 399
360 414 189246 408
360 398 220099 395
360 435 232419 433
360 423 194369 417
360 386 220314 376
360 425 226495 425
360 416 195453 416
360 414 228901 410
360 424 259442 422
360 386 251030 385
360 399 224670 395
360 396 244674 392
360 389 217737 376
360 387 203462 387
360 417 222357 413
360 403 205686 403
380 406 233011 401
380 394 259412 391
380 395 250116 392
380 415 233480 411
380 389 266718 383
380 396 293907 385
380 401 284565 392
380 385 268653 379
380 406 222392 399
380 414 228530 408
380 398 247406 395
380 435 269002 433
380 423 280959 417
380 384 252901 376
380 425 261564 425
380 416 219983 416
380 414 276042 410
380 282 312817 422
380 385 294905 385
380 399 261755 395
380 401 290351 392
380 389 226857 376
380 387 231842 387
380 417 284779 413
380 403 243984 403
400 406 264540 401
400 398 300459 391
400 395 275793 392
400 415 256617 411
400 391 301876 383
400 396 294785 385
400 401 296110 392
400 387 300512 379
400 406 284211 399
400 418 286632 408
400 398 281234 395
400 289 311318 433
400 279 311870 417
400 384 265495 376
400 283 317487 425
400 416 254496 416
400 415 305635 410
400 282 313890 422
400 256 310444 385
400 263 315186 395
400 265 311243 392
400 389 260439 376
400 257 309653 387
400 279 317435 413
400 403 269279 403
