20 924 18334 924
20 789 10474 785
20 927 12474 921
20 822 12467 818
20 997 13795 995
20 998 14071 996
20 931 20279 927
20 909 10802 907
20 991 13684 989
20 835 12109 831
20 1000 17204 998
20 868 11766 862
20 967 11740 967
20 1047 14185 1043
20 936 14520 930
20 835 13367 833
20 945 11336 939
20 939 17018 937
20 1030 26591 1024
20 934 12728 928
20 875 11039 873
20 892 10812 888
20 865 10985 861
20 956 15712 954
20 940 24885 935
40 924 20073 924
40 872 15240 868
40 927 14426 921
40 822 16752 818
40 1020 32846 1018
40 1007 23470 1003
40 933 27079 927
40 913 20000 907
40 991 17291 989
40 841 16907 839
40 1001 23086 998
40 1004 22113 1000
40 967 22251 967
40 1047 27749 1043
40 966 25172 964
40 835 13903 833
40 945 32530 939
40 1125 40799 1121
40 1032 32572 1024
40 1072 21685 1068
40 957 21077 955
40 892 16584 888
40 951 19751 945
40 1025 24924 1020
40 940 32218 935
60 924 22780 924
60 872 23006 868
60 927 18318 921
60 839 22418 831
60 1020 37489 1018
60 1009 35549 1003
60 966 24851 964
60 979 30360 973
60 991 31925 989
60 930 21543 926
60 1003 37725 998
60 1006 27917 1000
60 1021 29711 1013
60 1047 53139 1043
60 1033 41235 1027
60 836 21484 833
60 947 40509 939
60 1125 46814 1121
60 1034 48305 1024
60 1072 30560 1068
60 957 21909 955
60 892 48502 888
60 961 27920 957
60 1025 52762 1020
60 992 40733 986
80 925 30249 924
80 914 27226 908
80 1003 45894 999
80 879 26242 871
80 1038 57650 1034
80 1009 42762 1003
80 966 30297 964
80 978 45901 973
80 1036 47471 1026
80 935 31528 926
80 1002 49092 998
80 1083 37308 1081
80 1021 44514 1013
80 1047 73098 1043
80 1037 63937 1027
80 836 25542 833
80 947 43923 939
80 1127 83433 1121
80 1034 71322 1024
80 1072 50270 1068
80 1062 52464 1058
80 948 54899 944
80 971 38684 963
80 1044 63148 1036
80 992 69476 986
100 1023 58468 1017
100 914 50941 908
100 1001 59922 999
100 1013 55633 1005
100 1038 76587 1034
100 1009 60649 1003
100 968 38204 964
100 1009 74327 1005
100 1038 63863 1026
100 999 47348 987
100 1006 62449 998
100 1083 57439 1081
100 1021 54861 1013
100 1049 76760 1043
100 1035 56495 1027
100 986 53240 982
100 982 53189 974
100 1129 93670 1121
100 1034 91390 1024
100 1072 49026 1068
100 1064 58667 1058
100 962 71856 955
100 971 47819 963
100 1066 102358 1058
100 1045 80033 1037
120 1048 86314 1040
120 916 73014 908
120 1005 75621 999
120 1013 75489 1005
120 1038 82141 1034
120 1015 78445 1010
120 968 45736 964
120 1009 83433 1005
120 1064 95308 1054
120 994 62663 987
120 1006 79765 998
120 1085 75351 1081
120 1021 110648 1013
120 1051 82804 1043
120 1035 102498 1027
120 1040 73516 1036
120 994 73112 990
120 1127 125631 1121
120 1034 117618 1024
120 1095 75317 1092
120 1064 102655 1058
120 980 117990 974
120 973 78035 963
120 1068 139949 1058
120 1045 99777 1037
140 1048 147096 1040
140 1003 96957 993
140 1008 116762 999
140 1013 85251 1005
140 1038 107065 1034
140 1015 93835 1010
140 970 77381 964
140 1013 102984 1005
140 1064 125128 1054
140 997 92894 987
140 1009 114919 999
140 1089 144113 1081
140 1020 160777 1013
140 1051 189386 1043
140 1035 131309 1027
140 1042 88641 1036
140 994 87844 990
140 1127 149427 1121
140 1034 161554 1024
140 1095 92869 1092
140 1062 130517 1058
140 980 143029 974
140 975 127145 963
140 1068 163968 1058
140 1043 154241 1037
160 1046 170492 1040
160 1001 144652 993
160 1062 121756 1049
160 1013 109243 1005
160 1040 134523 1034
160 1018 103475 1010
160 972 93228 964
160 1009 126723 1005
160 1064 151608 1054
160 1041 123084 1023
160 1013 142166 999
160 1089 207187 1081
160 1020 134332 1013
160 1053 154239 1043
160 1037 169897 1027
160 1042 108004 1036
160 994 148188 990
160 1131 160728 1121
160 1034 184583 1024
160 1092 155841 1092
160 1064 155199 1058
160 982 159850 974
160 975 135233 963
160 1068 196202 1058
160 1045 167490 1037
180 1048 186127 1040
180 1001 178161 993
180 1061 177561 1049
180 1013 132834 1005
180 1042 171378 1034
180 1018 160537 1010
180 972 140947 964
180 1009 143420 1005
180 1064 171704 1054
180 1035 198178 1023
180 1017 201530 999
180 1089 247131 1081
180 1046 180313 1042
180 1051 180698 1043
180 1036 174222 1027
180 1042 138653 1036
180 996 249656 990
180 1131 204446 1121
180 1034 199796 1024
180 1095 209776 1092
180 1071 194443 1059
180 982 188343 974
180 1000 206139 986
200 1052 275021 1040
200 1005 215993 993
200 1063 207040 1049
200 1013 167303 1005
200 1042 284302 1034
200 1018 196633 1010
200 972 190363 964
200 1017 171891 1007
200 1067 193134 1054
200 1039 289322 1023
200 1017 227295 999
200 1085 279952 1081
200 1048 315632 1042
200 1054 302620 1043
200 1057 197797 1050
200 1042 181893 1036
200 998 292935 990
200 1129 271425 1121
200 1034 270693 1024
200 1095 283812 1092
200 1070 262174 1059
200 995 237072 984
200 992 224249 986
