570160 54 203398 55 18241 61 54
456423 51 171631 52 10000 59 51
489520 51 265235 53 14872 59 50
214459 52 200083 53 11644 59 52
169688 51 150900 52 10645 58 50
521415 53 162642 50 10752 58 49
170786 59 434649 59 18446 60 59
603939 54 290399 55 13971 59 54
432426 52 189665 52 16198 55 52
331843 53 159303 52 7037 54 52
435489 55 374244 55 10723 57 55
314142 50 116110 49 12322 57 48
345403 51 233291 52 22053 57 50
548550 57 424037 57 24354 60 57
365344 54 449256 54 13147 58 54
467622 53 158382 53 7128 56 53
246136 54 200891 54 18602 58 54
133036 52 167840 52 10942 58 50
584744 50 222210 51 334625 55 49
403742 51 600000 50 46776 59 50
522675 53 212002 52 25349 57 50
432899 50 156424 51 8472 54 49
186276 51 173206 52 16083 59 51
386649 52 165218 52 7077 55 51
517236 51 206151 52 9421 56 51
478450 53 466262 51 21841 57 50
309199 55 240567 55 10363 58 55
418979 53 155895 52 13152 59 52
433644 56 395494 56 600000 56 56
532267 51 261862 52 19287 58 51
484480 52 182273 52 34294 57 52
392811 53 181035 53 27733 56 53
306508 54 209265 53 13316 58 53
