10377 49 16602 49 3484 53 47
14033 53 16723 53 3588 56 53
7634 53 16740 53 4434 59 53
8962 52 13504 52 3746 56 52
10240 52 15528 52 2926 56 52
6827 54 14296 54 3492 56 54
7608 50 14481 51 2628 51 50
8453 50 11602 50 2955 54 49
8414 52 16368 52 3203 57 51
11603 50 13086 51 3327 54 49
8629 54 17952 54 3563 56 54
8770 53 19915 52 3280 56 52
8161 57 15871 57 3665 57 57
9869 51 11983 51 3012 54 51
25946 54 17827 54 2767 55 54
7093 58 28127 58 3064 58 58
15834 51 13942 50 3173 53 50
83004 53 49798 55 3917 57 53
6022 53 13085 53 2725 55 53
13164 53 27152 53 4352 57 53
7977 52 14171 52 2748 55 52
54112 69 14753 52 2526 54 52
9063 50 17035 52 3956 56 50
6346 52 12551 50 2765 54 50
9131 53 18113 53 4120 59 53
7360 53 12227 51 2790 54 51
10422 54 12871 54 2873 56 54
6521 53 16475 53 2924 56 53
6308 47 8204 47 2341 50 47
10700 51 15725 51 3051 55 51
7713 54 13741 53 2885 56 53
7204 49 9850 49 3264 55 49
7420 51 13914 51 3377 54 49
12497 51 13113 51 2505 54 51
7046 55 22001 55 3369 57 55
10713 56 26769 54 4337 57 54
9985 51 26159 53 3464 56 51
7758 55 19746 55 3186 56 55
6410 50 12220 50 2642 53 50
14095 51 10788 51 2646 53 51
9296 54 18056 54 2694 54 54
7542 50 17056 51 3513 55 49
6234 53 13550 53 2653 55 53
7212 53 12890 53 4126 58 53
9584 53 16916 54 4723 57 53
8079 49 13513 49 3552 55 48
7402 52 17419 52 3121 56 52
8809 50 14231 49 4979 54 49
7011 52 14446 52 2958 54 52
8169 51 13800 52 2852 56 51
