26813 53 70991 53 6678 59 53
45893 54 59233 54 7576 57 54
46753 55 95246 55 13496 59 55
26204 50 33822 50 5689 57 50
28203 52 57674 52 6647 57 52
22797 52 47586 52 5918 58 52
72017 55 74257 55 6598 57 54
19766 49 37889 50 5992 55 49
38687 55 74680 55 6753 57 55
116618 52 49662 52 4583 55 51
58935 50 46241 49 4464 54 49
65042 56 67591 54 5607 57 54
43404 58 113818 58 9132 59 58
271924 54 107081 56 9367 58 54
32356 54 55959 54 4470 56 54
84808 58 110885 58 6830 58 58
62940 53 75568 53 7159 57 53
234489 52 59759 52 7033 57 52
60529 53 60643 53 9096 56 53
95952 53 72496 53 4467 55 53
44857 56 72352 56 7041 57 56
50168 57 79612 57 6645 58 55
54529 52 48139 52 5068 56 52
13134 56 57659 55 6791 57 55
56957 54 65210 54 4619 56 53
19512 50 25980 49 3765 52 49
31653 54 79969 54 6250 58 54
48097 52 60858 52 4228 54 51
63146 56 131939 56 5424 56 56
36525 52 48157 52 5075 56 52
80540 55 78846 55 6742 57 55
44845 56 98243 56 9041 58 56
34768 52 229598 53 6767 55 52
49580 51 51979 52 6214 56 51
35459 54 113146 55 11305 57 53
81740 51 57133 52 6081 55 51
60479 57 50902 57 6520 57 57
334972 53 96741 53 6260 57 53
48180 53 80497 55 6789 57 53
40726 54 64532 54 6526 57 54
31362 51 47519 52 5674 57 51
133356 53 67176 54 6817 58 53
39360 55 91946 56 6058 58 54
118276 57 129639 57 6773 58 57
61946 50 36263 51 6431 56 50
36547 55 83248 56 7367 59 55
52208 52 61988 52 6148 58 51
44994 55 68324 55 4501 56 54
23554 52 55353 52 6778 56 52
73904 50 49812 50 7031 54 49
