27291 54 34408 54 3935 57 53
15825 51 21540 53 4243 57 51
8836 54 25848 54 3616 55 54
12333 54 23273 54 4337 57 54
137304 52 22297 52 3742 56 50
48596 52 36450 52 4836 58 52
18291 52 22459 52 4279 56 52
15594 51 25661 51 4529 56 50
12599 54 20078 54 5250 57 52
14411 51 27781 53 5318 58 51
18137 52 28886 52 5078 55 52
14366 55 35994 55 4534 56 55
52878 58 53433 59 4830 59 58
8540 52 21084 52 5113 59 52
16122 54 27614 53 3683 54 53
20489 54 27395 53 8434 59 53
18974 56 26704 53 5698 55 52
66977 58 59254 58 4150 58 58
12123 52 17696 51 4110 54 51
16822 50 20927 51 4679 54 50
16841 54 22518 52 3555 55 52
16606 55 42636 55 3617 56 55
37412 53 42261 53 4842 57 53
20977 51 26959 50 4935 55 47
21000 53 32785 53 5071 57 53
11661 53 23365 53 3883 55 53
15170 55 28042 55 6107 58 55
12584 51 20020 52 3826 54 51
19579 53 45078 53 5664 57 53
10066 51 23677 51 3806 56 50
12258 50 20562 51 4383 54 50
16312 53 48531 53 3796 55 51
23137 52 15232 50 3877 52 50
9513 51 21838 51 4799 55 51
14831 56 39227 56 5195 57 56
19361 53 23705 53 3463 55 53
16191 51 16026 52 3170 54 51
14613 56 34391 56 3714 56 56
11773 54 19372 54 3830 56 54
12433 51 22748 52 5075 58 51
17249 52 22701 51 3507 52 51
9159 51 14351 50 3632 54 50
20567 52 18031 52 3458 54 52
16894 54 23493 54 3552 55 54
14599 50 19581 49 2929 52 49
20637 52 19303 52 3832 55 51
23507 55 37549 56 5201 59 55
31428 52 24769 52 4440 57 51
11372 52 23970 52 4016 55 52
18203 50 17898 50 2627 52 50
