28567 54 41819 54 4639 56 54
18142 52 36067 52 4998 57 52
86461 58 83179 53 5749 56 53
77183 52 46300 52 6946 56 51
74146 53 16350 47 4105 54 47
94044 52 42514 52 6580 58 52
23194 53 71442 55 10222 60 53
29921 52 41187 52 5665 57 52
26245 51 38753 52 4270 55 51
50415 53 35481 53 5151 56 53
20190 52 49597 52 7859 57 52
13249 52 31103 52 4595 56 52
73690 52 33700 52 4952 55 52
72029 56 64148 56 6436 59 56
20815 52 36906 52 6731 58 51
81291 51 34228 51 5496 54 50
17731 52 38157 52 4921 55 52
56961 48 30576 48 4208 51 47
18781 52 39669 52 5444 57 52
13915 50 26168 50 4470 56 49
22271 52 34425 52 5498 57 52
25566 49 43801 49 4090 52 49
19946 51 28420 52 4704 55 51
41679 52 38447 52 6357 59 52
28114 55 57877 55 5379 57 53
34104 54 52391 55 5814 59 54
33086 53 45538 53 4597 55 53
18642 51 32888 51 4711 56 50
37527 55 57597 55 4215 57 55
89588 51 55078 52 5047 54 51
23378 52 67485 52 6232 59 52
179931 54 49117 54 7953 59 54
29224 54 30763 54 5015 56 54
28865 55 73396 55 4709 56 55
21410 52 44147 52 6383 57 51
13396 52 38316 51 3824 54 51
29949 54 48486 54 4708 55 54
20268 51 24113 51 4607 54 51
38971 56 67361 56 5737 58 55
32944 53 71438 54 4733 58 53
29474 55 51513 55 4975 58 55
38345 55 78771 55 6392 58 55
59967 54 58856 53 4751 58 53
194785 53 46462 53 4206 55 53
31902 52 44089 52 6122 56 52
47105 53 36342 53 6247 57 53
125453 56 64744 56 5335 59 56
28660 51 30490 52 7199 57 51
28572 51 44100 52 4417 57 51
14964 56 49466 56 5454 58 56
