390658 55 205675 56 8701 58 55
121638 53 93665 52 10323 57 52
64445 53 76995 52 6865 57 52
59119 51 69369 52 8482 56 50
106401 55 84892 54 5654 56 54
47346 54 82598 54 4780 54 54
265204 52 103754 52 7252 56 51
85694 54 99734 55 4966 56 54
122236 47 43789 49 11518 57 47
43496 56 101723 56 5659 56 56
76448 50 61988 51 8428 58 49
396393 50 65731 49 7019 55 48
90722 50 60227 49 7095 54 48
154591 52 64809 52 4645 55 51
88488 54 110435 54 7645 59 54
69147 54 88902 53 7149 56 53
69766 51 114897 52 8574 55 50
42400 54 53600 52 7280 59 52
130282 55 84347 54 5410 57 54
404449 56 100055 56 11483 58 56
76936 54 82041 53 8965 58 53
41835 54 84250 54 5229 56 54
53986 52 71025 53 7374 59 51
227051 55 116038 55 11988 62 55
73369 53 103180 53 5841 56 53
49673 52 97993 53 7655 57 51
113875 54 106154 54 7145 57 54
461861 54 71151 52 9109 58 52
55564 52 65337 52 8406 54 52
78093 54 121543 55 5008 56 54
154109 57 168886 57 10001 59 57
35035 54 74787 55 8501 58 54
83351 54 89119 54 6511 56 54
316177 58 210126 58 10073 60 58
140854 55 135565 55 8540 58 55
81162 55 97028 55 6024 57 55
69490 54 87965 54 16596 59 54
31174 54 89739 54 7878 59 54
78255 54 111343 54 8020 58 54
61684 55 132064 56 8610 58 55
54551 56 113977 56 9141 57 56
299886 55 90208 55 7735 58 55
153615 55 166416 54 11834 60 53
37868 53 66606 52 7768 58 52
30802 53 146706 54 13407 59 53
83584 55 105956 55 7351 58 55
36490 52 109032 54 10164 59 52
299555 54 126942 55 4965 55 54
52564 53 127586 53 6180 57 53
