100 209 1501 210
100 213 1392 210
100 210 1368 211
100 182 1141 183
100 209 1515 208
100 209 1413 210
100 195 1433 196
100 175 1414 175
100 203 1349 204
100 193 1521 193
200 210 4487 210
200 218 5122 217
200 212 4957 211
200 191 4061 188
200 209 4870 208
200 211 4802 210
200 203 4679 202
200 198 4001 195
200 205 5223 204
200 195 4813 193
300 221 13781 218
300 220 11900 217
300 214 19416 211
300 191 12384 188
300 209 13775 208
300 211 13743 210
300 208 16775 202
300 198 15450 195
300 223 15754 224
300 194 12977 193
400 224 34448 221
400 220 29730 217
400 214 35555 211
400 213 34273 214
400 209 34068 208
400 211 35402 210
400 210 36709 202
400 199 37106 195
400 223 35014 224
400 215 34871 212
500 228 73980 221
500 222 71388 217
500 218 82453 212
500 237 84372 231
500 212 75736 208
500 212 69832 210
500 210 68224 202
500 201 68185 195
500 232 79879 225
500 215 72436 212
600 228 160036 221
600 223 126489 217
600 226 146485 222
600 237 158059 231
600 214 141922 208
600 212 135531 210
600 210 133107 202
600 201 139946 195
600 232 149857 225
600 215 134128 212
600 228 154497 221
600 223 133543 217
600 223 143721 222
600 237 145628 231
600 214 135765 208
600 214 133643 210
600 210 134043 202
600 201 142252 195
600 232 149338 225
600 215 141799 212
700 226 285792 221
700 223 238347 217
700 225 274267 222
700 237 253532 231
700 241 264264 236
700 224 246159 210
700 211 219999 205
700 204 279266 195
700 233 258778 225
700 215 231567 212
800 229 442156 221
800 227 403947 221
800 231 416161 222
800 237 470745 231
800 241 499070 236
800 219 429632 210
800 211 387591 206
800 219 435607 207
800 235 390022 225
800 217 353654 212
900 229 635078 221
900 234 648825 221
900 231 625710 222
900 237 747984 231
900 241 768576 236
900 227 657185 218
900 213 615211 206
900 218 625101 207
900 235 635529 225
900 218 631833 212
