10 53 395 53
10 40 132 40
10 42 235 42
10 44 132 44
10 41 118 41
10 49 220 49
10 41 125 41
10 39 125 39
10 37 118 37
10 43 124 43
20 53 338 53
20 40 241 40
20 46 353 46
20 44 336 44
20 48 243 48
20 49 335 49
20 46 238 46
20 45 247 45
20 43 244 43
20 43 241 43
30 54 665 53
30 47 456 47
30 46 457 46
30 44 451 44
30 48 474 48
30 49 575 49
30 46 447 46
30 45 448 45
30 50 556 50
30 52 560 52
40 54 784 53
40 47 569 47
40 46 575 46
40 46 566 46
40 48 572 48
40 49 569 49
40 46 591 46
40 45 560 45
40 50 676 50
40 52 678 52
50 54 989 53
50 47 798 47
50 47 694 47
50 48 987 46
50 48 697 48
50 49 684 49
50 46 684 46
50 45 677 45
50 50 900 50
50 52 1003 52
60 54 1209 53
60 47 926 47
60 47 833 47
60 48 1506 46
60 48 928 48
60 49 904 49
60 46 805 46
60 45 806 45
60 50 913 50
60 52 1019 52
70 54 1423 53
70 47 1023 47
70 47 928 47
70 50 1625 49
70 50 1335 50
70 51 1121 51
70 46 1036 46
70 45 910 45
70 59 1635 59
70 54 1239 54
80 54 1670 53
80 47 1136 47
80 47 1159 47
80 50 1888 49
80 50 1471 50
80 51 1361 51
80 46 1141 46
80 45 1027 45
80 59 1765 59
80 54 1359 54
90 54 1670 53
90 51 1584 51
90 47 1371 47
90 50 2078 49
90 50 1680 50
90 52 1464 51
90 46 1250 46
90 55 1854 55
90 59 2402 59
90 54 1674 54
100 54 1988 53
100 51 1700 51
100 47 1481 47
100 50 2330 49
100 50 1707 50
100 52 1673 51
100 46 1290 46
100 55 1977 55
100 59 2395 59
100 54 1694 54
110 54 2104 53
110 51 1995 51
110 48 2517 47
110 50 2516 49
110 50 2017 50
110 54 2715 51
110 46 1389 46
110 55 2087 55
110 59 2525 59
110 54 1908 54
120 55 2623 53
120 51 2108 51
120 48 3025 47
120 50 2569 49
120 50 2421 50
120 54 2960 51
120 46 1623 46
120 55 2407 55
120 59 2854 59
120 54 2248 54
130 55 2864 53
130 51 2690 51
130 49 3285 47
130 53 3130 51
130 50 2446 50
130 54 3166 51
130 46 2027 46
130 55 2752 55
130 59 3180 59
130 54 2370 54
140 55 3285 53
140 51 2432 51
140 49 3974 47
140 54 3478 51
140 50 2769 50
140 54 3490 51
140 46 2146 46
140 55 2830 55
140 59 3210 59
140 54 2458 54
150 55 3598 53
150 51 2667 51
150 49 4259 47
150 54 3942 51
150 50 4182 50
150 54 4239 51
150 48 2903 46
150 55 3680 55
150 59 3498 59
150 54 3798 54
160 55 5953 53
160 51 4223 51
160 49 3913 47
160 55 4893 51
160 50 3112 50
160 54 4631 51
160 48 3495 46
160 55 4074 55
160 59 4264 59
160 54 4105 54
170 55 6334 53
170 51 4410 51
170 49 4622 47
170 55 6244 51
170 50 5229 50
170 54 5522 51
170 48 3402 46
170 55 3896 55
170 59 4823 59
170 54 4837 54
180 55 6375 53
180 51 5408 51
180 52 4192 50
180 55 8056 51
180 50 5745 50
180 54 5425 51
180 48 3928 46
180 55 4739 55
180 59 4457 59
180 54 5249 54
190 56 11932 53
190 51 7610 51
190 52 4372 50
190 55 8770 51
190 51 6311 50
190 54 5624 51
190 49 5874 46
190 55 6219 55
190 59 7806 59
190 54 11648 54
200 56 12572 53
200 51 8179 51
200 52 7313 50
200 55 17265 51
200 51 6523 50
200 54 6704 51
200 51 12870 47
200 55 6602 55
200 59 7298 59
200 54 10409 54
210 56 16170 53
210 51 11469 51
210 52 6656 50
210 55 16057 51
210 53 8424 50
210 54 7412 51
210 51 12088 47
210 55 6948 55
210 59 11730 59
210 54 14361 54
220 56 23993 53
220 51 23926 51
220 52 9708 50
220 55 34425 51
220 58 8660 50
220 58 8384 51
220 51 24626 47
220 55 9085 55
220 59 11251 59
220 54 21971 54
230 56 21995 53
230 51 14870 51
230 52 12908 51
230 55 37673 51
230 58 10060 50
230 58 63950 52
230 51 30588 47
230 55 9924 55
230 59 12355 59
230 54 19617 54
240 56 40358 53
240 51 16218 51
240 52 15121 51
240 55 25461 51
240 59 20336 50
240 58 51049 52
240 52 65572 47
240 55 16956 55
240 59 16198 59
240 54 28583 54
250 56 48374 53
250 51 22224 51
250 55 53064 51
250 56 149376 51
250 54 29407 50
