10 232 128 232
10 192 111 190
10 204 107 204
10 260 114 259
10 204 110 203
10 218 114 216
10 226 104 225
10 213 105 211
10 184 106 184
10 278 106 276
10 264 105 262
10 207 104 205
10 200 106 200
10 245 106 245
10 245 106 245
10 212 105 205
10 193 105 190
10 257 107 253
10 245 105 245
10 219 106 219
10 169 107 165
10 239 105 238
10 266 106 266
10 228 106 226
10 191 112 191
20 475 106 473
20 421 108 415
20 484 115 482
20 426 116 414
20 519 115 515
20 423 113 417
20 468 120 464
20 477 114 471
20 392 108 392
20 506 109 502
20 486 112 478
20 407 108 402
20 413 107 409
20 451 125 444
20 516 108 510
20 436 106 424
20 438 108 431
20 478 108 472
20 482 107 480
20 483 108 477
20 348 107 344
20 427 108 425
20 449 108 441
20 480 107 476
20 412 108 407
30 722 110 719
30 663 210 650
30 691 220 687
30 631 212 611
30 715 211 699
30 651 111 640
30 616 212 608
30 654 111 645
30 679 110 676
30 747 111 738
30 692 110 677
30 633 112 626
30 605 209 595
30 713 218 697
30 747 111 739
30 636 111 616
30 695 111 683
30 691 111 667
30 695 111 689
30 749 113 743
30 533 108 521
30 615 122 606
30 674 112 664
30 748 111 724
30 684 109 680
40 963 213 939
40 904 217 885
40 903 113 895
40 853 221 831
40 955 224 934
40 880 112 860
40 909 213 888
40 833 216 799
40 936 232 914
40 1015 122 1001
40 956 213 932
40 893 118 870
40 825 215 804
40 923 233 898
40 966 217 952
40 854 212 830
40 920 222 903
40 910 214 879
40 945 116 930
40 986 219 969
40 702 110 688
40 811 113 800
40 893 214 874
40 988 223 959
40 892 215 875
50 1131 217 1113
50 1099 216 1066
50 1183 223 1163
50 1111 221 1074
50 1207 318 1176
50 1099 220 1067
50 1121 321 1079
50 1068 216 1029
50 1179 218 1142
50 1220 218 1189
50 1204 221 1167
50 1181 217 1133
50 1074 315 1019
50 1149 217 1108
50 1241 218 1219
50 1074 216 1040
50 1132 216 1099
50 1152 224 1097
50 1145 218 1118
50 1216 222 1189
50 947 213 920
50 1037 114 1022
50 1101 215 1072
50 1216 220 1172
50 1125 219 1098
60 1354 322 1325
60 1336 320 1288
60 1475 219 1446
60 1320 326 1282
60 1482 334 1432
60 1372 233 1311
60 1347 421 1291
60 1261 320 1233
60 1393 322 1341
60 1475 322 1434
60 1480 334 1410
60 1385 322 1336
60 1258 440 1184
60 1439 324 1382
60 1461 321 1414
60 1270 322 1231
60 1373 320 1319
60 1383 219 1313
60 1408 220 1369
60 1399 322 1362
60 1185 219 1160
60 1270 219 1246
60 1356 221 1315
60 1479 329 1423
60 1309 224 1273
70 1574 424 1526
70 1582 324 1515
70 1724 325 1673
70 1586 324 1536
70 1717 626 1657
70 1646 436 1545
70 1579 531 1480
70 1529 422 1462
70 1696 749 1605
70 1766 343 1709
70 1685 535 1603
70 1581 322 1518
70 1521 536 1423
70 1725 431 1634
70 1726 324 1648
70 1488 423 1421
70 1604 424 1525
70 1671 340 1608
70 1636 325 1555
70 1692 324 1642
70 1440 319 1382
70 1472 323 1439
70 1582 325 1511
70 1737 339 1667
70 1515 435 1460
80 1819 537 1757
80 1802 438 1719
80 1966 334 1899
80 1816 550 1750
80 1946 1090 1856
80 1951 633 1819
80 1788 852 1656
80 1735 633 1650
80 1962 878 1850
80 2055 533 1958
80 1901 645 1799
80 1859 442 1785
80 1741 628 1637
80 1995 654 1866
80 1898 638 1796
80 1724 438 1645
80 1857 544 1769
80 1953 535 1860
80 1908 432 1812
80 1871 533 1801
80 1642 539 1572
80 1711 427 1657
80 1814 426 1711
80 1919 536 1830
80 1751 527 1678
90 2187 656 2106
90 2132 644 2018
90 2243 538 2125
90 2099 745 2001
90 2202 738 2112
90 2217 758 2045
90 2057 1091 1895
90 1995 874 1898
90 2191 991 2070
90 2311 570 2193
90 2128 854 1991
90 2074 656 1978
90 2026 752 1890
90 2296 861 2137
90 2126 862 1978
90 1956 883 1850
90 2061 654 1938
90 2280 646 2137
90 2153 664 2027
90 2149 750 2073
90 1808 745 1719
90 1993 636 1906
90 2048 656 1947
90 2188 646 2068
90 2028 769 1935
100 2440 747 2324
100 2364 885 2221
100 2545 752 2388
100 2278 1200 2138
100 2463 986 2340
100 2453 1070 2211
100 2320 1215 2130
100 2261 1087 2129
100 2427 1112 2286
100 2593 1220 2423
100 2391 1282 2194
100 2258 767 2136
100 2285 967 2128
100 2521 1179 2333
100 2403 1060 2226
100 2245 1076 2080
100 2239 956 2095
100 2510 887 2325
100 2432 886 2266
100 2373 995 2282
100 2068 850 1956
100 2265 763 2131
100 2297 1069 2140
100 2483 792 2323
100 2224 1181 2096
110 2693 993 2556
110 2610 1200 2429
110 2830 818 2646
110 2510 1194 2356
110 2741 1070 2587
110 2771 1363 2480
110 2590 1485 2367
110 2473 1703 2318
110 2730 1417 2507
110 2823 1648 2609
110 2718 2008 2444
110 2528 1071 2361
110 2537 987 2351
110 2781 1712 2538
110 2712 1546 2499
110 2470 1276 2278
110 2510 1729 2316
110 2830 1090 2582
110 2653 1187 2462
110 2671 1232 2539
110 2293 1080 2150
110 2517 1080 2360
110 2559 1484 2363
110 2761 1324 2532
110 2468 1508 2311
120 2928 1186 2758
120 2857 1943 2626
120 3105 1007 2878
120 2762 1418 2581
120 2977 1491 2781
120 2977 1917 2682
120 2883 1742 2613
120 2681 2202 2491
120 3034 1658 2770
120 3121 2223 2864
120 3004 2475 2705
120 2817 1297 2613
120 2725 1450 2523
120 3052 2499 2747
120 2960 1818 2731
120 2763 1624 2542
120 2803 1632 2576
120 3152 1403 2852
120 2987 1507 2713
120 2957 1615 2779
120 2534 1531 2356
120 2812 1517 2604
120 2811 1850 2584
120 3035 1554 2780
120 2662 1790 2478
130 3212 1517 2983
130 3116 2179 2856
130 3392 1537 3097
130 3066 2411 2813
130 3259 2117 3012
130 3235 2259 2903
130 3184 2266 2854
130 2989 2562 2763
130 3307 2580 2975
130 3383 2698 3095
130 3324 3309 2971
130 3077 1503 2844
130 2973 1652 2728
130 3336 3176 2978
130 3305 2245 3023
130 3003 1869 2745
130 3074 2136 2807
130 3395 2045 3048
130 3274 1966 2935
130 3116 2209 2910
130 2866 2361 2630
130 3104 2055 2837
130 3141 2761 2829
130 3295 2070 3002
130 3053 2304 2828
140 3485 2221 3202
140 3310 2869 3027
140 3612 2166 3269
140 3392 2979 3049
140 3553 3022 3209
140 3583 3024 3169
140 3487 4440 3082
140 3224 3718 2952
140 3548 3361 3188
140 3597 3976 3271
140 3552 3874 3152
140 3312 2038 3031
140 3246 2011 2954
140 3628 3498 3226
140 3588 2670 3278
140 3230 2459 2945
140 3395 3032 3058
140 3730 2678 3292
140 3461 2493 3099
140 3383 2679 3132
140 3221 3232 2924
140 3458 2478 3140
140 3421 3403 3061
140 3554 2634 3217
140 3293 3190 3022
150 3700 2841 3378
150 3585 3326 3253
150 3875 2805 3473
150 3678 4624 3254
150 3788 3981 3399
150 3876 3975 3362
150 3725 4432 3287
150 3463 4750 3141
150 3788 4510 3380
150 3913 5553 3452
150 3822 5028 3344
150 3591 3874 3262
150 3564 2541 3169
150 3913 4165 3465
150 3913 3233 3492
150 3486 3124 3150
150 3668 3418 3265
150 3955 3541 3472
150 3799 3798 3328
150 3611 3355 3312
150 3527 3728 3173
150 3717 3284 3334
150 3594 3809 3206
150 3810 3847 3413
150 3568 3587 3244
160 3996 3869 3621
160 3868 4089 3488
160 4177 3489 3701
160 3966 5523 3475
160 4041 4627 3586
160 4220 5043 3634
160 4039 8538 3514
160 3760 5767 3310
160 4097 5652 3647
160 4144 7870 3659
160 4142 7275 3588
160 3827 4267 3463
160 3777 4198 3337
160 4214 5957 3666
160 4190 4451 3724
160 3783 4258 3389
160 3921 3995 3465
160 4261 4823 3711
160 4035 4585 3556
160 3865 4076 3531
160 3857 4565 3407
160 3995 4406 3545
160 3858 4596 3416
160 4072 4670 3608
160 3841 4573 3460
170 4294 4702 3829
170 4164 5207 3718
170 4343 4563 3829
170 4347 6960 3757
170 4287 5859 3766
170 4570 7862 3827
170 4294 7834 3689
170 4065 7708 3545
170 4379 6464 3871
170 4402 9398 3821
170 4461 9133 3793
170 4043 4401 3632
170 4061 4931 3579
170 4477 6868 3868
170 4500 6136 3932
170 4043 5491 3578
170 4213 6576 3631
170 4627 6512 3995
170 4370 6764 3749
170 4187 7416 3760
170 4190 5114 3662
170 4332 6385 3789
170 4272 6957 3646
170 4331 9529 3793
170 4152 5806 3694
180 4593 7375 4007
180 4490 6127 3949
180 4807 9632 4110
180 4674 8157 3979
180 4621 7484 4011
180 4885 10051 4021
180 4699 7683 3953
180 4400 10707 3759
180 4644 8668 4066
180 4662 10468 3978
180 4759 15319 3995
180 4339 6535 3843
180 4342 5419 3794
180 4760 11316 4069
180 4861 7163 4179
180 4276 6385 3768
180 4464 7674 3798
180 4958 8134 4224
180 4652 8274 3939
180 4446 7134 3932
180 4572 6806 3904
180 4616 8333 4013
180 4585 7411 3930
180 4558 8837 3961
180 4441 7667 3933
190 4867 7881 4233
190 4761 9524 4129
190 5074 11444 4290
190 5022 11723 4213
190 4920 9078 4242
190 5176 13046 4230
190 4991 9598 4169
190 4595 13116 3936
190 4962 11525 4294
190 4936 13152 4191
190 5096 22162 4234
190 4563 6284 4051
190 4725 8521 4063
190 5142 14344 4301
190 5150 8888 4399
190 4544 7568 3986
190 4763 10384 3996
190 5325 9584 4445
190 4994 11024 4153
190 4663 10138 4109
190 4865 8657 4116
190 4938 9428 4277
190 4830 11774 4070
190 4884 9793 4195
190 4704 11423 4112
200 5177 10879 4388
200 5035 9719 4319
200 5402 12728 4516
200 5375 13369 4454
200 5154 11732 4367
200 5496 16038 4428
200 5249 13451 4427
200 4940 15433 4152
200 5203 13656 4462
200 5306 15463 4410
200 5348 21598 4423
200 4832 7718 4264
200 5008 9190 4270
200 5487 22461 4526
200 5445 10880 4564
200 4851 8478 4224
200 5111 11908 4234
200 5642 12800 4691
200 5396 12915 4399
200 4906 12251 4301
200 5179 12581 4338
200 5189 11382 4464
200 5242 18391 4313
200 5239 11418 4419
200 4978 13686 4266
210 5417 12858 4577
210 5288 11825 4490
210 5760 14928 4736
210 5676 17892 4670
210 5451 13667 4562
210 5815 22204 4624
210 5621 13880 4650
210 5338 22332 4399
210 5487 17914 4658
210 5623 22095 4595
210 5737 25703 4679
210 5123 9742 4484
210 5363 9980 4478
210 5859 21224 4752
210 5858 14230 4803
210 5185 10730 4440
210 5470 14003 4470
210 6018 16834 4901
210 5765 17522 4626
210 5182 14716 4508
210 5419 20787 4554
210 5678 15357 4710
210 5578 20197 4509
210 5470 14992 4568
210 5268 21749 4471
220 5757 15873 4817
220 5636 19427 4689
220 6038 17597 4910
220 5982 21940 4860
220 5821 15722 4788
220 6156 22966 4850
220 5941 18964 4863
220 5649 24086 4586
220 5711 21816 4839
220 5960 23669 4786
220 6075 27724 4879
220 5385 11097 4673
220 5640 11666 4692
220 6378 26948 5016
220 6076 15270 4972
220 5540 14513 4662
220 5893 30332 4695
220 6340 20516 5106
220 6000 23240 4845
220 5564 17138 4759
220 5857 16679 4846
220 6112 21490 4959
220 5881 23386 4718
220 5916 18744 4824
220 5522 32449 4657
230 6030 16558 5018
230 5986 25107 4928
230 6118 18963 5152
230 6304 22871 5058
230 6254 21368 5020
230 6436 26878 5078
230 6385 23857 5063
230 6073 31685 4848
230 6081 21549 5070
230 6347 29339 5025
230 6529 38610 5074
230 5650 16352 4859
230 6032 16710 4874
230 6745 40304 5199
230 6318 20743 5160
230 5821 16874 4831
230 6141 35119 4912
230 6857 26622 5407
230 6373 30488 5046
230 5951 24778 5039
230 6195 18641 5086
230 6546 33152 5205
230 6272 34527 5024
230 6305 27843 5035
230 5878 19715 4907
240 6304 17555 5258
240 6283 26501 5109
240 6504 21890 5385
240 6622 30314 5267
240 6551 22112 5231
240 7045 33986 5295
240 6842 30598 5321
240 6469 35065 5135
240 6475 31468 5275
240 6826 34567 5279
240 6808 41012 5297
240 5995 18157 5110
240 6322 18597 5063
240 7157 37627 5437
240 6592 25020 5332
240 6110 20846 5010
240 6495 33391 5155
240 7306 32429 5648
240 6789 47616 5293
240 6246 24239 5238
240 6656 25356 5316
240 6900 28858 5389
240 6577 28135 5228
240 6672 38617 5226
240 6216 24583 5075
250 6609 21617 5451
250 6500 33250 5267
250 6858 29616 5603
250 7097 40058 5460
250 6900 30735 5414
250 7273 41830 5501
250 7392 51288 5571
250 6892 49202 5370
250 6882 31776 5561
250 7087 42099 5492
250 7153 59484 5478
250 6451 23913 5339
250 6705 29173 5268
250 7495 56152 5608
250 7056 32596 5502
250 6446 29209 5181
250 6804 40369 5348
250 7560 33154 5877
250 7440 51333 5553
250 6602 21759 5484
250 7200 37773 5523
250 7291 38434 5579
250 6859 39481 5367
250 7066 40340 5464
250 6556 32925 5274
260 6963 29067 5581
260 6973 43231 5531
260 7126 30500 5783
260 7427 53763 5663
260 7370 35378 5669
260 7731 61121 5711
260 7750 58782 5736
260 7229 58239 5605
260 7195 45465 5760
260 7434 55628 5722
260 7478 61307 5739
260 6717 30900 5499
260 7180 32615 5465
260 7934 64997 5850
260 7401 41338 5796
260 6829 43132 5375
260 7201 49725 5540
260 7988 47833 6106
260 7737 64278 5761
260 6944 34934 5675
260 7657 55832 5779
260 7767 43333 5853
260 7186 50875 5563
260 7423 57826 5632
260 7017 43774 5529
270 7204 36194 5760
270 7316 58296 5796
270 7490 37721 5987
270 7879 67434 5857
270 7785 42230 5852
270 8177 66825 5951
270 8133 64510 5920
270 7665 55738 5881
270 7555 76442 5934
270 7815 59732 5915
270 7961 113757 6014
270 7057 41158 5675
270 7520 39959 5737
270 8239 69454 6084
270 7819 48964 6009
270 7282 46094 5600
270 7587 57460 5767
270 8344 57941 6241
270 8055 65872 6008
270 7404 40157 5882
270 7996 63597 6015
270 8145 62997 6045
270 7540 69752 5737
270 7928 65736 5861
270 7316 46141 5718
280 7524 42776 5936
280 7697 57301 6011
280 7964 57791 6245
280 8260 76106 6104
280 8269 50393 6108
280 8745 90059 6181
280 8482 75326 6166
280 8356 86840 6132
280 7935 59216 6155
280 8217 69084 6137
280 8269 82212 6192
280 7446 69976 5895
280 8107 63459 5984
280 8639 90984 6206
280 8339 58768 6232
280 7626 64414 5841
280 7926 75682 5968
280 8714 75998 6473
280 8457 79737 6208
280 7909 60653 6127
280 8380 72893 6219
280 8531 83187 6263
280 8057 71940 5981
280 8285 110385 6099
280 7750 66577 5935
290 7883 54513 6132
290 8193 89455 6246
290 8374 72076 6502
290 8638 94075 6303
290 8677 81560 6298
290 9077 126754 6391
290 8998 94347 6371
290 8618 101877 6264
290 8340 77543 6363
290 8613 91703 6369
290 8757 116569 6436
290 7940 104315 6114
290 8404 58032 6174
290 9101 107039 6435
290 8708 70481 6466
290 8247 83062 6112
290 8472 103765 6202
290 9242 92224 6724
290 9003 113888 6490
290 8405 75190 6337
290 8877 81976 6445
290 9037 103464 6515
290 8505 97559 6248
290 8801 122420 6357
290 8332 82376 6195
300 8427 65721 6371
300 8751 94297 6499
300 8941 135173 6728
300 9182 149832 6584
300 9282 100226 6546
300 9426 105073 6687
300 9488 109244 6607
300 9150 138193 6516
300 8811 111467 6588
300 9106 111424 6629
300 9065 132656 6678
300 8487 85893 6332
300 8631 61966 6426
300 9593 133604 6690
300 9089 86470 6659
300 8706 88187 6344
300 8820 98222 6399
300 9797 117087 6940
300 9631 143340 6730
300 8692 74236 6556
300 9524 105683 6664
300 9338 109597 6700
300 9129 157617 6449
300 9281 145606 6594
300 8791 103582 6451
