20 371 1790 369
20 355 1743 352
20 378 1511 376
20 364 1601 362
20 292 1728 290
20 310 1530 306
20 363 1743 363
20 376 1795 374
20 359 1607 354
20 339 1641 335
20 391 1854 389
20 353 1716 353
20 388 1998 380
20 346 1474 344
20 358 1771 356
20 382 1912 378
20 336 1824 334
20 379 1729 377
20 356 1852 356
20 355 1679 353
20 384 1567 382
20 366 1705 362
20 342 1585 338
20 365 1651 365
20 379 1698 379
40 374 2419 374
40 355 2207 352
40 378 1801 376
40 368 2034 365
40 328 2113 326
40 341 1992 337
40 383 2223 379
40 393 2354 393
40 359 2109 354
40 339 1922 335
40 391 2168 389
40 373 2240 372
40 388 2158 380
40 346 2122 344
40 358 1971 356
40 382 2303 378
40 356 2226 352
40 379 2162 377
40 356 2176 356
40 357 2044 353
40 384 2061 382
40 373 2316 366
40 357 2106 357
40 365 2013 365
40 379 2105 379
60 374 2897 374
60 356 2832 352
60 378 2489 376
60 379 2539 379
60 375 3116 369
60 366 2521 360
60 383 3049 379
60 394 2915 393
60 359 2462 354
60 362 2613 358
60 391 2676 389
60 380 2956 374
60 390 2769 380
60 359 2535 358
60 358 2859 356
60 382 2811 378
60 356 2890 352
60 379 2773 377
60 356 2644 356
60 358 2770 353
60 384 2652 382
60 379 3176 369
60 379 2844 379
60 365 2701 365
60 379 2679 379
80 387 3700 380
80 401 3343 395
80 378 3177 376
80 379 3237 379
80 377 4140 369
80 421 3300 413
80 383 3915 379
80 396 3556 393
80 383 3587 379
80 399 3202 397
80 391 3439 389
80 384 3978 374
80 390 4220 380
80 359 3154 358
80 358 3398 356
80 382 4062 378
80 359 3657 352
80 379 3838 377
80 356 3221 356
80 358 3463 353
80 384 3214 382
80 379 3899 369
80 379 3483 379
80 365 3194 365
80 379 3432 379
100 396 4773 380
100 402 4144 395
100 379 4943 376
100 379 3661 379
100 378 5712 369
100 421 4361 413
100 385 4832 379
100 395 5183 393
100 387 4610 379
100 399 4338 397
100 394 5098 389
100 384 5677 374
100 392 5133 380
100 360 4227 358
100 360 4732 356
100 382 6171 378
100 356 5272 352
100 397 4968 389
100 392 4851 391
100 390 4194 384
100 385 4193 382
100 383 4848 369
100 379 4411 379
100 413 4088 411
100 379 4666 379
120 401 9267 380
120 402 5039 395
120 379 6222 376
120 380 5113 379
120 378 7271 369
120 421 6639 413
120 389 8032 386
120 398 8248 393
120 418 6213 410
120 405 5474 402
120 394 6301 389
120 384 6832 374
120 392 6732 380
120 386 5841 380
120 371 5941 368
120 382 9059 378
120 357 6073 352
120 397 6890 389
120 396 5847 391
120 390 5968 384
120 393 5391 386
120 383 6198 369
120 379 5650 379
120 413 5135 411
120 379 5499 379
140 401 11777 380
140 402 8421 395
140 379 7696 376
140 388 6466 381
140 378 8677 369
140 421 9484 413
140 390 9385 386
140 405 12224 393
140 418 7889 410
140 405 6880 402
140 403 8813 389
140 386 8288 374
140 392 8468 380
140 386 7717 380
140 403 7874 395
140 384 11869 378
140 361 7711 352
140 397 8199 389
140 392 15640 391
140 390 7620 384
140 393 6665 386
140 381 8337 369
140 379 7322 379
140 413 6488 411
140 379 6787 379
160 401 14211 380
160 404 10121 395
160 381 11429 376
160 388 8021 381
160 381 10308 369
160 422 11950 413
160 390 11102 386
160 400 15458 393
160 416 9724 410
160 405 9087 402
160 404 11064 389
160 390 10998 374
160 392 10422 380
160 386 10834 380
160 404 12374 395
160 386 19400 378
160 361 10139 352
160 397 9388 389
160 398 9976 391
160 391 9791 384
160 393 8514 386
160 385 9775 369
160 379 9800 379
160 416 8421 411
160 384 9376 379
180 402 17048 380
180 410 16489 395
180 381 16135 376
180 391 10509 381
180 382 11938 369
180 421 15215 413
180 390 13985 386
180 402 19321 393
180 416 13359 410
180 407 13109 402
180 402 13367 389
180 392 15594 374
180 393 15594 386
180 386 15685 380
180 413 14555 399
180 382 19209 378
180 373 13302 352
180 401 10592 389
180 398 12943 391
180 392 19787 384
180 395 15766 386
180 410 14270 402
180 381 11900 379
180 416 11377 411
180 384 11279 379
200 402 22828 380
200 410 20405 395
200 381 18774 376
200 402 13657 388
200 383 14155 369
200 421 19156 413
200 403 21564 386
200 406 27424 393
200 417 15776 410
200 407 18329 402
200 402 20997 389
200 394 19709 374
200 393 16851 386
200 384 17802 380
200 414 19395 399
200 390 34536 378
200 376 16200 352
200 403 14613 389
200 398 16255 391
200 394 24078 384
200 397 16822 386
200 415 20559 402
200 383 14570 379
200 416 15213 411
200 388 13837 379
220 401 24955 380
220 410 25313 395
220 381 33147 376
220 404 18763 388
220 383 18948 369
220 421 32360 413
220 406 32612 386
220 403 31657 393
220 416 21428 410
220 407 23227 402
220 404 26231 389
220 394 34918 374
220 393 23959 386
220 397 23212 383
220 416 25853 399
220 402 33965 388
220 383 21170 352
220 412 20938 389
220 398 19469 391
220 394 29319 384
220 396 22637 386
220 418 28965 402
220 382 17954 379
220 422 22762 411
220 389 17531 379
240 401 27777 380
240 411 30418 395
240 381 35444 376
240 402 22900 388
240 387 22009 369
240 422 40240 413
240 417 35748 398
240 403 32994 393
240 418 24379 410
240 406 29128 402
240 407 31532 389
240 401 36945 374
240 393 27523 386
240 405 35261 396
240 418 31886 399
240 400 38135 388
240 384 26672 352
240 418 32885 394
240 400 25017 391
240 395 40579 384
240 399 29469 386
240 418 36570 402
240 393 21012 379
240 421 28296 411
240 389 27596 379
260 403 37354 380
260 410 43708 395
260 384 32575 376
260 406 26835 388
260 387 29004 369
260 423 57635 413
260 417 42775 398
260 405 41903 393
260 422 30322 410
260 412 37120 402
260 408 47325 389
260 422 42331 410
260 403 33613 386
260 409 39837 396
260 426 39968 399
260 402 51644 388
260 393 32345 352
260 420 43623 394
260 402 33096 391
260 399 47272 384
260 407 44647 393
260 425 50174 402
260 394 31393 379
260 419 36428 411
260 392 54059 379
280 404 46051 380
280 408 52247 395
280 389 44943 376
280 406 33375 388
280 390 37141 369
280 429 70997 413
280 421 65803 398
280 418 48693 393
280 417 44364 410
280 410 51492 402
280 422 62745 389
280 416 52909 410
280 403 43913 386
280 415 103005 396
280 428 51936 399
280 407 69980 388
280 406 54339 383
280 420 52359 394
280 410 41289 391
280 401 52627 384
280 419 70628 398
280 423 72795 402
280 391 41236 379
280 420 38125 411
280 391 72093 379
300 407 79348 380
300 409 62439 395
300 387 58715 376
300 409 53101 388
300 387 48025 369
300 430 72539 413
300 425 93885 398
300 419 71786 393
300 420 52425 410
300 421 63369 402
300 427 92591 389
300 430 67353 410
300 408 47949 386
300 411 70632 396
300 430 60056 399
300 408 78358 388
300 402 74764 383
300 422 70883 394
300 410 52459 391
300 402 77076 384
300 420 84958 398
300 420 72683 402
300 393 53729 379
300 421 49614 411
300 391 70296 379
320 409 72117 380
320 418 74383 395
320 391 71634 376
320 430 65610 410
320 389 53003 369
320 428 83433 413
320 418 101917 398
320 424 74755 393
320 417 62979 410
320 421 101748 402
320 414 105894 389
320 419 104005 410
320 426 98641 394
320 411 88065 396
320 430 68680 399
320 418 117651 388
320 415 77256 383
320 422 89092 394
320 419 59882 391
320 404 103546 384
320 421 102920 398
320 424 87991 402
320 394 141687 379
320 424 62262 411
320 391 87033 379
340 409 90676 380
340 417 97560 395
340 390 94131 376
340 427 97400 410
340 389 65834 369
340 427 117018 413
340 426 136813 398
340 417 97456 393
340 418 95294 410
340 416 128260 402
340 415 123031 389
340 421 135853 410
340 426 115944 394
340 412 96369 396
340 428 80898 399
340 421 140338 388
340 410 95540 383
340 420 91390 394
340 423 86408 391
340 415 130413 384
340 422 127648 398
340 432 141696 402
340 400 139861 379
340 427 81051 411
340 391 104235 379
360 416 125988 380
360 416 129265 395
360 395 113083 376
360 435 135118 410
360 398 94144 374
360 433 141491 413
360 412 158993 398
360 422 162374 397
360 427 95175 410
360 419 149235 402
360 417 131590 389
360 429 158315 410
360 426 110733 394
360 417 146802 396
360 429 99326 399
360 418 157123 388
360 409 137518 388
360 428 111323 394
360 422 109908 391
360 414 121843 384
360 427 176605 398
360 430 139202 402
360 399 136585 379
360 431 83327 411
360 394 107179 379
380 427 151065 387
380 427 155311 395
380 404 131086 376
380 433 134373 410
380 401 121467 374
380 434 157800 413
380 420 156378 398
380 434 198858 397
380 438 123807 410
380 426 237336 402
380 415 169526 389
380 438 206931 410
380 429 132779 394
380 423 197536 396
380 434 117924 399
380 423 173657 388
380 414 163792 388
380 428 140868 394
380 420 128101 391
380 412 144166 384
380 423 259165 398
380 432 176455 402
380 413 169567 379
380 431 115373 411
380 395 140407 379
400 431 166350 387
400 425 223238 395
400 404 149260 376
400 435 197218 410
400 412 148594 381
400 438 225784 413
400 431 263878 398
400 432 234685 397
400 425 149535 410
400 417 276738 402
400 423 196427 389
400 438 228160 410
400 426 186559 394
400 415 165794 396
400 433 139921 399
400 353 311527 388
400 422 214745 388
400 430 173870 394
400 421 188358 391
400 413 182488 384
400 428 210380 398
400 430 225688 402
400 405 212918 379
400 431 143100 411
400 416 176894 387
