100 261 17373 162
100 289 19189 194
100 297 17456 192
100 297 17302 188
100 303 17008 184
100 302 17055 204
100 304 17214 200
100 312 17007 203
100 303 17345 187
100 288 17191 186
100 314 17215 160
100 288 17357 168
100 303 18974 180
100 284 17119 177
100 304 17217 202
100 306 17458 198
100 274 17383 182
100 252 17422 167
100 302 17205 177
100 298 17365 181
100 281 17275 181
100 316 18932 178
100 294 17439 194
100 298 17319 210
100 294 17285 213
200 291 20122 168
200 311 22723 194
200 306 20277 209
200 310 20178 188
200 301 20351 200
200 310 20044 204
200 312 19988 200
200 318 19988 203
200 310 20554 188
200 313 21990 186
200 315 20468 219
200 323 20595 196
200 311 20352 201
200 318 20619 177
200 308 22496 204
200 318 20655 198
200 314 22608 182
200 281 19951 185
200 314 20389 177
200 303 20351 183
200 302 20668 206
200 331 22390 180
200 313 20164 194
200 305 20319 215
200 310 19926 213
300 313 26409 182
300 322 26977 194
300 313 25870 209
300 322 25833 190
300 325 26387 211
300 311 25432 204
300 317 23966 200
300 311 24026 210
300 322 26195 188
300 314 24321 223
300 320 24010 219
300 326 26314 196
300 314 25975 201
300 349 25015 188
300 325 26694 204
300 333 26384 221
300 317 25772 182
300 322 24768 210
300 309 26393 198
300 334 26754 183
300 317 24235 206
300 334 26369 180
300 319 24168 194
300 309 24339 215
300 320 24250 213
400 318 31571 182
400 328 32318 194
400 315 30513 209
400 325 31129 190
400 327 32389 211
400 319 29885 204
400 322 30714 200
400 316 29132 210
400 328 31169 188
400 323 31872 223
400 329 29262 219
400 335 31253 199
400 324 31369 201
400 364 30736 188
400 330 31195 204
400 333 32018 221
400 361 31709 185
400 326 29531 210
400 321 31339 198
400 341 32239 200
400 327 31411 206
400 335 30440 193
400 330 29835 194
400 310 28400 215
400 324 32506 213
500 321 37372 182
500 333 38563 194
500 324 37281 209
500 328 37408 190
500 328 38916 211
500 322 36421 204
500 339 37257 200
500 319 37822 210
500 333 38311 188
500 323 38398 223
500 331 35475 219
500 337 37550 199
500 328 36440 201
500 369 37663 188
500 344 37821 205
500 337 37967 221
500 366 37990 190
500 327 35929 210
500 320 38242 198
500 345 37486 200
500 333 38240 206
500 335 36334 193
500 345 36190 196
500 313 34850 215
500 331 40086 213
600 335 43606 194
600 332 44789 195
600 332 45085 209
600 349 43785 190
600 335 45363 211
600 324 43271 210
600 354 44727 200
600 324 44819 217
600 334 44272 188
600 333 46310 223
600 333 42133 219
600 343 43995 199
600 341 45592 201
600 370 44743 188
600 350 43329 205
600 337 43588 221
600 370 45160 190
600 332 43181 210
600 342 45036 198
600 348 44943 200
600 334 44408 206
600 339 42902 216
600 348 44795 204
600 317 41988 215
600 332 45910 213
700 338 52024 207
700 336 50687 195
700 338 53311 209
700 351 56013 190
700 336 52146 211
700 336 51092 210
700 362 51537 200
700 328 51909 217
700 340 51699 188
700 333 51534 223
700 337 50729 219
700 345 50263 199
700 345 52163 201
700 373 52661 188
700 357 54062 205
700 338 51467 221
700 372 51956 190
700 338 50990 210
700 354 52104 198
700 351 52128 200
700 342 51674 214
700 342 53324 216
700 352 51804 204
700 324 49962 215
700 337 53989 213
800 358 59998 207
800 338 58955 195
800 339 59868 209
800 354 67202 190
800 336 59831 220
800 334 57487 210
800 356 60549 213
800 339 59377 217
800 348 59958 188
800 334 59587 223
800 358 60080 219
800 348 58202 199
800 339 60433 217
800 374 61942 188
800 358 60532 205
800 352 62017 221
800 385 61271 190
800 347 59503 210
800 359 61802 198
800 359 61404 200
800 347 60636 214
800 347 67294 216
800 355 61248 204
800 328 59697 215
800 343 60963 213
900 360 73489 207
900 345 69779 201
900 345 69237 209
900 363 118985 190
900 339 67289 220
900 335 64508 210
900 374 69009 213
900 347 68147 217
900 350 69399 188
900 337 66620 223
900 359 67436 219
900 360 65745 199
900 343 71080 217
900 362 69112 214
900 364 70854 205
900 357 74889 221
900 387 70221 190
900 348 67542 210
900 362 71906 198
900 363 70694 200
900 346 73148 214
900 349 74436 216
900 365 72333 204
900 333 70320 215
900 347 72211 213
1000 362 83686 207
1000 345 77830 215
1000 350 80046 209
1000 373 241030 190
1000 341 76006 220
1000 366 76293 210
1000 378 80595 213
1000 348 76644 217
1000 363 81551 188
1000 342 77995 223
1000 361 77895 219
1000 362 74769 199
1000 351 83173 217
1000 368 83356 214
1000 372 80723 205
1000 364 84953 221
1000 395 93611 200
1000 349 77169 210
1000 364 81082 198
1000 366 86140 200
1000 362 204100 214
1000 358 90970 216
1000 369 81493 204
1000 339 76442 215
1000 347 86940 213
1100 371 103078 207
1100 351 101552 215
1100 354 91812 209
1100 376 394470 193
1100 345 85774 220
1100 369 86304 210
1100 390 93135 213
1100 360 91621 217
1100 373 97250 188
1100 349 95874 223
1100 363 96284 219
1100 369 90932 199
1100 359 120220 217
1100 370 113881 214
1100 372 100420 205
1100 364 102935 221
1100 365 91425 215
1100 352 87436 210
1100 367 103103 198
1100 367 94514 200
1100 364 399908 214
1100 365 105129 216
1100 372 92803 204
1100 339 87960 215
1100 358 99966 213
1200 377 165821 207
1200 358 122506 215
1200 373 115698 209
1200 381 373428 193
1200 348 95355 220
1200 374 102686 210
1200 390 111562 213
1200 361 102928 217
1200 376 106979 188
1200 360 117508 223
1200 364 109638 219
1200 372 110237 199
1200 361 125637 217
1200 372 128472 214
1200 380 114736 208
1200 366 134993 221
1200 368 130498 215
1200 352 99573 210
1200 368 128153 198
1200 372 110967 200
1200 368 431348 214
1200 366 112710 216
1200 378 143178 204
1200 346 99658 215
1200 360 124939 213
1300 386 147263 207
1300 359 147500 215
1300 375 137843 209
1300 378 446385 193
1300 353 110875 220
1300 380 131912 211
1300 396 132581 213
1300 363 128057 217
1300 381 129143 188
1300 362 131612 223
1300 364 162460 219
1300 373 133234 199
1300 366 270572 217
1300 374 186242 214
1300 383 140923 208
1300 380 143806 221
1300 372 141480 215
1300 356 133862 210
1300 372 195540 198
1300 377 127960 200
1300 369 450895 214
1300 368 191810 216
1300 374 138020 214
1300 349 119511 215
1300 366 156297 213
1400 396 170603 207
1400 361 227658 215
1400 374 149886 209
1400 374 205007 197
1400 358 135255 220
1400 380 150669 211
1400 397 176816 213
1400 363 157029 217
1400 382 156754 193
1400 376 170060 223
1400 376 138878 219
1400 378 192700 199
1400 367 269908 217
1400 376 273423 214
1400 386 197871 208
1400 386 164920 221
1400 377 244459 215
1400 357 166175 210
1400 378 235954 203
1400 379 166738 200
1400 385 191743 214
1400 373 157890 216
1400 376 171580 214
1400 353 160184 215
1400 366 201997 213
