223612 67 135668 55 31537 64 52
46497 58 26009 52 20860 60 50
15409 53 164688 54 24111 63 50
280582 60 29502 53 16177 61 52
35481 65 65771 59 19788 62 57
41559 60 41033 55 13875 61 53
25862 51 44126 52 7974 61 48
8517 53 21797 55 4908 58 52
38390 57 70109 54 16805 63 53
117351 56 34662 56 32435 63 54
46181 56 59229 57 9122 61 53
43015 59 50913 57 15428 63 55
68636 61 218334 58 23523 67 57
65901 66 600000 49 470049 70 49
83380 58 43091 54 7209 61 51
13619 56 243682 54 22435 59 54
19248 57 171685 59 20221 62 55
229900 53 41358 55 3917 60 53
12450 54 18238 53 4878 59 53
40561 56 22444 53 7506 63 52
28005 54 35477 53 7048 58 52
39743 57 158928 56 34571 65 50
26607 58 42992 56 20141 62 56
48658 58 600000 55 116126 69 55
52560 54 25766 54 5706 62 53
91168 58 30548 54 9296 60 54
14848 58 47842 55 14611 61 55
98548 59 29360 52 9091 62 49
48024 62 40493 56 8450 59 55
73679 56 26630 53 7683 60 53
146189 58 42633 55 10351 66 54
