68713 58 174651 56 51411 66 54
57752 58 52712 56 8583 60 53
45685 55 131932 55 16998 67 55
523749 61 483861 53 301191 63 49
412314 62 140830 54 591913 60 53
479022 56 130883 55 20769 60 54
222023 67 186023 55 40280 67 54
303152 58 139599 54 52073 61 51
55147 54 39910 50 10402 63 49
45424 52 143165 55 55714 65 48
129441 60 65229 55 14311 64 55
50264 55 70449 55 7995 60 54
597784 60 70562 54 10257 65 51
379933 56 439090 55 63753 65 54
256574 61 600000 54 600000 54 54
49106 54 117876 54 9653 62 52
359007 60 95329 56 23347 67 54
380662 62 72627 54 6373 57 53
455784 55 41054 53 6621 58 52
83894 57 477955 56 280004 63 53
160828 54 600000 50 547812 68 50
51609 60 600000 51 315248 64 51
352333 54 166916 55 36617 64 54
236569 62 291135 54 11439 61 53
