12778 53 18533 51 5010 57 47
89020 63 25133 54 4787 61 53
8199 51 24200 52 4242 59 51
25119 58 61911 56 54300 63 52
54208 58 18586 51 8342 58 51
179176 59 63560 57 8304 63 56
38121 51 26527 52 7171 60 49
14974 54 33441 52 9453 61 49
16266 58 600000 51 113476 69 51
64275 60 120507 54 95234 63 53
14733 54 24731 52 3294 58 50
22083 58 21928 54 5877 61 54
46390 59 31275 55 5712 61 51
23962 57 39797 52 20553 63 50
28851 60 25430 56 6249 61 52
85411 61 25860 55 5343 61 53
157035 70 45027 54 6681 61 51
41818 58 26785 53 8213 60 51
14492 58 48943 54 8488 60 50
9354 54 16463 51 7021 60 49
30439 57 40750 55 7394 60 53
16346 58 20819 55 5840 57 55
39494 52 22712 53 7969 60 48
133275 55 18473 55 3677 60 54
23218 58 31684 54 4983 60 53
21513 59 35328 54 10816 60 48
123929 67 27144 54 9633 63 53
55499 58 215581 55 29040 67 48
18041 59 289125 57 420171 64 52
12178 50 16680 49 8041 58 47
48078 56 25026 52 5014 58 51
67345 56 47860 54 32856 61 52
302289 53 27863 50 4920 55 47
