41837 53 20027 51 4662 58 51
29459 56 127052 57 7695 62 54
53635 56 51236 53 12838 60 48
157318 57 220357 54 24226 63 51
134417 61 166079 57 24034 64 54
120003 65 119017 58 27326 66 55
70816 56 190459 55 66282 64 49
127353 59 190852 55 44326 65 55
23961 52 166257 54 53826 65 51
63079 68 52836 55 6533 64 53
253022 62 30844 52 8865 57 50
22542 56 23326 52 8041 60 51
179477 61 106372 53 241915 62 50
74675 54 34505 51 8641 62 48
158925 62 95494 58 31027 63 58
58553 54 35202 53 5518 59 51
47049 55 85240 54 24790 62 51
22089 57 167935 55 24511 60 53
98929 61 77562 57 10655 61 57
88647 57 140364 58 21123 66 57
85371 62 183685 59 35105 63 58
99226 62 182853 55 18913 63 51
357030 62 32619 52 8542 58 51
