10 53 136 53
10 40 112 40
10 42 112 42
10 44 108 44
10 41 108 41
10 51 107 49
10 41 107 41
10 39 107 39
10 37 106 37
10 43 109 43
20 53 113 53
20 40 111 40
20 48 111 46
20 45 110 44
20 50 111 48
20 51 110 49
20 46 114 46
20 45 112 45
20 43 110 43
20 45 112 43
30 55 118 53
30 47 117 47
30 48 118 46
30 45 115 44
30 50 116 48
30 51 114 49
30 46 115 46
30 45 114 45
30 50 116 50
30 54 117 52
40 55 121 53
40 47 118 47
40 48 121 46
40 50 117 46
40 50 122 48
40 51 122 49
40 47 121 46
40 45 117 45
40 51 121 50
40 54 123 52
50 55 125 53
50 48 124 47
50 55 224 47
50 50 123 46
50 50 127 48
50 51 122 49
50 47 124 46
50 45 121 45
50 51 126 50
50 54 229 52
60 55 227 53
60 50 227 47
60 51 232 47
60 50 125 46
60 50 232 48
60 54 127 49
60 47 132 46
60 47 227 45
60 53 229 50
60 54 233 52
70 55 234 53
70 52 232 47
70 54 235 47
70 52 233 49
70 54 237 50
70 57 230 51
70 47 234 46
70 47 230 45
70 61 236 59
70 59 249 54
80 55 236 53
80 52 335 47
80 58 339 47
80 56 236 49
80 57 237 50
80 57 237 51
80 49 237 46
80 49 231 45
80 64 241 59
80 57 344 54
90 62 343 53
90 56 343 51
90 58 349 47
90 53 242 49
90 56 345 50
90 57 242 51
90 52 342 46
90 55 338 55
90 61 244 59
90 57 346 54
100 61 448 53
100 56 348 51
100 60 448 47
100 60 446 49
100 54 349 50
100 57 348 51
100 51 346 46
100 59 443 55
100 61 348 59
100 58 449 54
110 61 555 53
110 59 550 51
110 64 557 47
110 56 551 49
110 56 455 50
110 57 551 51
110 53 453 46
110 55 549 55
110 63 455 59
110 61 656 54
120 62 960 53
120 58 655 51
120 55 661 47
120 56 757 49
120 56 758 50
120 65 662 51
120 54 456 46
120 59 752 55
120 67 561 59
120 63 863 54
130 62 962 53
130 58 660 51
130 60 867 47
130 61 961 51
130 58 764 50
130 62 862 51
130 56 561 46
130 60 757 55
130 63 965 59
130 61 1371 54
140 65 1441 53
140 60 867 51
140 61 1676 47
140 60 1467 51
140 59 1072 50
140 62 1272 51
140 54 966 46
140 60 1262 55
140 69 1172 59
140 60 1174 54
150 61 1979 53
150 63 1069 51
150 59 2503 47
150 67 1373 51
150 63 1378 50
150 66 1383 51
150 56 973 46
150 61 1471 55
150 69 1380 59
150 60 1890 54
160 62 1581 53
160 64 1479 51
160 58 1688 47
160 65 1882 51
160 56 1678 50
160 66 1982 51
160 57 1482 46
160 63 1875 55
160 68 1783 59
160 60 2084 54
170 64 3097 53
170 65 2792 51
170 62 3300 47
170 68 9642 51
170 64 2696 50
170 73 4102 51
170 55 1988 46
170 65 3191 55
170 68 2819 59
170 60 2896 54
180 68 3398 53
180 65 3500 51
180 65 2800 50
180 69 3222 51
180 63 3502 50
180 64 3601 51
180 59 1892 46
180 61 3494 55
180 68 2599 59
180 61 4408 54
190 62 3405 53
190 62 3806 51
190 61 4315 50
190 68 4813 51
190 66 3511 50
190 69 5519 51
190 57 1996 46
190 64 3806 55
190 69 4819 59
190 67 6731 54
200 63 4212 53
200 66 5928 51
200 63 5328 50
200 68 5824 51
200 63 4615 50
200 66 5822 51
200 61 5538 47
200 60 4817 55
200 71 4721 59
200 65 8667 54
210 64 6228 53
210 64 6637 51
210 70 8051 50
210 72 9763 51
210 70 6641 50
210 71 8149 51
210 59 4521 47
210 66 7439 55
210 72 6539 59
210 66 10563 54
220 72 8256 53
220 63 6737 51
220 66 8355 50
220 68 9963 51
220 68 5733 50
220 67 9760 51
220 61 5130 47
220 66 7640 55
220 73 7443 59
220 62 10264 54
230 69 9769 53
230 65 9265 51
230 66 12992 51
230 68 14603 51
230 65 8966 50
230 71 14901 52
230 61 6844 47
230 67 9963 55
230 75 10274 59
230 64 13494 54
240 67 13424 53
240 62 12874 51
240 67 11699 51
240 71 16621 51
240 62 8864 50
240 72 15205 52
240 63 9068 47
240 70 10872 55
240 82 12994 59
240 64 22763 54
250 67 13192 53
250 65 14406 51
250 69 17036 51
250 67 15514 51
250 64 11084 50
250 75 14707 52
250 68 14108 49
250 68 12896 55
250 73 13606 59
250 63 17730 54
260 70 14911 53
260 65 19242 51
260 67 19349 51
260 70 26298 51
260 68 26497 50
260 72 24490 53
260 69 17033 49
260 68 19142 55
260 70 21287 59
260 63 24727 54
270 69 15142 53
270 64 18142 51
270 68 18750 51
270 73 31437 51
270 67 18541 50
270 73 24597 53
270 68 23583 49
270 69 32153 55
270 74 32241 59
270 67 31540 54
280 71 22174 53
280 64 22576 51
280 70 27414 51
280 70 34967 51
280 71 23789 50
280 72 30447 53
280 65 34079 49
280 69 50182 55
280 77 35076 59
280 70 35777 54
290 72 37584 53
290 66 33358 51
290 74 40931 51
290 69 54611 51
290 71 42925 50
290 67 39107 53
290 67 51692 49
290 64 29427 55
290 75 27218 59
290 72 108110 54
300 69 23187 53
300 66 46257 51
300 70 36990 51
300 75 93901 56
300 72 35582 50
300 75 44754 53
300 69 71650 49
300 72 48268 55
300 81 37637 59
300 68 256687 54
310 77 51225 53
310 70 61860 51
310 69 67112 51
310 77 62990 56
310 74 55233 50
310 72 70956 53
310 70 55052 49
310 69 53513 55
310 79 55360 59
310 73 131894 54
320 70 55140 53
320 68 90841 51
320 76 60892 58
320 75 281872 56
320 73 59985 57
320 74 92922 53
320 69 67120 49
320 72 67212 56
320 74 70437 59
320 72 118605 54
330 72 56301 53
330 72 86867 51
330 73 95430 58
330 76 87873 56
330 74 130216 57
330 72 104695 53
330 69 101299 49
330 71 80306 56
330 77 77833 59
330 73 122023 54
340 72 105907 53
340 72 110034 51
340 76 95030 58
340 76 119607 56
340 73 97958 57
340 75 229395 53
340 72 117682 49
340 77 164826 56
340 72 75373 59
340 73 153235 54
350 72 105493 53
350 73 125358 51
350 74 104191 58
350 75 168060 56
350 76 1363227 57
350 76 167806 53
350 65 86573 49
350 76 182451 56
350 80 151137 59
350 71 187392 54
360 74 79522 53
360 73 125752 51
360 74 135232 58
360 83 292568 56
360 70 155474 57
360 76 329827 53
360 64 158389 49
360 77 218731 56
360 77 789433 59
360 76 4299418 54
370 69 106317 53
370 71 164445 51
370 73 280937 58
370 79 274542 56
