100 268 18592 210
100 257 20186 210
100 235 18637 211
100 241 18032 183
100 260 18727 208
100 239 18661 210
100 264 20386 196
100 250 18248 175
100 264 20030 204
100 256 18748 193
200 273 21955 210
200 271 24004 217
200 277 21997 211
200 263 22087 188
200 275 21906 208
200 258 21797 210
200 305 23776 202
200 253 21541 195
200 275 23438 204
200 283 22479 193
300 273 25635 218
300 287 27816 217
300 288 25749 211
300 281 25451 188
300 281 26048 208
300 280 25930 210
300 310 27958 202
300 290 27101 195
300 280 27164 224
300 282 26074 193
400 281 29864 221
400 293 32663 217
400 289 29828 211
400 284 29395 214
400 292 30806 208
400 289 29854 210
400 310 32029 202
400 314 31886 195
400 292 32151 224
400 273 30193 212
500 284 34279 221
500 306 37084 217
500 289 34398 212
500 287 35098 231
500 296 36398 208
500 292 34939 210
500 321 37317 202
500 323 36736 195
500 295 37956 225
500 287 35434 212
600 309 42869 221
600 308 42975 217
600 300 40217 222
600 311 42574 231
600 316 42382 208
600 328 41907 210
600 325 43100 202
600 332 42977 195
600 311 43037 225
600 294 40405 212
700 315 48772 221
700 317 49812 217
700 301 46287 222
700 322 49905 231
700 295 48539 236
700 333 48645 210
700 299 47247 205
700 342 49424 195
700 312 49198 225
700 300 46275 212
800 316 55532 221
800 325 56449 221
800 304 51830 222
800 322 56834 231
800 300 55254 236
800 334 55930 210
800 296 54428 206
800 308 52879 207
800 315 56653 225
800 301 53412 212
900 321 64260 221
900 334 63506 221
900 306 59740 222
900 328 64610 231
900 304 61617 236
900 327 63757 218
900 297 60967 206
900 309 60210 207
900 324 63852 225
900 302 60950 212
1000 330 71379 221
1000 339 72941 221
1000 306 67209 228
1000 336 73052 233
1000 305 70484 236
1000 329 71101 218
1000 304 69375 206
1000 312 67381 207
1000 323 72119 225
1000 295 68123 220
1100 324 78000 224
1100 341 80577 221
1100 309 74984 228
1100 337 80945 233
1100 306 78392 236
1100 333 79486 218
1100 300 76438 206
1100 316 76224 207
1100 329 79406 225
1100 298 74626 230
1200 329 84685 224
1200 340 89381 221
1200 309 81603 228
1200 341 89639 233
1200 308 85922 236
1200 332 87053 218
1200 304 82476 206
1200 316 82759 209
1200 330 87537 225
1200 294 82231 230
1300 328 92342 224
1300 344 98209 221
1300 313 88215 228
1300 340 96651 233
1300 312 94601 236
1300 338 93077 218
1300 310 90656 208
1300 347 95828 209
1300 334 95143 225
1300 297 90307 230
1400 334 101004 224
1400 344 105276 221
1400 319 98503 228
1400 342 107919 233
1400 312 100680 236
1400 337 101601 218
1400 340 106098 208
1400 353 106422 209
1400 330 103975 225
1400 323 106973 230
1500 332 109310 224
1500 348 114156 221
1500 321 107300 228
1500 342 116419 233
1500 317 110773 236
1500 340 111581 218
1500 343 113473 208
1500 359 114229 209
1500 344 111852 225
1500 326 113017 230
1600 337 119673 224
1600 352 126150 221
1600 351 135243 228
1600 347 135829 233
1600 345 134350 236
1600 340 118991 218
1600 342 123620 208
1600 349 126464 223
1600 348 124544 225
1600 336 124607 230
1700 341 130022 224
1700 354 136826 221
1700 358 136606 228
1700 350 140140 233
1700 349 139491 236
1700 343 132324 218
1700 310 126578 234
1700 350 138754 223
1700 357 133548 225
1700 339 133469 230
1800 343 142253 224
1800 354 148954 221
1800 355 147312 228
1800 351 154049 233
1800 352 149277 236
1800 346 142785 218
1800 323 141596 234
1800 352 154564 223
1800 357 151965 225
1800 344 144997 230
1900 350 168027 224
1900 358 163781 221
1900 326 164270 233
1900 351 158662 233
1900 355 160762 236
1900 346 153952 218
1900 327 151435 234
1900 352 167653 223
1900 354 158087 225
1900 348 152783 230
2000 354 180904 224
2000 366 184547 221
2000 329 191617 233
2000 356 186791 233
2000 354 183991 236
2000 351 175736 218
2000 332 165056 234
2000 354 201481 223
2000 357 176828 225
2000 346 173475 230
