10 174 367 174
10 177 362 177
10 169 327 167
10 150 318 150
10 152 318 152
10 182 323 182
10 127 323 127
10 164 320 162
10 164 317 164
10 196 326 194
20 174 340 174
20 177 343 177
20 169 338 167
20 162 340 162
20 152 542 152
20 182 335 182
20 170 339 168
20 174 1346 174
20 167 337 167
20 196 444 194
30 174 354 174
30 177 468 177
30 169 353 167
30 184 570 184
30 165 654 165
30 182 355 182
30 170 461 168
30 174 1876 174
30 167 350 167
30 196 562 194
40 174 473 174
40 180 587 178
40 169 1092 167
40 184 789 184
40 176 1792 175
40 189 475 189
40 170 975 168
40 181 1987 174
40 177 476 167
40 196 986 194
50 174 1708 174
50 180 2111 178
50 177 1202 167
50 190 1015 190
50 177 1900 175
50 189 908 189
50 170 1700 168
50 181 2212 174
50 177 510 167
50 205 2311 194
60 174 3240 174
60 180 4446 178
60 177 1421 167
60 190 1412 190
60 175 1320 175
60 189 3751 189
60 173 2504 173
60 181 2427 174
60 177 2831 167
60 205 2551 194
70 198 3554 198
70 184 5479 178
70 171 1848 167
70 216 1638 202
70 183 2149 175
70 189 4568 189
70 176 2735 174
70 181 2638 174
70 184 3057 176
70 205 2662 194
80 198 4083 198
80 194 3676 194
80 177 2174 173
80 212 1949 202
80 183 2266 175
80 189 9924 189
80 181 3263 175
80 181 4888 174
80 196 4980 190
80 206 3581 194
90 198 5606 198
90 194 3999 194
90 183 3498 173
90 223 2569 202
90 183 4394 175
90 189 10747 189
90 184 4179 183
90 181 7308 174
90 196 6729 190
90 206 6915 194
100 198 7342 198
100 194 8237 194
100 180 7036 173
100 223 7112 202
100 183 5119 175
100 189 13271 189
100 184 5909 183
100 181 6308 174
100 196 8337 190
100 207 7332 194
110 198 10289 198
110 194 7748 194
110 183 7052 173
110 223 8341 202
110 198 7643 198
110 189 15002 189
110 184 6830 183
110 181 8343 174
110 196 11683 190
110 208 11083 194
120 200 12505 198
120 194 10898 194
120 179 9690 173
120 223 11486 202
120 198 8874 198
120 194 17037 189
120 203 12296 203
120 181 12790 174
120 196 15015 190
120 208 16739 194
130 200 13929 198
130 195 13919 194
130 180 18875 173
130 223 13503 202
130 198 11388 198
130 194 26915 189
130 204 19996 203
130 181 16015 174
130 196 20067 190
130 208 23403 194
140 205 20389 198
140 203 19273 194
140 183 19233 173
140 227 17364 202
140 198 13230 198
140 194 29054 189
140 209 22298 203
140 181 22279 174
140 196 25247 190
140 216 24230 194
150 205 24741 198
150 209 19009 194
150 180 25162 173
150 224 19874 202
150 200 18498 198
150 195 26466 189
150 208 32781 203
150 197 27752 186
150 194 29674 190
150 211 24130 194
160 205 36134 198
160 207 27382 194
160 180 29713 173
160 226 26150 202
160 207 24040 198
160 197 40205 189
160 209 35117 203
160 202 34841 186
160 194 32238 190
160 219 29500 194
170 205 36975 198
170 208 41190 194
170 195 35455 173
170 224 29381 202
170 208 24852 198
170 201 45623 189
170 210 37664 203
170 202 34441 186
170 194 34950 190
170 219 45341 194
180 205 41310 198
180 207 46625 194
180 195 39643 173
180 226 31507 202
180 212 31122 198
180 201 46557 189
180 210 44732 203
180 202 36443 186
180 194 38997 190
180 219 45633 194
190 206 61865 198
190 210 61479 194
190 195 41845 180
190 227 38192 202
190 208 49068 198
190 208 66639 189
190 224 49272 214
190 202 42090 186
190 201 61053 190
190 219 60158 194
200 205 63396 198
200 212 72439 194
200 216 77382 186
200 227 64550 202
200 208 60768 198
200 205 63208 189
200 224 60382 214
200 202 48070 186
200 201 60982 190
200 219 74355 194
