100 278 10815 162
100 264 8436 194
100 264 7977 192
100 261 7991 188
100 255 7568 184
100 267 8064 204
100 272 8499 200
100 273 8274 203
100 257 7988 187
100 261 8160 186
100 253 8018 160
100 271 8228 168
100 273 8216 180
100 258 8154 177
100 274 7963 202
100 264 8333 198
100 263 8181 182
100 251 7718 167
100 256 9084 177
100 260 8021 181
100 265 9401 181
100 264 7755 178
100 272 9325 194
100 276 8011 210
100 276 9088 213
200 292 17691 168
200 270 15563 194
200 284 15806 209
200 275 16708 188
200 269 14031 200
200 278 14702 204
200 278 14788 200
200 278 14726 203
200 283 15198 188
200 264 14721 186
200 285 15522 219
200 287 17341 196
200 282 15568 201
200 262 13552 177
200 279 16029 204
200 278 14351 198
200 271 14919 182
200 266 14469 185
200 276 17329 177
200 266 14690 183
200 291 17718 206
200 269 15623 180
200 275 16488 194
200 286 15005 215
200 294 16871 213
300 285 22514 182
300 284 24391 194
300 291 24081 209
300 278 25527 190
300 286 22502 211
300 279 22242 204
300 280 22520 200
300 282 23807 210
300 288 23179 188
300 286 23413 223
300 292 24419 219
300 290 26097 196
300 289 25873 201
300 276 21571 188
300 280 23524 204
300 294 24047 221
300 273 21501 182
300 284 22521 210
300 302 26231 198
300 265 21252 183
300 298 26656 206
300 281 23608 180
300 277 25378 194
300 290 23283 215
300 299 26166 213
400 287 32310 182
400 290 33774 194
400 291 30575 209
400 281 34441 190
400 287 31001 211
400 279 29966 204
400 280 29587 200
400 285 32957 210
400 289 30709 188
400 293 33322 223
400 299 31264 219
400 288 34109 199
400 294 35930 201
400 279 29498 188
400 283 32238 204
400 295 33657 221
400 281 35149 185
400 287 30986 210
400 303 36096 198
400 278 32318 200
400 298 36360 206
400 282 32801 193
400 278 34020 194
400 291 31508 215
400 304 38782 213
500 289 46262 182
500 293 44284 194
500 292 40457 209
500 290 44438 190
500 290 40069 211
500 287 40327 204
500 289 45441 200
500 288 44006 210
500 306 45349 188
500 295 39578 223
500 302 40496 219
500 295 41812 199
500 298 47011 201
500 282 43018 188
500 290 46898 205
500 299 44116 221
500 290 43930 190
500 291 39855 210
500 304 46715 198
500 279 42625 200
500 315 48529 206
500 283 41490 193
500 286 44479 196
500 299 48264 215
500 304 49729 213
600 286 53088 194
600 296 53490 195
600 292 50363 209
600 293 56351 190
600 291 50023 211
600 289 56621 210
600 291 52266 200
600 294 55738 217
600 306 55480 188
600 305 52678 223
600 303 50482 219
600 295 52168 199
600 299 58617 201
600 282 48452 188
600 294 57003 205
600 300 54279 221
600 301 62126 190
600 291 49831 210
600 309 57618 198
600 298 61816 200
600 315 59100 206
600 296 49981 216
600 291 57295 204
600 300 61015 215
600 307 62859 213
700 290 69612 207
700 295 65741 195
700 303 65509 209
700 295 69628 190
700 295 61854 211
700 299 68302 210
700 302 67129 200
700 304 73382 217
700 308 64797 188
700 306 63999 223
700 322 69203 219
700 305 63937 199
700 300 69289 201
700 293 59836 188
700 293 67625 205
700 304 70013 221
700 307 75890 190
700 295 69068 210
700 312 70201 198
700 300 73603 200
700 317 75300 214
700 297 59623 216
700 300 72026 204
700 304 80260 215
700 308 74223 213
800 308 88364 207
800 302 81064 195
800 307 83368 209
800 327 86814 190
800 298 70964 220
800 308 84602 210
800 323 82430 213
800 321 86483 217
800 309 74927 188
800 326 83994 223
800 324 82947 219
800 311 79233 199
800 326 89361 217
800 310 82213 188
800 295 79245 205
800 320 89655 221
800 308 90391 190
800 309 79131 210
800 316 80649 198
800 304 89542 200
800 319 80557 214
800 303 73922 216
800 302 84919 204
800 305 91549 215
800 309 85860 213
900 315 105947 207
900 315 94284 201
900 310 95971 209
900 329 102542 190
900 300 85654 220
900 311 102183 210
900 341 102914 213
900 326 101205 217
900 314 89292 188
900 340 100775 223
900 329 97160 219
900 315 92043 199
900 317 97289 217
900 331 95491 214
900 297 92240 205
900 322 111332 221
900 331 104549 190
900 315 92188 210
900 335 98919 198
900 318 110454 200
900 321 95969 214
900 304 87890 216
900 305 99612 204
900 307 108813 215
900 312 91635 213
1000 341 123616 207
1000 339 118692 215
1000 311 110670 209
1000 349 125607 190
1000 302 101318 220
1000 315 120189 210
1000 346 112785 213
1000 337 110440 217
1000 322 104100 188
1000 351 119827 223
1000 332 118093 219
1000 336 112565 199
1000 325 112805 217
1000 333 111111 214
1000 328 113400 205
1000 341 122525 221
1000 340 119794 200
1000 314 104780 210
1000 338 115020 198
1000 321 129460 200
1000 328 110583 214
1000 324 113449 216
1000 314 118336 204
1000 322 127006 215
1000 315 105128 213
1100 331 123068 207
1100 346 134650 215
1100 318 126520 209
1100 346 134657 193
1100 307 116588 220
1100 354 146146 210
1100 360 127718 213
1100 348 130191 217
1100 350 133602 188
1100 351 138105 223
1100 349 140857 219
1100 343 152427 199
1100 329 130885 217
1100 334 128099 214
1100 351 140913 205
1100 341 138879 221
1100 346 145660 215
1100 314 120450 210
1100 343 131073 198
1100 322 130880 200
1100 332 121679 214
1100 340 140435 216
1100 326 126904 204
1100 323 158499 215
1100 338 128978 213
1200 343 147621 207
1200 356 162860 215
1200 330 150246 209
1200 360 163921 193
1200 332 154572 220
1200 349 148948 210
1200 360 166704 213
1200 352 160403 217
1200 352 183820 188
1200 356 166113 223
1200 351 157208 219
1200 349 185946 199
1200 336 149068 217
1200 363 155056 214
1200 348 169942 208
1200 344 160712 221
1200 347 162753 215
1200 321 144748 210
1200 343 151269 198
1200 347 172071 200
1200 336 141591 214
1200 353 160462 216
1200 331 140945 204
1200 332 202100 215
1200 339 143159 213
1300 344 165284 207
1300 356 179447 215
1300 359 193736 209
1300 360 167932 193
1300 339 176605 220
1300 351 170173 211
1300 361 191579 213
1300 353 179170 217
1300 351 166003 188
1300 356 182058 223
1300 351 178032 219
1300 351 255995 199
1300 338 180644 217
1300 363 174627 214
1300 350 191256 208
1300 363 191458 221
1300 350 185646 215
1300 329 162604 210
1300 354 231300 198
1300 349 189231 200
1300 345 165245 214
1300 358 187725 216
1300 343 256471 214
1300 335 217902 215
1300 340 168693 213
1400 345 189869 207
1400 356 203193 215
1400 363 226333 209
1400 364 188572 197
1400 339 206961 220
1400 361 222175 211
1400 366 226445 213
1400 354 201366 217
1400 357 247208 193
1400 357 210766 223
1400 352 202484 219
1400 355 338353 199
1400 338 206495 217
1400 364 193680 214
1400 351 218357 208
1400 363 206002 221
1400 353 207902 215
1400 346 192862 210
1400 346 431487 203
1400 349 207225 200
1400 347 215352 214
1400 362 219000 216
1400 349 332929 214
1400 337 296255 215
1400 340 188870 213
1500 354 440778 207
1500 357 267982 215
1500 359 435949 209
1500 368 230355 197
1500 339 225400 220
1500 361 253847 211
100 247 12454 162
1000 296 204232 207
