100 8267 2641 8200
100 8459 1856 8427
100 8831 1800 8807
100 7345 1478 7318
100 8935 2165 8888
100 8589 2227 8526
100 9274 1945 9238
100 8575 2017 8530
100 8508 1845 8484
100 9855 1856 9806
100 9607 1726 9560
100 8260 1460 8168
100 8239 1955 8222
100 8665 1932 8601
100 8546 2219 8520
100 7710 1625 7667
100 9001 2330 8884
100 8384 1673 8345
100 8265 2001 8247
100 8935 2751 8866
100 9074 1904 8994
100 8998 1880 8921
100 8949 1873 8895
100 9221 1737 9195
100 7971 1810 7958
200 17175 4764 17058
200 17253 9789 17102
200 17877 10754 17747
200 16442 5570 16228
200 17593 8701 17481
200 17079 9214 16950
200 17684 8640 17532
200 16806 10587 16650
200 17256 7106 17140
200 18492 7862 18339
200 18414 7345 18265
200 17051 7399 16929
200 16529 9062 16397
200 16787 6573 16679
200 16820 8270 16719
200 16057 4401 15981
200 16942 9626 16775
200 17018 6979 16874
200 16292 8397 16182
200 17475 8118 17369
200 17691 6567 17549
200 17849 6452 17708
200 18218 6149 18048
200 18177 10057 18065
200 16483 5556 16363
300 25320 26558 25074
300 25729 35046 25445
300 26341 29306 26078
300 24741 14826 24410
300 27215 25575 26914
300 25704 32485 25424
300 25608 28032 25336
300 25058 27152 24758
300 25781 24685 25577
300 26635 22614 26335
300 27289 23196 26971
300 24713 25847 24465
300 25273 25743 25018
300 25706 22144 25437
300 25864 22318 25600
300 24639 16535 24473
300 25607 26536 25332
300 25080 20686 24796
300 25081 26189 24852
300 26548 24915 26302
300 26664 19606 26404
300 26174 27304 25895
300 26617 22003 26314
300 26292 27844 26045
300 25082 20959 24776
400 34117 62648 33706
400 34636 86819 34076
400 34956 66990 34516
400 33000 54960 32570
400 35928 61732 35456
400 34404 66901 33977
400 34187 63532 33757
400 34122 53205 33659
400 35123 60258 34751
400 35073 73683 34575
400 35580 68094 35083
400 32943 60117 32526
400 33667 61197 33247
400 33933 60303 33593
400 34360 60727 33878
400 33674 44934 33367
400 34124 62487 33656
400 34159 75396 33716
400 33940 64201 33443
400 35501 64923 35095
400 35645 48565 35219
400 35348 69979 34864
400 34946 78488 34466
400 34823 76861 34417
400 33908 46428 33479
500 42486 136158 41885
500 43739 143652 43035
500 43352 140159 42718
500 41622 141231 41023
500 45140 135607 44415
500 42752 130106 42102
500 43411 115842 42738
500 42627 101527 41891
500 44224 140919 43626
500 43979 149528 43277
500 44413 118731 43711
500 42379 126877 41704
500 42632 141578 41970
500 43107 137606 42520
500 42825 135734 42141
500 42510 105927 41939
500 42763 137267 42027
500 43276 149214 42606
500 42602 131315 41928
500 44329 142125 43689
500 43513 146320 42909
500 44452 148771 43677
500 43480 175887 42828
500 43261 160432 42669
500 41650 103219 41024
600 50046 273279 49176
600 52307 249231 51326
600 52061 258726 51168
600 51495 263839 50568
600 54613 231394 53581
600 51975 204575 51087
600 52123 228311 51164
600 51259 202483 50220
600 53137 286709 52265
600 52544 274185 51605
600 52951 305574 51996
600 51263 239743 50248
600 51604 262618 50711
600 51511 255374 50646
600 51480 280838 50602
600 51449 219005 50657
600 51373 261004 50387
600 51009 289038 50115
600 51157 255210 50220
600 53772 267750 52858
600 52064 320622 51077
600 53994 247138 52942
600 52951 297382 51994
600 52255 299156 51357
600 50507 287805 49662
700 58677 454989 57483
700 60860 431740 59580
700 60447 442354 59199
700 60703 443124 59453
700 64060 482008 62754
700 60571 390460 59386
700 61015 384538 59770
700 60280 330344 58814
700 62159 473523 60950
700 61640 463551 60359
700 61657 534012 60347
700 59988 378546 58676
700 60512 457075 59182
700 60389 462249 59246
700 60802 539388 59657
700 60986 409516 59812
700 60593 447868 59355
700 60124 464903 58931
700 60730 453271 59433
700 62906 478650 61688
700 60830 557544 59582
700 63128 430721 61793
700 61715 521629 60440
700 60676 517270 59525
700 59637 474055 58465
