100 8315 5178 8200
100 8529 4064 8427
100 8902 3811 8807
100 7427 1598 7318
100 8992 3265 8888
100 8638 2494 8526
100 9354 2058 9238
100 8639 2037 8530
100 8591 1988 8484
100 9920 1612 9806
100 9686 1976 9560
100 8333 3604 8168
100 8326 1842 8222
100 8724 1968 8601
100 8654 2448 8520
100 7774 2310 7667
100 9004 1754 8884
100 8459 2603 8345
100 8336 2213 8247
100 8997 3685 8866
100 9120 1990 8994
100 9030 3354 8921
100 9029 3704 8895
100 9313 1483 9195
100 8056 2042 7958
150 12754 7980 12577
150 13429 6726 13257
150 13464 7521 13288
150 12055 6911 11858
150 13436 5635 13272
150 13056 7422 12872
150 13413 5169 13230
150 12904 4974 12728
150 12821 4137 12631
150 14237 6184 14048
150 13986 4563 13775
150 12992 6669 12822
150 12549 5635 12380
150 12765 5748 12562
150 13040 5229 12845
150 12299 5194 12122
150 13045 5240 12858
150 12486 6806 12298
150 12597 8563 12451
150 12973 7977 12757
150 13580 4759 13387
150 13537 9245 13364
150 14005 8263 13795
150 13858 5452 13657
150 12265 8181 12104
200 17309 15252 17058
200 17359 13328 17102
200 18011 15986 17747
200 16507 14998 16228
200 17802 18641 17481
200 17209 16324 16950
200 17786 16907 17532
200 16907 12308 16650
200 17409 8178 17140
200 18610 12380 18339
200 18552 10283 18265
200 17165 12063 16929
200 16671 13716 16397
200 16951 15306 16679
100 14935 5084 8200
100 15041 4126 8427
100 15126 4033 8807
100 12993 1611 7318
100 14976 3378 8888
100 14994 2617 8526
100 14654 1931 9238
100 13189 2145 8530
100 14671 1966 8484
100 14732 1729 9806
100 15615 2037 9560
100 13475 3750 8168
100 14941 1733 8222
100 14941 2059 8601
100 14195 2472 8520
100 13561 2413 7667
100 14779 1795 8884
100 13811 2677 8345
100 15238 2151 8247
100 14780 3833 8866
100 14833 1993 8994
100 14496 3473 8921
100 15080 3779 8895
100 15831 1406 9195
100 14505 2208 7958
150 22545 8132 12577
150 23178 6838 13257
150 22742 7703 13288
150 20395 6932 11858
150 22440 5649 13272
150 22542 7415 12872
150 21976 5280 13230
150 20064 5076 12728
150 21973 4188 12631
150 21780 6205 14048
150 23139 4718 13775
150 22360 6688 12822
150 23038 5699 12380
150 22253 5765 12562
150 21321 5240 12845
150 22761 5242 12122
150 21941 5299 12858
150 20613 6669 12298
150 22908 8623 12451
150 21909 8051 12757
150 22199 4834 13387
150 21741 9211 13364
150 22853 8237 13795
150 24894 5559 13657
150 21845 8286 12104
200 30211 15089 17058
200 30632 13883 17102
200 30356 16815 17747
200 27410 15042 16228
200 29854 18553 17481
200 29960 15486 16950
200 29243 16298 17532
200 28202 12158 16650
200 29457 8293 17140
200 28855 12546 18339
200 30807 10454 18265
200 29736 12270 16929
200 30705 13892 16397
200 29636 15560 16679
200 28239 10212 16719
200 30257 13646 15981
200 29072 14493 16775
200 27717 12902 16874
200 30364 18459 16182
200 31781 12005 17369
200 29445 13007 17549
200 30533 17089 17708
200 30312 15387 18048
200 33122 11728 18065
200 29239 11289 16363
250 38720 26225 21216
250 38329 27293 21435
250 37727 28725 21739
250 34348 24606 20446
250 37607 29544 22503
250 37503 29135 21272
250 36113 24895 20985
250 35188 25331 20622
250 36819 18315 21436
250 35853 25550 22476
250 38289 20576 22364
250 36975 26619 20745
250 38599 26246 20907
250 39957 26247 21167
250 36619 24291 21019
250 37950 28929 20153
250 36565 28126 21407
250 35151 24530 21013
250 38106 31076 20527
250 39812 22333 21884
250 36757 23234 21806
250 38275 29858 22301
250 37828 28848 22412
250 41186 28672 22041
250 36695 24028 20714
300 46292 45100 25074
300 45866 53206 25445
300 45883 49960 26078
300 41165 33437 24410
300 45105 54197 26914
300 44976 44958 25424
300 43739 52421 25336
300 42221 43683 24758
300 47144 36833 25577
300 42726 42442 26335
300 46027 34873 26971
300 44159 46042 24465
300 46285 44729 25018
300 47971 43667 25437
300 44147 41755 25600
300 45694 51249 24473
300 43700 61181 25332
300 41959 45798 24796
300 45839 58785 24852
300 47803 36616 26302
300 44244 41836 26404
300 45508 61211 25895
300 45118 43709 26314
300 49193 42614 26045
300 44012 44823 24776
350 54854 89110 29505
350 53539 86437 29720
350 53305 99924 29952
350 50001 61839 28222
350 52618 81974 31375
350 52626 75901 29931
350 50975 82920 29431
350 49489 61118 29318
350 55245 62583 30305
350 49935 80772 30830
350 53579 65762 31401
350 51512 74552 28400
350 53989 80360 29129
350 55816 79743 29356
350 51604 60987 30038
350 53573 79562 29064
350 50927 91053 29385
350 49590 78710 28866
350 53587 77361 29161
350 55880 70504 30883
350 51522 79112 30753
350 53236 82196 30472
350 55397 87824 30587
350 57354 75041 30266
350 51422 80331 28945
400 62693 134672 33706
400 61279 125713 34076
400 61076 137989 34516
400 60125 112674 32570
400 59954 136084 35456
400 60037 111471 33977
400 58333 112394 33757
400 56653 93982 33659
400 63205 95866 34751
400 60773 133726 34575
400 60863 101830 35083
400 58913 101751 32526
400 61652 117918 33247
400 63825 127865 33593
400 58763 95592 33878
400 61326 119337 33367
400 60249 161781 33656
400 65059 131289 33716
400 61337 117573 33443
400 63793 110714 35095
400 58939 130868 35219
400 60886 124599 34864
400 63085 150761 34466
400 65475 116193 34417
400 58952 109509 33479
450 70653 194780 38160
450 69089 181038 38606
450 68645 188070 38701
450 67686 168774 36685
450 68521 196424 40156
450 67613 157310 38337
450 65705 167261 38143
450 63687 145303 37754
450 71172 153365 39194
450 68371 213588 38881
450 68829 167565 39240
450 66471 165201 37024
450 69539 164242 37638
450 71997 182963 38158
450 66002 170171 37901
450 68980 189690 37493
450 67764 223299 37763
450 73195 194039 37872
450 69421 175096 37528
450 71653 174026 39179
450 65999 185648 38956
450 68628 188751 39437
450 70929 212375 38683
450 73550 177052 38433
450 66173 171936 37365
500 78268 259108 41885
500 76861 255850 43035
500 76663 274047 42718
500 80866 260441 41023
500 76054 282783 44415
500 74883 235368 42102
500 73200 256749 42738
500 70756 214871 41891
500 79633 225726 43626
500 75998 286635 43277
500 76589 229741 43711
500 74173 236795 41704
500 77385 268422 41970
500 81091 259838 42520
500 73381 270532 42141
500 76803 267046 41939
500 75335 295254 42027
500 81623 265375 42606
500 77283 252657 41928
500 79722 238578 43689
500 79666 290724 42909
500 76263 271430 43677
500 78760 298746 42828
500 81687 257261 42669
500 73291 239082 41024
