20 22 562 20
20 21 318 19
20 24 311 22
20 26 421 26
20 22 325 20
20 24 331 22
20 22 321 20
20 21 324 21
20 21 311 19
20 21 208 21
20 20 316 18
20 24 320 22
20 28 422 26
20 19 211 17
20 24 333 22
20 22 327 20
20 19 206 17
20 23 319 21
20 24 330 24
20 22 318 20
20 26 426 26
20 22 417 20
20 26 316 26
20 26 432 24
20 21 207 21
40 22 514 20
40 24 625 22
40 24 624 22
40 26 671 26
40 22 430 20
40 24 523 22
40 22 426 20
40 22 645 22
40 26 762 24
40 21 324 21
40 25 546 23
40 24 645 22
40 28 860 26
40 23 432 21
40 24 542 22
40 22 544 20
40 26 651 24
40 24 629 22
40 24 534 24
40 22 435 20
40 26 662 26
40 28 906 26
40 26 761 26
40 27 887 25
40 21 533 21
60 26 1152 26
60 24 862 22
60 24 758 22
60 26 1005 26
60 22 630 20
60 24 771 22
60 22 699 20
60 22 974 22
60 26 1202 24
60 22 755 21
60 25 866 23
60 24 860 22
60 28 1342 26
60 23 832 21
60 26 1421 24
60 22 725 21
60 26 1059 24
60 24 951 22
60 24 830 24
60 24 813 22
60 26 1057 26
60 28 1558 26
60 26 1044 26
60 27 1146 25
60 21 612 21
80 26 1520 26
80 28 26506 26
80 27 2641 25
80 26 1358 26
80 23 1087 21
80 24 1908 22
80 26 1384 26
80 24 1200 22
80 26 2132 24
80 22 966 21
80 25 1083 23
80 24 2234 22
80 28 1717 26
80 24 25269 22
80 26 4943 24
80 27 2208 27
80 26 1604 24
80 24 1073 22
80 24 27482 24
80 25 1175 23
80 26 9243 26
80 28 35517 26
80 26 2996 26
80 27 1995 25
80 25 1212 25
100 26 5479 26
100 28 126587 26
100 27 98143 25
100 26 99923 26
100 23 2504 21
100 24 40154 22
100 26 2271 26
100 24 7340 22
100 NaN NaN NaN
100 23 36111 21
100 25 47848 23
100 24 2738 22
100 28 30880 27
100 24 4794 22
100 27 31012 25
100 27 3524 27
100 26 16552 24
100 27 60246 25
100 NaN NaN NaN
100 25 59414 23
100 26 61468 26
100 28 81779 26
100 26 85332 26
100 27 80665 25
100 25 2438 25
120 26 249752 26
120 30 19769 28
120 NaN NaN NaN
120 NaN NaN NaN
120 NaN NaN NaN
120 25 90035 25
120 NaN NaN NaN
120 NaN NaN NaN
120 NaN NaN NaN
120 NaN NaN NaN
120 NaN NaN NaN
120 NaN NaN NaN
120 NaN NaN NaN
120 NaN NaN NaN
120 NaN NaN NaN
120 NaN NaN NaN
120 26 58617 24
120 NaN NaN NaN
120 NaN NaN NaN
120 NaN NaN NaN
120 NaN NaN NaN
120 NaN NaN NaN
