100 257 12103 162
100 275 11134 194
100 258 10963 192
100 286 10579 188
100 295 11050 184
100 269 10581 204
100 267 10223 200
100 272 10732 203
100 254 11319 187
100 267 12140 186
100 307 11710 160
100 261 11599 168
100 274 10834 180
100 273 10220 177
100 268 10656 202
100 267 10633 198
100 275 10325 182
100 288 11645 167
100 258 10479 177
100 264 10676 181
100 270 10490 181
100 255 10274 178
100 268 10154 194
100 277 10267 210
100 270 10483 213
200 288 17251 168
200 308 18917 194
200 287 18547 209
200 305 17254 188
200 294 17113 200
200 272 16045 204
200 271 15679 200
200 276 16633 203
200 275 17952 188
200 275 16786 186
200 285 17162 219
200 269 16393 196
200 275 16421 201
200 306 17783 177
200 268 16382 204
200 273 16644 198
200 300 17577 182
200 290 16357 185
200 270 15895 177
200 296 16268 183
200 277 16810 206
200 281 18230 180
200 275 16137 194
200 284 17089 215
200 278 16902 213
300 279 24788 182
300 310 24963 194
300 297 26059 209
300 301 23124 190
300 301 25879 211
300 275 23575 204
300 285 23954 200
300 275 23594 210
300 299 25117 188
300 288 25516 223
300 287 25346 219
300 283 25356 196
300 276 23346 201
300 318 26162 188
300 278 25972 204
300 295 25217 221
300 311 24464 182
300 287 24021 210
300 294 25353 198
300 308 24742 183
300 286 25002 206
300 291 25369 180
300 276 22555 194
300 286 24239 215
300 285 25701 213
400 299 32740 182
400 313 33358 194
400 300 33983 209
400 310 31934 190
400 302 34278 211
400 277 32072 204
400 288 30897 200
400 285 33471 210
400 313 32777 188
400 292 35624 223
400 290 33082 219
400 296 33806 199
400 287 31868 201
400 317 33685 188
400 291 34292 204
400 296 34081 221
400 320 34779 185
400 290 34516 210
400 297 33862 198
400 300 34125 200
400 295 34180 206
400 289 33424 193
400 280 30421 194
400 288 33522 215
400 290 34329 213
500 318 43881 182
500 317 42930 194
500 301 42999 209
500 316 43375 190
500 304 43563 211
500 282 41526 204
500 289 42210 200
500 288 45477 210
500 314 41943 188
500 295 45910 223
500 292 43252 219
500 304 42291 199
500 303 42318 201
500 317 42452 188
500 295 43841 205
500 295 41440 221
500 323 44645 190
500 291 43563 210
500 299 43176 198
500 306 43503 200
500 305 43284 206
500 289 42561 193
500 283 41062 196
500 293 43298 215
500 291 43113 213
600 299 52090 194
600 323 55614 195
600 305 55841 209
600 317 53203 190
600 305 55178 211
600 288 50708 210
600 291 49468 200
600 296 53870 217
600 319 52218 188
600 307 59429 223
600 295 53431 219
600 305 51373 199
600 304 52095 201
600 319 51694 188
600 299 53785 205
600 296 51960 221
600 326 56328 190
600 292 56464 210
600 304 56200 198
600 306 52989 200
600 306 52083 206
600 297 52243 216
600 287 51295 204
600 296 50946 215
600 302 52695 213
700 297 63275 207
700 325 66318 195
700 314 66999 209
700 325 67739 190
700 307 66351 211
700 289 62014 210
700 299 61599 200
700 299 65990 217
700 327 62828 188
700 316 73741 223
700 298 65767 219
700 310 73652 199
700 317 63798 201
700 319 60420 188
700 301 64998 205
700 298 61153 221
700 326 66646 190
700 294 63315 210
700 316 89425 198
700 308 64930 200
700 307 63819 214
700 297 61769 216
700 289 62376 204
700 300 62553 215
700 310 66719 213
800 298 75282 207
800 329 76251 195
800 314 75430 209
800 326 84377 190
800 314 77596 220
800 295 83047 210
800 305 72663 213
800 308 79435 217
800 339 75648 188
800 318 85873 223
800 302 83648 219
800 314 86447 199
800 301 80397 217
800 326 73449 188
800 311 76503 205
800 301 74634 221
800 326 81950 190
800 297 76399 210
800 321 96499 198
800 311 74650 200
800 309 78947 214
800 299 70678 216
800 300 79444 204
800 304 87119 215
800 312 77565 213
900 301 89529 207
900 338 113441 201
900 317 90581 209
900 339 115241 190
900 320 90538 220
900 303 95495 210
900 305 81719 213
900 312 90693 217
900 339 89275 188
900 321 99530 223
900 302 93394 219
900 320 105098 199
900 320 98760 217
900 305 88610 214
900 313 93492 205
900 305 89440 221
900 350 96314 190
900 316 88877 210
900 321 95413 198
900 329 94595 200
900 314 101009 214
900 303 84850 216
900 303 89249 204
900 310 104083 215
900 313 91480 213
1000 308 100202 207
1000 334 130017 215
1000 321 127749 209
1000 345 160736 190
1000 321 102079 220
1000 306 116096 210
1000 308 116408 213
1000 315 104841 217
1000 348 104726 188
1000 323 115334 223
1000 303 107066 219
1000 323 127473 199
1000 322 123561 217
1000 307 112605 214
1000 318 109036 205
1000 308 103762 221
1000 348 112203 200
1000 327 112025 210
1000 326 115570 198
1000 331 116124 200
1000 316 120288 214
1000 305 98276 216
1000 312 103232 204
1000 317 115136 215
1000 318 112493 213
1100 320 131696 207
1100 335 153627 215
1100 321 143290 209
1100 351 213265 193
1100 322 114950 220
1100 323 133035 210
1100 318 139247 213
1100 316 123116 217
1100 349 121964 188
1100 326 129696 223
1100 305 127954 219
1100 323 167019 199
1100 324 142751 217
1100 316 148288 214
1100 321 123483 205
1100 317 120552 221
1100 339 146577 215
1100 333 126172 210
1100 333 170364 198
1100 337 146128 200
1100 317 150516 214
1100 318 124046 216
1100 319 128570 204
1100 326 145008 215
1100 329 153468 213
1200 327 149141 207
1200 336 188593 215
1200 323 153419 209
1200 365 271002 193
1200 323 132886 220
1200 323 153779 210
1200 333 163288 213
1200 320 152640 217
1200 349 149693 188
1200 326 150965 223
1200 307 150098 219
1200 343 246887 199
1200 324 169781 217
1200 331 181968 214
1200 336 144941 208
1200 318 155664 221
1200 339 172707 215
1200 339 151532 210
1200 336 188556 198
1200 344 166213 200
1200 323 161613 214
1200 322 147323 216
1200 330 154126 204
1200 325 188665 215
1200 334 171217 213
1300 330 204205 207
1300 340 249831 215
1300 323 187613 209
1300 353 539463 193
1300 324 177204 220
1300 336 171332 211
1300 335 215545 213
1300 326 223524 217
1300 349 243554 188
1300 329 228041 223
1300 309 229059 219
1300 346 370650 199
1300 325 223103 217
1300 333 249027 214
1300 340 182390 208
1300 331 218645 221
1300 343 194437 215
1300 339 176805 210
1300 337 337631 198
1300 344 263178 200
1300 337 178592 214
1300 321 178186 216
1300 342 213353 214
1300 333 185612 215
1300 331 517346 213
1400 344 282249 207
1400 342 362353 215
1400 326 253820 209
1400 354 425388 197
1400 326 276027 220
1400 339 231792 211
1400 348 315849 213
1400 327 262443 217
1400 350 477272 193
1400 334 330007 223
1400 323 477680 219
1400 348 427427 199
1400 325 242170 217
1400 341 395977 214
1400 341 212398 208
1400 334 257574 221
1400 348 218625 215
1400 339 290766 210
1400 330 582740 203
1400 344 303904 200
1400 341 254116 214
1400 321 203416 216
1400 343 236688 214
1400 342 359508 215
1400 332 293293 213
1500 348 438341 207
1500 351 341714 215
1500 332 337520 209
1500 355 470677 197
1500 345 451896 220
1500 345 398854 211
