20 924 24618 924
20 787 15725 785
20 925 26668 921
20 821 16473 818
20 995 19094 995
20 998 25458 996
20 927 13869 927
20 909 13103 907
20 993 24716 989
20 833 19491 831
20 1000 24462 998
20 866 18350 862
20 969 11753 967
20 1045 36700 1043
20 934 15268 930
20 837 17107 833
20 939 15506 939
20 939 22745 937
20 1024 44914 1024
20 932 13707 928
20 873 24150 873
20 892 35294 888
20 865 15881 861
20 956 25698 954
20 941 14011 935
40 924 44319 924
40 870 20676 868
40 925 52073 921
40 821 22722 818
40 1022 59993 1018
40 1007 35663 1003
40 927 26487 927
40 909 61056 907
40 993 33912 989
40 843 24208 839
40 1000 34086 998
40 1004 37685 1000
40 969 30115 967
40 1045 44684 1043
40 964 21812 964
40 837 19719 833
40 939 30691 939
40 1121 69662 1121
40 1024 90310 1024
40 1070 35520 1068
40 961 43124 955
40 892 41125 888
40 949 42080 945
40 1024 55856 1020
40 941 26789 935
60 924 42363 924
60 870 62724 868
60 925 58472 921
60 837 54701 831
60 1022 75622 1018
60 1008 84135 1003
60 968 40398 964
60 979 51140 973
60 993 51501 989
60 930 52978 926
60 1000 75939 998
60 1004 62370 1000
60 1015 66911 1013
60 1045 101394 1043
60 1029 40599 1027
60 839 44183 833
60 940 87243 939
60 1121 117819 1121
60 1024 157926 1024
60 1070 63241 1068
60 961 76455 955
60 892 68082 888
60 959 52893 957
60 1024 67495 1020
60 992 60341 986
80 927 83821 924
80 915 71818 908
80 1001 73785 999
80 879 103307 871
80 1038 136399 1034
80 1007 169934 1003
80 968 98251 964
80 979 67915 973
80 1028 107085 1026
80 935 62846 926
80 1000 123879 998
80 1085 103984 1081
80 1015 104403 1013
80 1045 140008 1043
80 1029 76314 1027
80 839 54914 833
80 940 104118 939
80 1121 150950 1121
80 1024 181028 1024
80 1070 78614 1068
80 1062 107560 1058
80 948 98125 944
80 968 80672 963
80 1038 118058 1036
80 992 123249 986
100 1023 117622 1017
100 915 126173 908
100 1001 117571 999
100 1011 132147 1005
100 1038 287698 1034
100 1009 209744 1003
100 968 133566 964
100 1011 162315 1005
100 1028 167372 1026
100 995 123828 987
100 1000 162672 998
100 1085 124083 1081
100 1015 130159 1013
100 1045 170609 1043
100 1029 105004 1027
100 984 96229 982
100 980 128932 974
100 1121 172624 1121
100 1024 207460 1024
100 1072 126496 1068
100 1062 165262 1058
100 961 167969 955
100 970 113667 963
100 1062 137062 1058
100 1041 145231 1037
120 1043 140052 1040
120 915 170004 908
120 1001 137443 999
120 1011 208942 1005
120 690 315205 1034
120 1017 238378 1010
120 968 156038 964
120 1011 203237 1005
120 1060 177029 1054
120 997 165815 987
120 1000 206500 998
120 1085 147715 1081
120 1019 246817 1013
120 1045 198662 1043
120 1029 130432 1027
120 1042 136535 1036
120 992 182946 990
120 1123 243954 1121
120 1024 255937 1024
120 1093 162091 1092
120 1062 212830 1058
120 984 212890 974
120 969 191335 963
120 1062 219077 1058
120 1041 202394 1037
140 1043 177236 1040
140 999 279682 993
140 1001 207464 999
140 1011 252521 1005
140 690 324831 1034
140 1017 293977 1010
140 968 218372 964
140 1011 239979 1005
140 1060 221566 1054
140 997 231806 987
140 1006 259653 999
140 1085 250122 1081
140 1019 290361 1013
140 1045 247528 1043
140 1029 194165 1027
140 1042 196555 1036
140 992 221923 990
140 1123 291167 1121
140 1026 307695 1024
140 1093 257466 1092
140 1062 234732 1058
140 982 292750 974
140 970 276625 963
140 1062 248431 1058
140 692 319236 1037
160 1045 258032 1040
160 663 322972 993
160 1051 245920 1049
160 672 319309 1005
160 690 330094 1034
160 336 331244 1010
160 968 270734 964
160 1013 314015 1005
160 1060 294602 1054
160 1029 294054 1023
160 666 334677 999
160 1085 295181 1081
160 675 320417 1013
160 1045 292363 1043
160 1031 279154 1027
160 1042 244620 1036
160 992 259575 990
160 371 345573 1121
160 341 336857 1024
160 363 340167 1092
160 1062 292123 1058
160 325 361482 974
160 972 272043 963
160 1062 311544 1058
160 692 323895 1037
180 1045 295087 1040
180 331 339717 993
180 699 342489 1049
180 672 337822 1005
