10 369 43826 369
10 352 67746 352
10 214 17590 214
10 299 10563 299
10 290 25737 290
10 234 8329 232
10 232 5704 232
10 374 26530 374
10 354 36392 354
10 335 29726 335
10 389 56989 389
10 353 21623 353
10 380 20761 380
10 256 5040 256
10 346 60589 346
10 330 18529 330
10 334 28108 334
10 328 36788 328
10 339 43214 339
10 353 32577 353
10 382 15747 382
10 341 59966 341
10 338 29705 338
10 282 21621 282
10 380 34523 379
20 369 83863 369
20 352 102480 352
20 377 60390 376
20 362 45082 362
20 290 45347 290
20 306 31756 306
20 363 53504 363
20 374 70809 374
20 358 93055 354
20 335 48782 335
20 389 81755 389
20 353 55747 353
20 380 55494 380
20 344 35246 344
20 356 92556 356
20 378 97739 378
20 334 73890 334
20 377 77471 377
20 356 98250 356
20 353 46898 353
20 382 21835 382
20 362 88658 362
20 338 45047 338
20 367 46286 365
20 380 67733 379
30 374 213737 374
30 352 159323 352
30 377 87613 376
30 362 62661 362
30 326 113494 326
30 306 69247 306
