20 399 2614 395
20 330 2604 328
20 374 2662 370
20 343 2971 341
20 327 2430 325
20 323 2290 319
20 394 2608 392
20 328 2289 326
20 330 2575 330
20 324 2384 324
20 351 2573 343
20 433 2382 433
20 275 2255 271
20 293 2238 293
20 367 2566 365
20 338 2586 336
20 353 2864 349
20 352 2761 346
20 364 2454 362
20 346 2532 344
20 378 2457 370
20 320 2320 320
20 317 2319 313
20 349 2586 347
20 324 2613 320
40 399 3265 395
40 367 3495 359
40 374 3415 370
40 343 3592 341
40 327 3134 325
40 326 3163 325
40 394 3615 392
40 353 3139 351
40 330 3003 330
40 324 3333 324
40 388 3486 382
40 433 3609 433
40 388 3358 382
40 358 3184 352
40 367 3385 365
40 364 3556 362
40 353 3754 349
40 384 3879 380
40 364 3158 362
40 354 3866 347
40 378 3573 370
40 320 3284 320
40 367 3292 359
40 349 3460 347
40 352 3593 351
60 399 3901 395
60 367 4280 359
60 375 4125 370
60 343 4304 341
60 359 4235 357
60 341 3951 335
60 394 4583 392
60 368 4439 366
60 361 3739 359
60 324 4297 324
60 388 4587 382
60 433 5028 433
60 388 3819 382
60 358 4098 352
60 369 4147 365
60 364 4185 362
60 355 4513 349
60 384 4755 380
60 365 3922 362
60 354 4756 347
60 388 4590 378
60 326 4278 323
60 367 4070 359
60 349 4228 347
60 352 4472 351
80 399 4859 395
80 389 5443 383
80 375 4977 370
80 362 5070 362
80 359 5373 357
80 357 5051 353
80 394 5794 392
80 368 5175 366
80 364 4588 359
80 341 5170 339
80 393 5590 388
80 433 5792 433
80 388 5050 382
80 359 4983 352
80 369 5014 365
80 371 5146 368
80 412 5665 410
80 384 6741 380
80 366 5270 363
80 355 5795 347
80 388 5562 378
80 382 4858 376
80 367 5367 359
80 349 5044 347
80 376 5466 372
100 399 5705 395
100 389 6583 383
100 385 5982 379
100 373 6554 367
100 359 6925 357
100 357 6164 353
100 394 6586 392
100 369 6010 366
100 364 5668 359
100 341 6500 339
100 393 6793 388
100 433 7622 433
100 419 6193 417
100 381 5799 373
100 387 6385 377
100 371 6128 368
100 412 6748 410
100 384 8259 380
100 369 6300 363
100 357 6828 347
100 386 6646 378
100 382 5944 376
100 367 6383 359
100 349 5830 347
100 376 6900 372
120 399 7709 395
120 389 8000 383
120 385 7196 379
120 373 8266 367
120 367 8606 361
120 359 7036 353
120 394 8374 392
120 369 7543 366
120 364 6547 359
120 341 7893 339
120 398 7954 395
120 433 8600 433
120 419 7667 417
120 382 7377 373
120 387 7571 377
120 397 7306 395
120 412 9132 410
120 422 9360 422
120 369 7865 363
120 357 7972 347
120 387 8438 378
120 382 7429 376
120 378 7898 371
120 368 6794 360
120 407 8255 403
140 403 8902 401
140 389 9960 383
140 385 8383 379
140 375 9884 367
140 367 10393 361
140 378 8709 371
140 394 10532 392
140 378 8947 370
140 364 7632 359
140 341 8754 339
140 398 9697 395
140 433 10866 433
140 419 9291 417
140 382 9560 373
140 408 10372 400
140 417 9484 416
140 412 10397 410
140 422 11874 422
140 369 8970 363
140 379 9259 368
140 387 9818 378
140 380 8468 376
140 379 9416 371
140 368 9295 360
140 407 9746 403
160 405 10768 401
160 392 11498 383
160 385 10452 379
160 376 11526 367
160 395 12696 383
160 378 10472 371
160 394 12554 392
160 378 10683 370
160 364 9025 359
160 345 10528 339
160 398 11610 395
160 433 12262 433
160 419 10726 417
160 382 11191 373
160 408 12364 400
160 417 11132 416
160 413 12500 410
160 422 14022 422
160 369 11080 363
160 379 12381 368
160 391 12301 378
160 380 10838 376
160 379 10826 371
160 368 10752 360
160 408 12010 403
180 406 13751 401
180 393 15369 383
180 396 12728 392
180 376 12796 367
180 395 14640 383
180 378 13128 371
180 394 14508 392
180 380 12711 370
180 364 10713 359
180 345 12082 339
180 398 13548 395
180 433 13239 433
180 419 13401 417
180 393 13518 376
180 408 14370 400
180 417 13303 416
180 413 14695 410
180 422 17105 422
180 369 13290 363
180 379 14675 368
180 396 16386 392
180 384 13421 376
180 379 13886 371
180 368 12061 360
180 408 15606 403
200 406 16912 401
200 389 29391 383
200 396 17061 392
200 376 14605 367
200 396 18253 383
200 380 16775 371
200 394 17167 392
200 379 16557 370
200 364 12951 359
200 413 15566 408
200 398 16976 395
200 433 15714 433
200 419 15925 417
200 393 16435 376
200 408 17214 400
200 417 16375 416
200 413 18024 410
200 422 21037 422
200 370 15395 363
200 379 18140 368
200 396 18808 392
200 384 14757 376
200 379 16254 371
200 368 13978 360
200 408 19316 403
220 406 21533 401
220 398 23554 383
220 398 20640 392
220 414 18876 411
220 395 21177 383
220 385 19949 376
220 395 19617 392
220 383 18226 370
220 372 15542 364
220 413 18195 408
220 398 20825 395
220 433 19680 433
220 419 22210 417
220 395 20203 376
220 408 19512 400
220 417 20643 416
220 413 21749 410
220 422 24509 422
220 374 20823 367
220 380 19528 368
220 396 21236 392
220 384 17952 376
220 379 19676 371
220 368 16975 360
220 408 23458 403
240 406 24973 401
240 403 33286 391
240 396 23989 392
240 414 21900 411
240 397 26009 383
240 393 22839 385
240 395 26543 392
240 385 26847 370
240 406 19473 399
240 413 21006 408
240 400 25173 395
240 433 23300 433
240 419 26354 417
240 399 23107 376
240 408 22852 400
240 417 21778 416
240 414 24329 410
240 422 29482 422
240 376 25707 367
240 381 23539 368
240 396 26937 392
240 384 21558 376
240 379 22723 371
240 368 21848 360
240 410 27636 403
260 406 35667 401
260 404 41808 391
260 398 27949 392
260 414 28564 411
260 397 32986 383
260 393 25667 385
260 395 31990 392
260 386 31755 370
260 406 23899 399
260 413 25085 408
260 400 30245 395
260 433 26284 433
260 417 30757 417
260 403 28657 376
260 408 27708 400
260 421 27444 416
260 414 28513 410
260 422 39174 422
260 395 31192 385
260 380 28173 368
260 408 38323 392
260 388 25790 376
260 383 26533 371
260 368 46787 360
260 410 31408 403
280 406 41022 401
280 405 50970 391
280 396 34328 392
280 414 32455 411
280 398 41067 383
280 393 31226 385
280 395 36219 392
280 386 48848 370
280 409 28799 399
280 413 29152 408
280 400 38074 395
280 433 35338 433
280 417 35055 417
280 403 36343 376
280 408 35192 400
280 420 33527 416
280 414 32512 410
280 422 45010 422
280 395 33975 385
280 389 38580 368
280 416 39028 392
280 388 31098 376
280 383 33889 371
280 381 49381 374
280 408 34593 403
300 406 47074 401
300 404 59961 391
300 396 39503 392
300 414 40711 411
300 398 56111 383
300 393 36458 385
300 400 43351 392
300 386 57251 370
300 409 33465 399
300 413 34245 408
300 402 48386 395
300 433 41822 433
300 419 46526 417
300 405 42224 376
300 409 45094 400
300 420 38040 416
300 414 37122 410
300 428 54486 422
300 396 49329 385
300 390 40391 368
300 418 46761 392
300 388 36826 376
300 391 40619 371
300 395 67595 387
300 408 42873 403
320 406 56448 401
320 402 67300 391
320 402 45500 392
320 416 46184 411
320 398 69635 383
320 393 45276 385
320 399 49281 392
320 387 63769 370
320 409 42918 399
320 413 38248 408
320 404 55126 395
320 433 53154 433
320 421 53490 417
320 405 48376 376
320 410 63056 400
320 421 48346 416
320 414 43622 410
320 428 62906 422
320 396 55667 385
320 390 48947 368
320 418 56525 392
320 393 51718 376
320 399 46411 376
320 395 66935 387
320 408 48485 403
340 408 63202 401
340 402 77924 391
340 400 58995 392
340 416 52868 411
340 398 77827 383
340 393 51565 385
340 405 59470 392
340 388 74532 370
340 409 51553 399
340 413 44508 408
340 407 60220 395
340 433 67039 433
340 421 62217 417
340 405 59481 376
340 410 70957 400
340 421 56962 416
340 414 54606 410
340 428 79970 422
340 398 68772 385
340 390 70006 368
340 418 66678 392
340 393 59491 376
340 399 54101 376
340 397 75352 387
340 408 59495 403
360 408 70989 401
360 402 92719 391
360 400 66997 392
360 422 72098 411
360 400 82288 383
360 393 61904 385
360 405 80390 392
360 388 82369 370
360 407 56415 399
360 415 53570 408
360 407 67841 395
360 433 74359 433
360 423 69326 417
360 405 78935 376
360 432 83722 425
360 421 66327 416
360 418 66833 410
360 428 85071 422
360 398 77213 385
360 409 78579 395
360 419 86256 392
360 399 71036 376
360 405 63056 387
360 415 95658 413
360 409 67943 403
380 408 80352 401
380 419 138436 391
380 403 80570 392
380 424 85028 411
380 400 94110 383
380 395 72696 385
380 401 91220 392
380 390 94056 379
380 407 67604 399
380 415 60582 408
380 407 87102 395
380 433 93098 433
380 430 86230 417
380 411 86076 376
380 432 96494 425
380 425 76239 416
380 418 75656 410
380 429 103935 422
380 397 94647 385
380 409 86252 395
380 420 88304 392
380 399 80389 376
380 405 72133 387
380 415 73931 413
380 409 79319 403
400 408 93070 401
400 421 123176 391
400 403 90296 392
400 423 98762 411
400 400 103574 383
400 395 90481 385
400 408 110693 392
400 393 109227 379
400 407 80632 399
400 414 67618 408
400 405 103640 395
400 433 105677 433
400 431 96702 417
400 411 96830 376
400 432 107548 425
400 425 91557 416
400 417 81056 410
400 430 117726 422
400 396 114799 385
400 409 94830 395
400 420 95114 392
400 401 94949 376
400 410 88431 387
400 417 90143 413
400 409 89722 403

420 408 106164 401
420 421 156873 391
420 403 100228 392
420 423 110625 411
420 417 163110 385
420 395 101354 385
420 409 133887 392
420 393 128362 379
420 411 107976 399
420 414 77420 408
420 405 123861 395
420 433 126373 433
420 431 106813 417
420 414 124521 376
420 432 124904 425
420 425 112386 416
420 417 103769 410
420 433 137324 422
420 396 129481 385
420 409 108486 395
420 420 109859 392
420 401 115951 376
420 408 96614 387
420 417 104389 413
420 409 103756 403
440 410 123661 401
440 422 180342 391
440 405 124200 392
440 423 115271 411
440 417 195037 392
440 395 125941 385
440 410 148975 392
440 393 139994 379
440 412 117448 399
440 414 94959 408
440 409 143991 395
440 433 145919 433
440 431 124887 417
440 417 142069 379
440 432 135740 425
440 425 153062 416
440 418 116869 410
440 433 160689 422
440 427 147327 420
440 413 128950 395
440 421 130415 392
440 393 130162 376
440 410 107918 387
440 418 116442 413
440 409 113177 403
460 410 137289 401
460 426 200673 405
460 417 142753 401
460 425 131521 411
460 417 214242 392
460 395 140974 385
460 412 237278 392
460 400 151229 379
460 417 149279 401
460 414 117461 408
460 413 157460 395
460 433 175679 433
460 433 145339 417
460 417 153805 379
460 432 149704 425
460 425 170182 416
460 418 136396 410
460 435 199372 422
460 427 178828 420
460 415 139384 395
460 421 152628 392
460 400 166508 387
460 410 123422 387
460 418 141462 413
460 409 129804 403
480 410 165174 401
480 426 192377 405
480 417 164559 401
480 432 206853 411
480 417 236358 392
480 397 166122 385
480 333 320693 392
480 402 163956 379
480 416 169281 401
480 414 146351 408
480 412 195841 395
480 433 191301 433
480 438 170229 417
480 415 178318 379
480 430 179924 425
480 426 174184 416
480 422 188333 410
480 441 226408 422
480 428 196844 420
480 413 165877 395
480 420 183122 392
480 409 172484 396
480 410 141623 387
480 418 157689 413
480 409 147249 403
500 410 191658 401
500 426 271974 405
500 419 193900 401
500 433 201508 411
500 417 294212 392
500 395 185680 385
500 419 236099 392
500 404 193273 379
500 419 209807 401
500 420 169654 408
500 411 206816 395
500 433 220095 433
500 438 192540 417
500 416 207023 379
500 432 211417 425
500 426 197398 416
500 422 230452 410
500 437 261940 422
500 427 231676 420
500 414 192648 395
500 423 234034 392
500 411 212996 396
500 401 157587 387
500 420 210466 413
500 414 170099 403
