16750 153 140748 148 31296 149 148
40822 101 41430 101 10957 101 101
4391 50 8229 53 1945 54 50
4461 50 5992 50 1727 51 49
2987 46 4212 46 1567 49 46
3650 58 5393 48 1475 49 48
4079 55 5137 48 1128 48 48
3203 53 3624 43 1157 45 43
16991 46 600000 39 1155 41 39
18625 52 600000 45 1810 49 45
40757 54 600000 43 2271 47 43
1115284 52 600000 44 2189 47 44
640349 51 600000 51 2831 51 51
621140 54 600000 42 2616 46 42
600000 51 600000 51 600000 51 51
1719 52 2459 45 600000 45 45
1744 48 2302 45 600000 45 45
1844 48 1500 39 600000 38 38
3989 53 3993 44 600000 44 44
5017 55 6048 51 600000 51 51
4393 56 4201 45 600000 45 45
4268 54 3871 44 600000 44 44
3974 52 4507 46 600000 46 46
6956 54 11681 48 600000 46 46
5228 47 7981 47 600000 46 46
7991 52 15457 53 600000 51 51
6042 51 8719 49 600000 49 49
6011 49 8930 48 600000 48 48
5054 50 10492 48 600000 47 47
5865 51 12164 51 600000 50 50
7019 56 11771 52 600000 52 52
6213 55 12130 51 600000 51 51
6724 59 9980 48 600000 48 48
8873 54 10261 48 600000 48 48
6881 54 10375 48 600000 48 48
3808 56 6301 52 600000 52 52
5475 61 4395 46 600000 46 46
4648 58 5291 50 600000 50 50
4972 55 4237 47 600000 47 47
5098 56 6295 50 600000 50 50
5352 59 7577 55 600000 55 55
11170 65 17339 51 600000 50 50
5812 56 16067 56 600000 56 56
13816 63 14251 51 600000 51 51
15019 57 7567 45 600000 45 45
6452 55 11216 50 600000 50 50
16476 55 6289 43 600000 43 43
9877 55 8231 44 600000 43 43
13560 56 7004 44 600000 44 44
99785 64 80250 54 600000 54 54
63081 55 17440 43 600000 43 43
87641 56 27531 48 600000 48 48
148438 61 172339 55 600000 55 55
5661 51 6007 41 600000 41 41
56996 55 58533 50 600000 50 50
35366 53 46012 48 600000 48 48
23164 53 24677 47 600000 47 47
196443 58 159329 52 600000 52 52
301414 59 60955 49 600000 49 49
600000 46 56264 46 600000 46 46
77596 51 66705 48 600000 48 48
8123 50 9648 46 600000 46 46
16884 56 12918 49 600000 49 49
12025 59 11934 47 600000 47 47
12121 50 12349 48 600000 48 48
9777 49 7031 40 600000 40 40
74311 58 80935 56 600000 56 56
49833 53 28479 48 600000 48 48
92203 54 60112 47 600000 47 47
117541 56 70091 53 600000 53 53
138982 58 37067 48 600000 48 48
28079 52 30233 49 600000 49 49
39852 52 13349 40 600000 40 40
37128 54 54145 49 600000 49 49
55732 55 39813 53 600000 53 53
21630 49 17855 42 600000 42 42
44222 55 31829 49 600000 49 49
54233 53 24846 45 600000 45 45
91651 56 31354 48 600000 48 48
53996 54 20993 45 600000 45 45
77538 63 39156 50 600000 50 50
14786 53 15831 52 600000 52 52
11132 54 13191 50 600000 50 50
8656 48 12243 48 600000 48 48
14011 54 16246 52 600000 52 52
11418 46 9414 44 600000 44 44
54376 52 46402 52 600000 52 52
52627 57 62388 56 600000 56 56
30723 50 61270 50 600000 50 50
40447 52 25472 46 600000 46 46
42746 52 42218 50 600000 50 50
49514 49 25342 47 600000 47 47
88938 54 25421 46 600000 46 46
79913 58 26968 46 600000 46 46
48133 59 27739 47 600000 47 47
8627 48 7385 42 600000 42 42
15363 56 12038 51 600000 51 51
11129 51 6820 44 600000 44 44
15620 57 8063 46 600000 46 46
11349 53 8525 46 600000 46 46
11986 47 5243 40 600000 40 40
14581 53 8255 46 600000 46 46
14974 57 12805 52 600000 52 52
9235 51 8849 46 600000 46 46
7568 48 6581 43 600000 43 43
47429 56 106274 56 600000 56 56
60819 56 32128 48 600000 48 48
43366 53 63337 51 600000 51 51
166853 58 66605 47 600000 47 47
74824 54 100242 48 600000 48 48
48385 51 51419 45 600000 45 45
44566 52 48728 44 600000 43 43
85135 55 51544 48 600000 48 48
57271 53 38275 49 600000 49 49
114444 57 219599 57 600000 57 57
39382 51 88666 51 600000 51 51
92447 55 57781 44 600000 44 44
219170 56 600000 54 600000 54 54
83043 56 600000 42 600000 42 42
929 39 600000 39 600000 39 39
2354 42 600000 37 600000 37 37
3030 51 600000 46 600000 46 46
18081 52 600000 43 600000 43 43
89039 91 600000 89 600000 89 89
144097 108 600000 108 600000 108 108
133777 108 210496 106 600000 106 106
73704 132 66007 132 600000 132 132
60888 112 32894 106 600000 106 106
70571 115 36374 115 600000 115 115
68254 104 29470 104 600000 104 104
19479 72 15536 72 600000 72 72
40835 78 73822 78 600000 78 78
44400 77 59496 76 600000 76 76
41648 76 21701 76 600000 76 76
54230 76 24172 76 600000 76 76
47878 75 22110 74 600000 73 73
54013 76 23797 73 600000 73 73
128242 102 59535 99 600000 99 99
132539 114 110012 114 600000 114 114
129136 105 71636 105 600000 105 105
122393 101 63075 102 600000 101 101
112798 97 50639 96 600000 95 95
125818 94 47270 94 600000 94 94
126728 106 75066 107 600000 106 106
99504 100 112035 101 600000 99 99
96340 98 55295 98 600000 98 98
8472 122 8774 93 600000 93 93
3571 89 4827 79 600000 79 79
5014 98 10217 98 600000 98 98
24741 100 45556 96 600000 96 96
29820 102 65669 102 600000 102 102
32871 105 72920 105 600000 105 105
31222 96 59860 95 600000 95 95
15338 54 7690 48 600000 47 47
17991 56 45899 55 600000 55 55
21256 78 25714 78 600000 78 78
79055 78 28023 73 600000 73 73
58121 75 28941 75 600000 75 75
73128 102 85202 102 600000 102 102
60585 99 70368 99 600000 99 99
62516 103 81693 103 600000 103 103
77506 95 77996 94 600000 94 94
114664 101 117295 101 600000 101 101
158308 98 143193 98 600000 98 98
259700 102 203654 102 600000 102 102
126618 77 35891 71 600000 71 71
94724 74 44985 74 600000 74 74
66217 71 33944 68 600000 68 68
39389 68 35813 68 600000 68 68
600000 11 122 11 600000 11 11
42487 53 12745 49 600000 49 49
47439 55 12658 50 600000 50 50
367913 78 93127 78 600000 78 78
108383 76 136587 76 600000 76 76
145219 81 174679 81 600000 81 81
163254 85 130380 79 600000 79 79
104616 61 15556 41 600000 41 41
56113 52 40498 48 600000 48 48
140809 53 187531 46 600000 46 46
127020 51 183829 48 600000 48 48
5674 59 7922 47 600000 47 47
28131 51 45363 49 600000 49 49
95934 55 49733 53 600000 53 53
33834 64 70786 53 600000 53 53
31041 57 57717 50 600000 50 50
14957 60 63884 52 600000 52 52
35173 57 55442 53 600000 53 53
53287 56 56027 52 600000 52 52
20756 58 29647 51 600000 51 51
11909 59 51990 55 600000 55 55
140777 59 63226 53 600000 53 53
7724 59 28724 46 600000 46 46
44863 60 57662 48 600000 48 48
240295 53 147088 50 600000 47 47
41185 57 68769 55 600000 55 55
52369 60 45645 52 600000 52 52
44158 54 68755 52 600000 52 52
90786 60 92464 50 600000 50 50
31057 56 58387 52 600000 51 51
95840 54 50553 49 600000 49 49
330355 62 51039 48 600000 48 48
173570 70 33713 48 600000 48 48
75920 58 52578 53 600000 53 53
70055 59 57197 52 600000 52 52
36727 59 77981 50 600000 50 50
54347 57 8721 48 600000 48 48
123218 58 99785 55 600000 55 55
67569 65 27179 51 600000 50 50
31600 55 8194 52 600000 52 52
101574 57 50363 51 600000 51 51
30076 58 8471 54 600000 54 54
31635 59 10966 51 600000 51 51
153615 57 19349 48 600000 46 46
52438 59 6523 49 600000 49 49
99645 58 6944 50 600000 50 50
15178 61 9707 54 600000 54 54
44775 56 9771 56 600000 56 56
16552 51 7284 50 600000 49 49
1761 48 2978 48 600000 48 48
4398 55 5717 54 600000 54 54
16345 52 17222 51 600000 50 50
14462 51 11452 51 600000 51 51
20514 57 23777 56 600000 56 56
23393 51 13461 52 600000 50 50
20196 51 15883 52 600000 51 51
19724 54 8098 54 600000 54 54
20614 55 11641 55 600000 55 55
52599 54 17290 54 600000 54 54
45851 53 30487 52 600000 52 52
92087 53 10745 50 600000 50 50
63254 61 41963 50 600000 50 50
37171 58 9363 48 600000 48 48
55273 74 26635 69 600000 68 68
30166 100 23958 73 600000 73 73
41186 74 23639 74 600000 74 74
26129 63 54401 50 600000 50 50
339325 65 49327 52 600000 52 52
600000 51 311325 51 600000 51 51
3332 59 5527 56 600000 56 56
38175 58 16781 49 600000 49 49
23459 52 10959 43 600000 43 43
26634 59 16539 49 600000 49 49
18177 57 16592 50 600000 50 50
323389 62 13966 48 600000 48 48
25960 58 20627 51 600000 51 51
22108 55 19017 51 600000 51 51
9757 54 20189 54 600000 54 54
8835 53 18984 53 600000 53 53
5669 47 14710 47 600000 47 47
6050 46 12932 46 600000 46 46
9244 51 22008 51 600000 51 51
10860 53 23595 53 600000 53 53
18862 54 28407 54 600000 54 54
11481 51 20282 51 600000 51 51
55757 93 170037 93 600000 93 93
25025 74 63431 74 600000 74 74
76467 72 52824 72 600000 72 72
23431 81 56754 81 600000 81 81
41207 93 102926 93 600000 93 93
24852 85 66446 85 600000 85 85
41595 95 102952 95 600000 95 95
27751 91 63780 91 600000 91 91
29525 115 71741 115 600000 115 115
27898 113 66986 113 600000 113 113
25802 141 84208 141 600000 141 141
1493 64 4934 64 600000 64 64
2570 70 6268 70 600000 70 70
2421 71 7013 71 600000 71 71
6059 69 16992 69 600000 69 69
7576 71 16619 71 600000 71 71
7940 72 19086 72 600000 72 72
14266 75 14270 65 600000 65 65
5025 61 8672 57 600000 57 57
38985 72 29046 64 600000 64 64
33134 76 53214 76 600000 76 76
40521 74 32768 66 600000 66 66
25135 81 65870 81 600000 81 81
25073 83 67588 83 600000 83 83
53718 86 31186 66 600000 66 66
15361 69 38168 69 600000 69 69
35169 73 39834 70 600000 70 70
29618 73 40600 71 600000 71 71
39251 67 51914 66 600000 66 66
172416 72 65182 72 600000 72 72
52094 75 63733 70 600000 70 70
50062 76 73524 73 600000 73 73
128935 73 75337 73 600000 73 73
6502 71 10824 63 600000 62 62
8442 74 13650 71 600000 71 71
9905 81 17890 80 600000 80 80
31591 82 28546 81 600000 81 81
12291 75 22068 75 600000 75 75
