20 92 2103 86
20 96 2167 89
20 100 3463 67
20 87 1688 77
20 95 1923 78
20 96 1885 89
20 118 2812 102
20 95 2471 78
20 103 1831 92
20 84 1757 81
20 103 2323 84
20 100 2023 98
20 110 4186 74
20 97 2421 88
20 109 2366 90
20 84 1733 72
20 100 2492 95
20 104 2200 76
20 96 18350 93
20 102 2209 101
20 87 1922 82
20 93 1910 93
20 94 2274 94
20 100 1977 77
20 78 1530 78
40 95 4266 86
40 105 14697 89
40 110 6383 82
40 90 10088 82
40 95 3743 90
40 103 4098 89
40 118 8203 102
40 107 5317 78
40 107 4669 92
40 89 3728 81
40 102 7422 88
40 105 4411 102
40 108 6365 88
40 105 5169 105
40 119 7003 90
40 102 5487 93
40 101 4528 95
40 113 5184 104
40 101 97874 94
40 102 4897 101
40 87 3576 82
40 96 4221 93
40 100 5098 94
40 98 4605 97
40 117 10354 95
60 100 8050 86
60 109 18624 89
60 110 10700 82
60 95 5985 91
60 98 6503 90
60 104 8504 101
60 121 305199 102
60 124 10449 82
60 125 12619 92
60 99 8402 93
60 104 32494 96
60 105 7598 102
60 106 9739 101
60 105 7853 105
60 118 10535 92
60 112 8996 93
60 101 73725 95
60 113 8824 104
60 101 68423 94
60 102 8073 101
60 100 8047 82
60 105 6359 93
60 108 9464 94
60 99 7991 97
60 122 16287 95
80 115 16492 115
80 111 305197 89
80 110 51351 82
80 112 14305 112
80 98 13106 96
80 104 303061 101
80 125 304755 102
80 132 15803 83
80 123 18690 113
80 99 12461 93
80 107 64768 96
80 106 14546 102
80 106 37822 101
80 116 305109 105
80 118 13611 92
80 113 12751 93
80 110 178111 95
80 113 12472 104
80 101 147035 94
80 107 181421 101
80 100 112279 96
80 114 16348 107
80 119 12184 94
80 100 9539 97
80 124 28370 95
100 115 21615 115
100 111 304300 90
100 117 19830 82
100 112 18590 112
100 101 17413 96
100 104 285195 101
100 125 306576 102
100 132 19889 83
100 123 25972 113
100 99 13250 93
100 107 122357 96
100 106 21967 102
100 125 50509 101
100 117 306468 105
100 118 18496 92
100 116 27018 101
100 113 19987 95
100 113 305312 104
100 101 90590 94
100 107 305053 101
100 106 307068 101
100 114 17512 107
100 123 18086 94
100 100 15899 97
100 124 32796 95
120 115 29393 115
120 113 23652 110
120 126 25897 95
120 112 21469 112
120 110 25645 96
120 116 307613 108
120 125 309824 102
120 132 39412 83
120 123 29907 113
120 99 16928 93
120 107 191024 96
120 114 44625 102
120 125 72490 101
120 117 310344 105
120 121 22174 92
120 118 168954 101
120 113 23431 95
120 114 312560 104
120 100 20362 97
120 107 298687 101
120 106 310158 101
120 116 20885 107
120 123 22120 94
120 100 305008 97
120 124 36237 95
140 115 314177 115
140 113 34820 110
140 126 28978 95
140 112 26629 112
140 114 30089 96
140 116 312507 108
140 125 312103 102
140 124 311395 97
140 123 38361 113
140 101 22908 93
140 108 305303 96
140 119 45645 102
140 125 115272 101
140 117 310269 105
140 128 28186 92
140 121 310984 101
140 119 306506 95
140 114 313581 104
140 109 313970 109
140 107 310928 101
140 108 310888 101
140 124 34197 107
140 124 27292 94
140 103 305252 97
140 124 47000 95

160 116 320234 115
160 114 50969 110
160 126 34554 95
160 112 30662 112
160 117 308528 96
160 126 316877 108
160 125 41263 102
160 124 311163 97
160 124 43451 113
160 101 128783 93
160 118 310909 96
160 132 58976 102
160 125 88208 101
160 117 313198 105
160 128 37708 92
160 121 313169 101
160 122 39981 95
160 114 313816 104
160 109 317908 109
160 110 313811 101
160 108 312626 101
160 124 42873 107
160 124 32106 94
160 115 43257 109
160 121 310325 95
180 124 313809 115
180 114 53558 110
180 130 187383 106
180 117 40598 112
180 131 311108 96
180 126 316079 108
180 132 48762 102
180 132 313540 97
180 124 49743 113
180 106 164019 93
180 118 310725 96
180 132 66841 102
180 119 41265 107
180 119 315586 106
180 129 49177 92
180 121 316523 101
180 130 319512 103
180 114 319045 104
180 123 316957 109
180 110 315645 101
180 110 312534 101
180 126 47919 107
180 124 290649 97
180 117 51236 109
180 127 311306 95
200 127 317192 115
200 114 318342 110
200 134 313358 106
200 117 47515 112
200 131 313131 96
200 126 322609 108
200 148 318317 109
200 132 311407 97
200 124 52983 113
200 110 141535 93
200 118 309981 96
200 132 96785 102
200 124 60310 107
200 119 315122 106
200 129 95459 92
200 127 316762 101
200 130 320235 103
200 114 317905 104
200 123 320771 109
200 110 316661 101
200 110 188460 101
200 126 53229 107
200 136 312383 97
200 118 57953 109
200 128 313336 102
