20 371 1695 369
20 354 1869 352
20 378 1405 376
20 362 1632 362
20 292 1477 290
20 306 1512 306
20 365 1625 363
20 376 1595 374
20 356 1766 354
20 337 1530 335
20 391 1693 389
20 353 1745 353
20 385 1637 380
20 344 1432 344
20 356 1739 356
20 379 1904 378
20 337 1767 334
20 381 1530 377
20 356 1748 356
20 355 1453 353
20 384 2143 382
20 364 1687 362
20 338 1421 338
20 365 1697 365
20 381 1629 379
40 376 2584 374
40 354 2308 352
40 378 2131 376
40 367 1857 365
40 326 1978 326
40 339 2143 337
40 381 2191 379
40 399 2061 393
40 356 2446 354
40 337 2071 335
40 391 2627 389
40 376 2989 372
40 385 2437 380
40 344 1949 344
40 356 2321 356
40 379 2519 378
40 354 2277 352
40 381 1994 377
40 356 2246 356
40 357 1929 353
40 386 2308 382
40 370 2313 366
40 359 2235 357
40 365 2002 365
40 381 2378 379
60 376 3365 374
60 354 3107 352
60 378 2988 376
60 381 3128 379
60 375 3159 369
60 364 2848 360
60 381 3063 379
60 399 3886 393
60 356 2821 354
60 358 2848 358
60 391 3335 389
60 381 3698 374
60 385 3044 380
60 360 3103 358
60 357 3809 356
60 379 3090 378
60 354 2782 352
60 381 3645 377
60 356 3443 356
60 357 2877 353
60 386 3062 382
60 372 2930 369
60 379 2923 379
60 365 2563 365
60 381 3247 379
80 382 5319 380
80 401 4576 395
80 378 4417 376
80 381 4885 379
80 376 4752 369
80 417 3718 413
80 381 3695 379
80 399 5678 393
80 385 4798 379
80 401 3821 397
80 391 4535 389
80 381 4522 374
80 385 3762 380
80 360 4691 358
80 357 5015 356
80 379 4183 378
80 354 3804 352
80 381 5302 377
80 356 4649 356
80 357 4653 353
80 386 3913 382
80 372 4024 369
80 379 4493 379
80 365 3240 365
80 381 4603 379
100 384 6937 380
100 401 7088 395
100 382 5561 376
100 383 6010 379
100 376 7707 369
100 419 6662 413
100 381 6042 379
100 401 7324 393
100 385 5628 379
100 403 5142 397
100 392 6341 389
100 381 10313 374
100 386 4741 380
100 360 6369 358
100 358 9263 356
100 381 7443 378
100 355 5320 352
100 394 6004 389
100 402 9535 391
100 387 7511 384
100 385 6070 382
100 373 6699 369
100 379 5472 379
100 417 5231 411
100 381 5552 379
120 385 10453 380
120 407 9018 395
120 383 7423 376
120 383 7883 379
120 377 9184 369
120 419 8874 413
120 392 7925 386
120 401 10376 393
120 419 7254 410
120 407 7256 402
120 392 10927 389
120 381 12489 374
120 386 6814 380
120 386 7462 380
120 373 11004 368
120 380 9382 378
120 355 8114 352
120 394 9839 389
120 402 11240 391
120 389 11387 384
120 388 8274 386
120 375 8937 369
120 379 7703 379
120 417 7782 411
120 381 7669 379
140 389 13392 380
140 407 11698 395
140 383 10427 376
140 390 9091 381
140 377 11671 369
140 419 10505 413
140 392 10214 386
140 401 14107 393
140 419 9665 410
140 407 10675 402
140 396 14703 389
140 381 14914 374
140 386 8681 380
140 386 10784 380
140 403 18476 395
140 380 12426 378
140 358 10316 352
140 394 12857 389
140 404 13774 391
140 389 23505 384
140 388 10520 386
140 372 11465 369
140 379 11339 379
140 417 10980 411
140 381 12097 379
160 388 22880 380
160 402 18357 395
160 385 16082 376
160 388 11687 381
160 382 15039 369
160 421 14080 413
160 392 12832 386
160 405 16959 393
160 420 13125 410
160 404 11956 402
160 396 20277 389
160 382 19272 374
160 386 11936 380
160 386 31466 380
160 403 28709 395
160 380 16897 378
160 359 14752 352
160 394 17063 389
160 405 15675 391
160 389 20680 384
160 388 14860 386
160 372 14681 369
160 383 14544 379
160 417 14369 411
160 385 17194 379
180 387 24996 380
180 402 30688 395
180 385 27239 376
180 391 16894 381
180 380 22262 369
180 421 20821 413
180 396 19786 386
180 405 24210 393
180 420 16948 410
180 409 21514 402
180 394 28470 389
180 379 19183 374
180 390 13699 386
180 386 33869 380
180 411 42745 399
180 380 25915 378
180 362 17553 352
180 402 22544 389
180 405 22060 391
180 400 25898 384
180 388 24018 386
180 412 32959 402
180 379 18666 379
180 417 18830 411
180 385 21084 379
200 388 39004 380
200 402 39808 395
200 389 27214 376
200 397 19186 388
200 383 29048 369
200 421 27241 413
200 404 37725 386
200 405 39292 393
200 420 23048 410
200 409 30981 402
200 396 35668 389
200 383 28030 374
200 392 21924 386
200 389 45642 380
200 411 48962 399
200 381 34306 378
200 362 29725 352
200 406 46789 389
200 405 27640 391
200 397 56271 384
200 397 28793 386
200 413 42301 402
200 383 23228 379
200 417 27988 411
200 382 26590 379
220 388 36334 380
220 409 41949 395
220 389 33838 376
220 397 29847 388
220 382 36337 369
220 423 37455 413
220 398 49362 386
220 405 45962 393
220 420 29114 410
220 410 41008 402
220 398 47978 389
220 382 34518 374
220 393 28750 386
220 389 47371 383
220 411 65813 399
220 397 44364 388
220 371 46078 352
220 410 51758 389
220 405 37686 391
220 395 59908 384
220 397 35273 386
220 413 56688 402
220 383 30501 379
220 419 35831 411
220 386 37378 379
240 389 46828 380
240 414 72301 395
240 389 40891 376
240 397 43969 388
240 383 47957 369
240 421 56209 413
240 415 57600 398
240 406 56512 393
240 420 44462 410
240 410 85390 402
240 392 61624 389
240 382 43997 374
240 396 41164 386
240 406 74597 396
240 411 77731 399
240 393 58959 388
240 376 61624 352
240 419 58052 394
240 407 49215 391
240 400 110311 384
240 396 41035 386
240 413 126812 402
240 388 54476 379
240 419 41105 411
240 385 44299 379
260 393 64455 380
260 422 88944 395
260 388 64608 376
260 397 53981 388
260 385 59079 369
260 421 67205 413
260 415 71266 398
260 407 69215 393
260 422 59414 410
260 407 100522 402
260 401 80314 389
260 425 106320 410
260 396 53049 386
260 408 116123 396
260 411 91667 399
260 394 73594 388
260 376 69807 352
260 419 77236 394
260 407 63540 391
260 396 165996 384
260 399 53182 393
260 415 134715 402
260 393 62217 379
260 421 64716 411
260 392 61181 379
280 393 82900 380
280 421 119399 395
280 396 87576 376
280 397 73273 388
280 387 73594 369
280 421 77299 413
280 421 102459 398
280 417 78155 393
280 422 69317 410
280 414 120053 402
280 401 113700 389
280 426 158248 410
280 396 67756 386
280 413 123790 396
280 415 108537 399
280 407 100110 388
280 402 102576 383
280 419 64735 394
280 407 77822 391
280 402 207917 384
280 407 74964 398
280 417 172771 402
280 388 85527 379
280 421 83828 411
280 393 81059 379
300 391 98422 380
300 433 159453 395
300 396 80362 376
300 395 92661 388
300 388 169180 369
300 432 97981 413
300 419 123612 398
300 417 112378 393
300 422 80940 410
300 411 143777 402
300 404 131590 389
300 427 179293 410
300 401 84558 386
300 414 144050 396
300 414 135254 399
300 401 126755 388
300 415 127257 383
300 421 88096 394
300 407 97421 391
300 400 192194 384
300 407 118675 398
300 422 214658 402
300 387 116207 379
300 426 96295 411
300 392 121722 379
320 395 129146 380
320 428 191645 395
320 395 104593 376
320 428 118990 410
320 387 179697 369
320 423 127567 413
320 424 208794 398
320 423 131883 393
320 422 117923 410
320 418 156797 402
320 403 136065 389
320 423 234868 410
320 410 104830 394
320 415 183757 396
320 420 169360 399
320 406 150673 388
320 410 158702 383
320 427 123599 394
320 409 133645 391
320 400 248032 384
320 415 186267 398
320 425 252693 402
320 386 131565 379
320 424 151748 411
320 392 156230 379
340 397 191455 380
340 423 254480 395
340 395 132407 376
340 430 191274 410
340 387 198521 369
340 432 150109 413
340 431 242260 398
340 428 176823 393
340 422 145602 410
340 414 193838 402
340 404 256288 389
340 423 294672 410
340 409 132752 394
340 417 242651 396
340 418 194013 399
340 326 308621 388
340 406 241710 383
340 427 155217 394
340 409 151858 391
340 402 251322 384
340 425 305492 398
340 422 236875 402
340 387 216755 379
340 423 180817 411
340 391 194613 379
360 417 191870 380
360 424 304572 395
360 403 183332 376
360 436 260519 410
360 391 254487 374
360 432 203858 413
360 340 308221 398
360 425 232097 397
360 423 176201 410
360 414 196172 402
360 407 242395 389
360 342 308465 410
360 413 172816 394
360 333 306978 396
360 420 239454 399
360 421 289070 388
360 329 308555 388
360 427 186583 394
360 409 185987 391
360 329 306151 384
360 425 298935 398
360 429 291216 402
360 387 214038 379
360 421 219566 411
360 393 209897 379
380 413 236388 387
380 344 307685 395
380 406 200900 376
380 344 311795 410
380 394 243032 374
380 432 237152 413
380 340 306255 398
380 339 310082 397
380 425 186789 410
380 327 308781 402
380 406 291139 389
380 342 306955 410
380 418 206596 394
380 334 305870 396
380 420 288804 399
380 326 308000 388
380 330 308600 388
380 436 287709 394
380 409 189772 391
380 238 309995 384
380 417 301080 398
380 341 306471 402
380 393 245075 379
380 423 268332 411
380 391 244445 379
400 405 298946 387
400 250 308360 395
400 408 249185 376
400 346 307075 410
400 398 271637 381
400 250 309919 413
400 251 310048 398
400 345 310049 397
400 428 247842 410
