14882 227 156
14351 199 149
13736 213 160
16984 231 170
14972 223 169
15660 210 156
13755 215 149
15167 221 149
13687 213 167
14982 224 168
14045 223 154
13860 210 166
13868 205 137
14059 190 133
13005 222 168
14021 232 175
13908 213 160
16004 222 155
17130 233 150
15419 220 146
14782 216 162
13258 201 155
15233 229 193
15017 217 141
14887 220 161
14486 218 152
13094 205 141
16150 228 181
13814 216 156
14528 230 166
12864 215 163
12974 215 168
12472 211 146
13422 220 153
14327 215 148
13980 230 167
15976 242 155
14798 222 178
13692 214 153
13625 226 167
17105 228 168
14623 225 150
12922 218 154
14609 226 158
15563 193 170
14159 219 186
14588 218 140
13847 218 174
12967 210 177
13782 221 180
