30094 244 165
35750 244 154
29080 242 161
35128 237 143
30080 231 157
32759 234 169
34044 227 169
28780 230 173
29384 242 158
27844 240 161
29092 212 169
28807 227 153
30091 218 170
30961 235 159
32468 221 163
28333 225 167
31138 218 141
31436 228 174
32136 243 190
33347 235 175
27081 211 161
30813 220 153
32047 234 137
32763 219 157
33963 244 149
31622 239 147
33253 229 155
29410 233 159
28135 220 168
29576 230 161
28813 235 147
28737 226 151
30700 235 171
29468 241 175
31210 233 162
29570 233 149
29390 224 151
32263 245 155
31234 236 174
28696 225 166
31202 240 164
28520 216 153
34101 239 164
33940 240 166
27255 236 192
30767 240 155
31139 230 173
31987 221 157
36437 262 174
28379 233 160
