46058 230 175
45490 230 186
48820 247 155
56475 239 155
50853 231 172
51751 245 154
49497 241 158
56255 247 163
49182 232 172
51634 240 160
49335 237 164
46866 223 169
50976 257 174
49380 243 172
43992 239 168
48752 234 162
53112 238 167
52492 256 171
55310 235 166
47057 221 163
47473 229 166
48014 256 188
52705 249 160
47445 245 164
46933 231 180
45693 244 180
50131 257 176
52278 258 172
49049 241 161
49149 240 169
48416 248 168
46136 240 167
55034 232 152
52186 245 161
52265 244 159
50920 235 167
45758 229 155
44911 226 154
44561 231 162
48205 241 165
47634 237 162
45945 238 166
50066 242 168
46633 218 165
48372 232 159
48764 247 170
43887 221 162
46119 232 159
49764 240 154
54269 234 168
