65748 253 187
69961 254 173
72364 241 166
64785 220 173
70991 242 175
65777 242 181
66639 233 164
62254 227 170
75231 250 158
71421 262 172
69532 242 176
67998 241 158
66689 232 152
70861 252 186
78523 248 186
71788 245 170
70781 252 170
68099 239 177
69601 245 165
70841 233 149
63593 230 171
69252 253 174
72016 241 179
72311 245 173
61554 238 172
65458 230 168
72992 245 171
67495 239 165
63498 239 176
69229 247 163
72777 239 175
67838 253 168
69653 256 163
68236 239 171
69429 230 160
67351 229 163
71898 223 178
67785 238 160
69900 238 165
64205 243 170
63223 230 167
63247 241 176
70382 245 160
75774 235 156
77064 234 161
63904 229 162
71206 246 181
67546 243 171
68241 241 161
69849 239 169
