91116 232 167
96514 234 165
87145 253 181
89518 263 188
86432 246 174
91353 234 185
94501 245 154
102576 254 176
82484 230 159
81738 230 169
92775 237 168
87138 235 161
91022 253 162
86335 242 164
86005 243 165
86535 237 171
90537 241 172
87760 228 165
90697 242 169
97888 250 181
91384 251 183
83102 241 170
90827 247 161
93334 262 178
87832 245 166
93728 247 189
89436 247 166
85386 234 149
89207 248 179
97572 264 177
90366 240 162
91081 251 173
88222 244 179
86886 243 168
86049 234 159
83047 228 161
89751 251 179
195284 233 170
85998 241 160
82326 249 192
83493 238 149
96148 253 181
94015 244 166
88802 242 184
87990 255 163
91165 249 169
87254 251 168
84658 228 159
86609 264 188
84974 235 166
