99937 243 177
106118 241 184
104176 232 171
113007 240 175
127202 253 184
109199 254 187
102616 247 169
119256 242 175
110876 252 177
104175 242 187
102253 244 171
112265 246 172
103425 235 176
104942 242 153
104564 254 183
108285 243 175
115076 232 156
107218 256 184
125811 251 160
105048 243 179
104959 245 175
107094 236 178
112467 244 169
110774 245 167
103447 242 178
108330 238 186
108806 246 168
100815 237 163
106957 247 184
119201 239 174
105679 253 188
120712 241 163
122787 250 172
114081 239 179
104143 253 170
119208 244 169
119063 253 186
114693 230 159
114593 255 157
110070 251 173
110623 268 173
98372 239 167
98457 241 173
115256 248 181
110432 252 188
108642 257 183
117302 242 175
108954 236 173
110497 235 171
102154 239 174
