119074 240 171
133948 252 168
128700 239 166
135903 253 169
124575 246 168
133032 244 171
125515 242 173
143490 253 181
129539 256 170
132162 239 187
134313 243 172
125387 261 175
121917 232 164
133497 254 169
128232 248 166
141361 249 168
144502 254 174
132375 241 177
126205 251 163
130113 247 168
119590 230 161
128224 241 179
148260 258 170
153960 260 175
138494 268 168
146645 249 184
135804 238 169
149945 256 168
127271 232 170
128938 247 178
247585 242 171
134035 257 184
139874 239 175
139099 248 168
138912 253 172
121184 253 185
128974 248 173
130718 248 163
124186 240 176
134229 255 179
139424 248 168
148055 242 165
132394 247 178
130549 252 167
136235 240 163
139238 252 180
241812 241 158
122054 246 179
126166 251 178
131863 256 180
