162299 236 181
164955 244 177
177237 254 176
148783 239 174
147831 258 189
159415 251 174
163389 253 191
170874 263 169
153339 255 166
160325 250 170
142615 238 175
156147 247 177
145525 255 176
167693 257 184
172977 257 173
158250 237 178
164595 247 171
153778 243 165
164582 251 181
149452 249 182
150263 245 170
152116 247 173
171132 248 173
160194 243 163
147964 247 186
193936 250 172
182490 257 170
152970 244 167
163306 252 173
159583 252 176
169097 244 174
167133 261 181
155790 239 175
134094 226 182
150917 257 172
153883 259 190
261707 242 159
157096 245 178
160216 240 174
150226 237 178
186808 261 165
158676 253 180
172193 258 173
140308 243 167
176018 261 162
169830 234 184
169857 245 180
176002 252 176
152624 250 172
166513 247 181
