10 238 975 232
10 198 529 190
10 224 539 204
10 280 441 259
10 222 421 203
10 227 638 216
10 230 532 225
10 219 314 211
10 192 327 184
10 301 423 276
10 291 420 262
10 212 419 205
10 212 427 200
10 255 514 245
10 261 416 245
10 209 317 205
10 214 214 190
10 276 436 253
10 254 525 245
10 222 528 219
10 174 322 165
10 254 420 238
10 279 428 266
10 251 330 226
10 206 220 191
20 484 1281 473
20 437 766 415
20 548 1163 482
20 458 1058 414
20 542 1058 515
20 452 1090 417
20 488 1055 464
20 496 856 471
20 437 891 392
20 548 728 502
20 526 825 478
20 447 732 402
20 432 933 409
20 469 1154 444
20 553 782 510
20 489 1086 424
20 450 954 431
20 503 856 472
20 502 842 480
20 499 1153 477
20 369 414 344
20 449 955 425
20 495 1038 441
20 498 1073 476
20 423 850 407
30 769 1925 719
30 711 1369 650
30 735 1823 687
30 684 1367 611
30 749 1781 699
30 710 1725 640
30 638 1684 608
30 698 1582 645
30 750 1694 676
30 833 2636 738
30 755 1277 677
30 708 1163 626
30 643 1264 595
30 752 1804 697
30 817 979 739
30 689 1595 616
30 720 1453 683
30 745 1261 667
30 773 1579 689
30 807 1387 743
30 614 1357 521
30 635 1482 606
30 749 1501 664
30 810 1490 724
30 723 1849 680
40 1010 2582 939
40 980 1764 885
40 969 2483 895
40 923 2379 831
40 1017 2153 934
40 949 2119 860
40 964 2258 888
40 896 2205 799
40 1022 2440 914
40 1132 3490 1001
40 1056 1840 932
40 990 1481 870
40 875 1907 804
40 1050 3914 898
40 1066 2338 952
40 947 2229 830
40 992 1947 903
40 970 1701 879
40 1040 2435 930
40 1067 2554 969
40 810 1781 688
40 845 2018 800
40 1003 2452 874
40 1067 2119 959
40 964 2663 875
50 1232 3499 1113
50 1197 2424 1066
50 1302 2983 1163
50 1212 3363 1074
50 1284 3261 1176
50 1176 2803 1067
50 1186 2930 1079
50 1182 2662 1029
50 1284 2760 1142
50 1342 4897 1189
50 1379 2774 1167
50 1303 3357 1133
50 1119 3146 1019
50 1308 5127 1108
50 1345 2937 1219
50 1192 3015 1040
50 1237 3332 1099
50 1212 2108 1097
50 1253 2889 1118
50 1369 3532 1189
50 1102 2028 920
50 1162 2700 1022
50 1255 3431 1072
50 1330 2703 1172
50 1215 3678 1098
60 1474 4245 1325
60 1455 3045 1288
60 1634 4005 1446
60 1440 3823 1282
60 1574 3936 1432
60 1505 4220 1311
60 1465 3437 1291
60 1418 3450 1233
60 1524 3879 1341
60 1616 5210 1434
60 1701 3612 1410
60 1536 4081 1336
60 1299 3795 1184
60 1630 6464 1382
60 1584 3879 1414
60 1479 4855 1231
60 1493 3134 1319
60 1465 2375 1313
60 1582 3172 1369
60 1561 4802 1362
60 1277 4551 1160
60 1468 4092 1246
60 1541 3790 1315
60 1591 3528 1423
60 1406 4797 1273
70 1759 6130 1526
70 1726 3623 1515
70 2036 8791 1673
70 1835 4537 1536
70 1866 6814 1657
70 1843 5931 1545
70 1737 6560 1480
70 1688 4231 1462
70 1773 5774 1605
70 1861 5369 1709
70 1900 4641 1603
70 1739 5108 1518
70 1767 6876 1423
70 1942 7438 1634
70 1864 4411 1648
70 1725 6272 1421
70 1743 3696 1525
70 1846 5747 1608
70 1797 3776 1555
70 1916 6903 1642
70 1534 5326 1382
70 1617 4853 1439
70 1768 4821 1511
70 1913 4308 1667
70 1658 6044 1460
80 2058 7140 1757
80 1960 5322 1719
80 2345 11410 1899
80 2062 5072 1750
80 2165 9040 1856
80 2159 6830 1819
80 1996 8545 1656
80 1908 5185 1650
80 2117 8356 1850
80 2141 6447 1958
80 2139 5186 1799
80 1990 5034 1785
80 2015 7556 1637
80 2242 9848 1866
80 2066 5817 1796
80 2042 9692 1645
80 2032 6715 1769
80 2146 6456 1860
80 2098 4222 1812
80 2166 8897 1801
80 1768 6300 1572
80 1862 5834 1657
80 2055 5997 1711
80 2143 6099 1830
80 1900 7111 1678
90 2482 7962 2106
90 2414 10797 2018
90 2656 17429 2125
90 2376 6100 2001
90 2469 10729 2112
90 2421 7959 2045
90 2290 9877 1895
90 2172 8776 1898
90 2372 11069 2070
90 2435 8520 2193
90 2371 7176 1991
90 2244 8805 1978
90 2408 9958 1890
90 2665 13227 2137
90 2322 8256 1978
90 2333 16546 1850
90 2255 9278 1938
90 2508 11580 2137
90 2369 6100 2027
90 2429 10561 2073
90 1952 7789 1719
90 2178 6437 1906
90 2297 10450 1947
90 2417 5557 2068
90 2188 8250 1935
100 2762 11162 2324
100 2686 35258 2221
100 2979 30238 2388
100 2612 7039 2138
100 2737 12475 2340
100 2643 16855 2211
100 2570 12063 2130
100 2502 8882 2129
100 2624 23791 2286
100 2744 12914 2423
100 2680 23445 2194
100 2411 10929 2136
100 2693 13532 2128
100 2915 19655 2333
100 2655 17411 2226
100 2602 15136 2080
100 2461 12052 2095
100 2776 22621 2325
100 2630 7811 2266
100 2717 16778 2282
100 2296 12008 1956
100 2430 10057 2131
100 2549 14798 2140
100 2779 7096 2323
100 2378 9957 2096


