110 3090 33143 2556
110 2988 53242 2429
110 3360 61692 2646
110 2969 21410 2356
110 3072 38699 2587
110 2982 29977 2480
110 2877 28278 2367
110 2757 23270 2318
110 2907 54722 2507
110 2968 33887 2609
110 3005 44342 2444
110 2698 28923 2361
110 2921 31247 2351
110 3202 45049 2538
110 3175 73854 2499
110 2834 46353 2278
110 2778 27925 2316
110 3162 37941 2582
110 3017 30905 2462
110 3091 58922 2539
110 2519 30717 2150
110 2739 51938 2360
110 2860 32549 2363
110 3107 31599 2532
110 2654 27556 2311
120 3328 30953 2758
120 3261 60034 2626
120 3708 110549 2878
120 3264 30165 2581
120 3328 60242 2781
120 3221 39000 2682
120 3128 32954 2613
120 2967 32237 2491
120 3267 64653 2770
120 3471 104729 2864
120 3318 46351 2705
120 3124 50486 2613
120 3228 56687 2523
120 3499 51340 2747
120 3465 103623 2731
120 3164 61335 2542
120 3133 30278 2576
120 NaN NaN NaN
120 3309 34467 2713
120 3407 52445 2779
120 2843 85022 2356
120 3084 62210 2604
120 3185 44410 2584
120 3394 37425 2780
120 2950 32859 2478

130 3717 61951 2983
130 3523 75322 2856
130 4023 104721 3097
130 3564 46353 2813
130 3640 71812 3012
130 3508 56534 2903
130 3481 51713 2854
130 3357 51393 2763
130 3551 58137 2975
130 3733 169873 3095
130 3701 126405 2971
130 3397 47366 2844
130 3557 86131 2728
130 3801 71971 2978
130 3863 141347 3023
130 3443 67330 2745
130 3382 47953 2807
130 NaN NaN NaN
130 3628 38291 2935
130 NaN NaN NaN
130 3210 98823 2630
130 3366 95151 2837
130 3504 49924 2829
130 3737 39948 3002
130 3368 35170 2828
140 3986 156467 3202
140 3784 102199 3027
140 NaN NaN NaN
140 3912 46234 3049
140 3978 107038 3209
140 3885 60806 3169
140 3897 109178 3082
140 3639 117468 2952
140 NaN NaN NaN
140 3976 141696 3271
140 4006 189881 3152
140 3701 73357 3031
140 3891 156034 2954
140 4203 140925 3226
140 NaN NaN NaN
140 3719 84573 2945
140 3730 59646 3058
140 NaN NaN NaN
140 3859 56400 3099
140 3892 169883 3132
140 NaN NaN NaN
140 3777 219434 3140
140 3809 100856 3061
140 4071 63521 3217
140 3568 66555 3022
150 4216 192897 3378
150 NaN NaN NaN
150 NaN NaN NaN
150 4198 124041 3254
150 4265 156185 3399
150 4176 109569 3362
150 4243 106419 3287
150 3895 144669 3141
150 NaN NaN NaN
150 NaN NaN NaN
150 NaN NaN NaN
150 3953 112153 3262
150 4204 137229 3169
150 NaN NaN NaN
150 NaN NaN NaN
150 3991 115714 3150
150 3967 223897 3265
150 NaN NaN NaN
150 4193 76216 3328
150 NaN NaN NaN
150 NaN NaN NaN
150 4173 300138 3334
150 4036 120296 3206
150 4398 139349 3413
150 3864 84169 3244