10 371 1410 369
10 352 1534 352
10 218 1371 214
10 303 1286 299
10 292 1341 290
10 232 1386 232
10 232 1401 232
10 374 1484 374
10 354 1400 354
10 339 1522 335
10 393 1438 389
10 357 1503 353
10 380 1434 380
10 256 1521 256
10 348 1509 346
10 330 1427 330
10 336 1481 334
10 332 1483 328
10 339 1523 339
10 355 1418 353
10 384 1398 382
10 345 1480 341
10 338 1460 338
10 288 1466 282
10 383 1494 379
20 371 1621 369
20 354 1623 352
20 382 1500 376
20 368 1548 362
20 292 1506 290
20 310 1551 306
20 363 1600 363
20 374 1611 374
20 358 1534 354
20 339 1520 335
20 393 1625 389
20 355 1624 353
20 384 1763 380
20 346 1480 344
20 360 1676 356
20 386 1612 378
20 339 1615 334
20 381 1617 377
20 359 1652 356
20 355 1654 353
20 384 1577 382
20 366 1564 362
20 338 1574 338
20 367 1607 365
20 383 1613 379
30 377 1846 374
30 353 1707 352
30 382 1674 376
30 368 1730 362
30 328 1740 326
30 310 1671 306
30 383 1852 379
30 374 1728 374
30 360 1829 354
30 339 1636 335
30 393 1831 389
30 358 1832 356
30 385 1915 380
30 346 1649 344
30 360 1797 356
30 386 1846 378
30 356 1735 350
30 381 1914 377
30 359 2163 356
30 358 1753 353
30 384 1760 382
30 366 1807 362
30 359 1785 357
30 367 1724 365
30 383 1950 379
40 377 1949 374
40 355 2110 352
40 382 1933 376
40 372 1936 365
40 328 1838 326
40 343 1815 337
40 383 2057 379
40 397 1845 393
40 358 1920 354
40 339 1742 335
40 393 1922 389
40 380 2009 372
40 384 1985 380
40 345 1790 344
40 360 1845 356
40 386 1997 378
40 358 2004 352
40 381 2004 377
40 359 2018 356
40 356 1878 353
40 384 1956 382
40 370 1949 366
40 359 1929 357
40 367 1881 365
40 383 2059 379
50 378 2238 374
50 357 2536 352
50 382 1898 376
50 372 1933 365
50 371 2069 369
50 344 2090 337
50 383 2269 379
50 397 2149 393
50 360 2107 354
50 343 2025 335
50 393 2031 389
50 382 2121 374
50 385 2085 380
50 345 1920 344
50 360 2070 356
50 386 2289 378
50 358 2218 352
50 381 2223 377
50 359 2201 356
50 358 2043 353
50 384 2104 382
50 371 2155 369
50 387 2101 379
50 367 2028 365
50 383 2392 379
60 378 2446 374
60 354 2637 352
60 382 2074 376
60 387 2269 379
60 371 2280 369
60 365 2368 360
60 383 2597 379
60 397 2543 393
60 360 2287 354
60 362 2079 358
60 393 2235 389
60 381 2530 374
60 384 2281 380
60 360 2155 358
60 360 2268 356
60 386 2421 378
60 358 2310 352
60 381 2416 377
60 359 2321 356
60 358 2082 353
60 384 2264 382
60 372 2303 369
60 387 2304 379
60 367 2201 365
60 383 2431 379
70 377 2537 374
70 353 2659 352
70 382 2227 376
70 387 2518 379
70 375 2484 369
70 365 2600 360
70 383 2870 379
70 397 2797 393
70 359 2457 354
70 403 2473 397
70 393 2447 389
70 381 2873 374
70 385 2530 380
70 360 2318 358
70 360 2732 356
70 386 2753 378
70 357 2582 352
70 383 2693 377
70 359 2568 356
70 356 2412 353
70 384 2579 382
70 371 2456 369
70 385 2592 379
70 367 2331 365
70 384 2982 379
80 390 3018 380
80 407 3020 395
80 382 2397 376
80 387 2877 379
80 378 2925 369
80 421 3027 413
80 383 3357 379
80 395 3022 393
80 381 2964 379
80 403 2721 397
80 393 2669 389
80 382 3413 374
80 386 2993 380
80 361 2531 358
80 360 2936 356
80 386 2911 378
80 359 2842 352
80 381 2919 377
80 359 3111 356
80 364 3048 353
80 384 2789 382
80 372 2758 369
80 383 3250 379
80 367 2448 365
80 384 3195 379
90 391 3208 380
90 407 3374 395
90 384 3086 376
90 387 3210 379
90 377 2999 369
90 421 3944 413
90 383 3443 379
90 395 3604 393
90 381 3119 379
90 403 3408 397
90 395 3228 389
90 380 3419 374
90 385 2988 380
90 361 2902 358
90 361 3260 356
90 386 3332 378
90 359 3114 352
90 381 3178 377
90 396 3280 391
90 391 3336 384
90 387 3166 382
90 375 3191 369
90 387 3785 379
90 419 2783 411
90 383 3220 379
100 389 3302 380
100 406 3649 395
100 384 3195 376
100 387 3371 379
100 379 3437 369
100 421 3504 413
100 383 3823 379
100 397 3702 393
100 382 3445 379
100 403 3748 397
100 407 4107 389
100 382 4139 374
100 385 3224 380
100 360 3202 358
100 368 3678 356
100 386 3901 378
100 358 3577 352
100 399 3760 389
100 398 3706 391
100 391 3631 384
100 387 3431 382
100 374 3263 369
100 383 4416 379
100 420 3448 411
100 385 4186 379
110 389 4012 380
110 408 4393 395
110 384 3900 376
110 387 3749 379
110 376 3992 369
110 419 4222 413
110 383 4073 379
110 395 4304 393
110 382 4022 379
110 422 4384 402
110 404 4542 389
110 381 4444 374
110 386 3824 380
110 362 3550 358
110 363 4147 356
110 387 4207 378
110 358 4096 352
110 398 4295 389
110 396 4060 391
110 396 4196 384
110 391 3812 386
110 378 3787 369
110 387 5319 379
110 421 3610 411
110 387 4277 379
120 390 4635 380
120 406 4216 395
120 386 4351 376
120 394 4390 379
120 377 4536 369
120 421 4637 413
120 398 4687 386
120 395 4767 393
120 429 5566 410
120 429 5359 402
120 406 5767 389
120 385 4794 374
120 384 4121 380
120 385 4088 380
120 385 4255 368
120 389 4725 378
120 359 6059 352
120 399 4576 389
120 398 4573 391
120 392 7002 384
120 391 4303 386
120 372 4336 369
120 389 5287 379
120 422 4087 411
120 384 4654 379
130 392 6721 380
130 406 5276 395
130 386 4965 376
130 396 4769 381
130 380 4784 369
130 419 5195 413
130 398 5032 386
130 395 5484 393
130 432 5012 410
130 426 5435 402
130 407 8463 389
130 385 5362 374
130 390 4694 380
130 386 4694 380
130 410 5245 395
130 390 5534 378
130 360 5662 352
130 396 5453 389
130 396 5200 391
130 394 5367 384
130 396 4979 386
130 372 7766 369
130 388 6386 379
130 420 4523 411
130 385 4895 379
140 392 6196 380
140 408 6047 395
140 384 6134 376
140 397 5297 381
140 380 5315 369
140 419 5909 413
140 396 5708 386
140 397 5952 393
140 433 8510 410
140 429 5888 402
140 410 7809 389
140 385 5487 374
140 391 5155 380
140 390 5730 380
140 405 6010 395
140 391 6390 378
140 365 7789 352
140 397 5668 389
140 397 6093 391
140 394 6022 384
140 389 5549 386
140 378 7483 369
140 385 6301 379
140 423 5141 411
140 388 6414 379
150 390 8476 380
150 406 7339 395
150 384 5573 376
150 394 6197 381
150 378 6171 369
150 419 6396 413
150 394 6934 386
150 397 7210 393
150 428 6595 410
150 427 7034 402
150 416 9120 389
150 385 5996 374
150 391 5198 380
150 390 6619 380
150 420 7715 395
150 386 6909 378
150 366 8185 352
150 391 6340 389
150 408 6521 391
150 396 6993 384
150 393 6552 386
150 371 8846 369
150 390 7383 379
150 421 5761 411
150 388 7278 379
160 392 6953 380
160 408 8291 395
160 386 7177 376
160 396 8545 381
160 382 6645 369
160 423 7043 413
160 401 7942 386
160 397 8089 393
160 430 9769 410
160 431 7295 402
160 411 10233 389
160 390 7388 374
160 391 5958 380
160 392 7637 380
160 408 8868 395
160 388 11197 378
160 373 9235 352
160 399 6584 389
160 409 8525 391
160 398 7823 384
160 391 7381 386
160 375 13249 369
160 389 7714 379
160 424 7412 411
160 389 7415 379
170 390 9994 380
170 405 9725 395
170 386 7651 376
170 396 8400 381
170 382 6975 369
170 419 8437 413
170 396 9053 386
170 397 8449 393
170 432 11348 410
170 428 7968 402
170 416 12266 389
170 384 8067 374
170 388 6840 380
170 388 10409 380
170 414 11233 399
170 390 10837 378
170 373 9843 352
170 399 9144 389
170 406 9684 391
170 408 10052 384
170 394 8131 386
170 411 12169 402
170 390 9047 379
170 421 8095 411
170 386 8522 379
180 390 11585 380
180 405 12430 395
180 384 8545 376
180 398 9765 381
180 383 8455 369
180 421 9056 413
180 402 9924 386
180 399 10428 393
180 430 13392 410
180 427 9280 402
180 420 10875 389
180 390 9238 374
180 394 9145 386
180 390 10360 380
180 412 10520 399
180 393 15715 378
180 383 16068 352
180 412 8149 389
180 403 10734 391
180 408 11291 384
180 392 9157 386
180 416 12576 402
180 388 9547 379
180 427 9212 411
180 386 9598 379
190 394 10286 380
190 410 15735 395
190 386 12116 376
190 400 10120 381
190 387 9672 369
190 417 10690 413
190 403 10876 386
190 398 12838 393
190 430 14633 410
190 438 10513 402
190 418 13543 389
190 388 10960 374
190 395 12361 386
190 387 15687 380
190 415 12605 399
190 391 12911 378
190 381 41136 352
190 404 10782 389
190 402 10687 391
190 404 12780 384
190 392 24279 386
190 421 12792 402
190 390 9671 379
190 423 11064 411
190 385 11187 379
200 394 13548 380
200 408 16786 395
200 386 11281 376
200 404 12138 388
200 384 11206 369
200 423 12468 413
200 404 13144 386
200 399 15428 393
200 429 13376 410
200 436 14068 402
200 424 17184 389
200 392 10953 374
200 400 11599 386
200 393 12575 380
200 417 15823 399
200 398 14721 378
200 377 14498 352
200 405 12346 389
200 404 11081 391
200 405 12542 384
200 393 19862 386
200 424 18288 402
200 390 13366 379
200 426 11643 411
200 388 12406 379
210 395 18550 380
210 411 26303 395
210 388 14989 376
210 402 14457 388
210 385 13748 369
210 423 14014 413
210 407 15250 386
210 400 17616 393
210 428 14539 410
210 439 17247 402
210 426 19112 389
210 391 15362 374
210 399 13512 386
210 393 16618 380
210 420 17715 399
210 402 17167 388
210 370 21498 352
210 419 14581 389
210 403 12428 391
210 406 17435 384
210 398 15276 386
210 425 29883 402
210 393 13047 379
210 422 15745 411
210 391 13261 379
220 391 17697 380
220 411 20668 395
220 394 14609 376
220 405 13687 388
220 381 16490 369
220 421 17477 413
220 406 20899 386
220 406 20356 393
220 424 21640 410
220 440 23337 402
220 421 26308 389
220 397 14776 374
220 398 16995 386
220 397 15154 383
220 420 16925 399
220 402 22117 388
220 387 16142 352
220 420 16880 389
220 402 14179 391
220 402 21038 384
220 396 19234 386
220 423 30621 402
220 389 17209 379
220 421 13516 411
220 389 16987 379
230 396 19037 380
230 413 29627 395
230 391 21242 376
230 403 17977 388
230 385 20324 369
230 428 19994 413
230 409 25626 386
230 399 19546 393
230 425 31188 410
230 442 16400 402
230 417 28603 389
230 392 16849 374
230 401 18350 386
230 395 22073 383
230 416 19202 399
230 405 22036 388
230 393 16279 352
230 407 22061 389
230 400 16997 391
230 410 23193 384
230 398 16971 386
230 418 31123 402
230 402 19323 379
230 422 19165 411
230 386 19438 379
240 392 22498 380
240 410 24768 395
240 395 24483 376
240 415 21463 388
240 384 18813 369
240 424 20814 413
240 420 23223 398
240 405 20706 393
240 422 31358 410
240 413 27815 402
240 420 34092 389
240 392 22483 374
240 403 21557 386
240 414 19867 396
240 422 27398 399
240 402 22899 388
240 375 29603 352
240 411 23949 394
240 406 19570 391
240 415 24269 384
240 394 18307 386
240 420 70501 402
240 405 25235 379
240 426 21602 411
240 387 20690 379
250 394 24146 380
250 410 24003 395
250 393 19502 376
250 405 23382 388
250 404 25422 369
250 425 27650 413
250 418 24334 398
250 399 23167 393
250 426 22870 410
250 420 27083 402
250 438 30857 389
250 430 26765 410
250 401 27766 386
250 417 27601 396
250 419 27871 399
250 408 24795 388
250 379 44709 352
250 413 25671 394
250 406 21799 391
250 405 28062 384
250 399 21920 393
250 421 62732 402
250 406 27678 379
250 418 22131 411
250 390 24621 379
260 396 26345 380
260 416 29939 395
260 396 31632 376
260 403 25725 388
260 391 25744 369
260 424 24928 413
260 418 29325 398
260 413 27434 393
260 432 24255 410
260 417 38564 402
260 429 36865 389
260 433 41153 410
260 400 32092 386
260 422 26615 396
260 425 27346 399
260 403 28218 388
260 388 38729 352
260 414 28693 394
260 398 25037 391
260 419 32917 384
260 412 33506 393
260 433 66062 402
260 407 29731 379
260 421 24130 411
260 394 24943 379
270 408 29085 380
270 432 41071 395
270 394 28061 376
270 411 26792 388
270 387 27527 369
270 424 28674 413
270 423 34805 398
270 406 35681 393
270 427 35891 410
270 420 38058 402
270 434 43844 389
270 427 39683 410
270 398 27640 386
270 422 33026 396
270 427 37763 399
270 407 28676 388
270 430 66683 383
270 415 39272 394
270 408 30765 391
270 409 37666 384
270 408 31419 393
270 439 71252 402
270 406 40963 379
270 419 33300 411
270 396 29956 379
280 396 46364 380
280 417 42904 395
280 394 30962 376
280 414 34656 388
280 389 30761 369
280 426 32772 413
280 418 47439 398
280 411 40194 393
280 432 39278 410
280 425 56853 402
280 440 41640 389
280 432 46265 410
280 409 41791 386
280 424 46611 396
280 427 35970 399
280 400 39508 388
280 405 66633 383
280 419 35826 394
280 403 28371 391
280 415 40768 384
280 416 35521 398
280 429 55689 402
280 418 32716 379
280 424 41055 411
280 397 33276 379
290 400 35644 380
290 416 50810 395
290 393 33607 376
290 413 37577 388
290 406 40283 369
290 439 43062 413
290 417 44700 398
290 417 43234 393
290 432 77605 410
290 432 82337 402
290 447 45723 389
290 433 59220 410
290 405 53414 386
290 426 51911 396
290 425 41485 399
290 403 45976 388
290 417 53630 383
290 414 37304 394
290 409 33874 391
290 418 40858 384
290 425 53145 398
290 428 95244 402
290 411 42743 379
290 435 37570 411
290 393 40231 379
300 400 54272 380
300 422 56945 395
300 391 42076 376
300 407 43008 388
300 405 49510 369
300 432 47053 413
300 425 55849 398
300 414 45312 393
300 432 50736 410
300 422 58385 402
300 440 72954 389
300 438 77269 410
300 409 43533 386
300 424 61108 396
300 428 42208 399
300 405 54831 388
300 411 66461 383
300 416 52224 394
300 404 34171 391
300 420 56987 384
300 424 52896 398
300 436 62187 402
300 406 49521 379
300 420 42227 411
300 396 43710 379
310 399 45236 380
310 423 59712 395
310 402 43859 376
310 438 46694 410
310 395 44011 369
310 438 49944 413
310 429 66758 398
310 417 44647 393
310 445 53552 410
310 438 70082 402
310 439 58058 389
310 437 56819 410
310 409 51724 386
310 429 87782 396
310 428 49470 399
310 414 51057 388
310 422 82717 383
310 427 64775 394
310 411 56956 391
310 420 71771 384
310 420 85356 398
310 424 61048 402
310 407 53561 379
310 424 48567 411
310 401 49130 379
320 410 71553 380
320 431 76568 395
320 403 48598 376
320 441 63044 410
320 399 55005 369
320 437 66281 413
320 420 55379 398
320 419 52077 393
320 426 57342 410
320 432 82092 402
320 448 84645 389
320 438 68098 410
320 417 63085 394
320 424 107343 396
320 428 55237 399
320 412 73349 388
320 420 80709 383
320 430 68012 394
320 417 48842 391
320 430 82368 384
320 416 61860 398
320 438 90763 402
320 411 61297 379
320 428 68855 411
320 398 54383 379
330 405 64577 380
330 420 99079 395
330 404 53548 376
330 435 70275 410
330 390 51986 369
330 442 69825 413
330 425 85495 398
330 429 58920 393
330 432 53060 410
330 461 62442 402
330 432 81030 389
330 443 95865 410
330 427 66848 394
330 431 80733 396
330 422 72429 399
330 413 72840 388
330 408 113231 383
330 439 67016 394
330 408 54713 391
330 424 74483 384
330 420 75316 398
330 434 133164 402
330 419 61469 379
330 425 63786 411
330 398 53723 379
340 404 77987 380
340 433 97756 395
340 398 60720 376
340 433 72262 410
340 399 76708 369
340 441 73878 413
340 427 96151 398
340 424 62314 393
340 432 72176 410
340 428 91802 402
340 426 87912 389
340 450 77417 410
340 422 69737 394
340 414 85609 396
340 429 81463 399
340 429 117292 388
340 426 121857 383
340 439 76768 394
340 404 65531 391
340 417 75710 384
340 433 68465 398
340 439 140004 402
340 411 83363 379
340 435 77379 411
340 398 66710 379
350 414 81457 380
350 433 117794 395
350 417 59319 376
350 432 84841 410
350 398 93809 369
350 441 80929 413
350 428 101793 398
350 442 93463 397
350 432 63934 410
350 427 102091 402
350 422 99723 389
350 442 100681 410
350 421 84968 394
350 427 105555 396
350 432 82272 399
350 417 105064 388
350 432 99112 388
350 425 71593 394
350 414 61791 391
350 423 85235 384
350 431 85694 398
350 432 145270 402
350 417 90953 379
350 431 84583 411
350 403 72066 379
360 410 74394 380
360 429 142466 395
360 415 75866 376
360 438 83659 410
360 419 86393 374
360 441 93013 413
360 425 142513 398
360 443 93658 397
360 440 85198 410
360 451 121924 402
360 452 108195 389
360 447 96814 410
360 369 309025 394
360 435 104657 396
360 433 89536 399
360 433 123639 388
360 426 132524 388
360 433 81145 394
360 411 73257 391
360 416 102245 384
360 428 104141 398
360 438 205901 402
360 416 89131 379
360 447 80042 411
360 396 77312 379
370 408 263533 380
370 428 191156 395
370 420 82795 376
370 454 113192 410
370 410 108186 374
370 440 94931 413
370 440 135397 398
370 444 123898 397
370 439 78327 410
370 447 176007 402
370 418 126529 389
370 453 114790 410
370 423 106016 394
370 428 125822 396
370 427 85950 399
370 440 138482 388
370 442 140323 388
370 431 94980 394
370 417 77858 391
370 429 130453 384
370 429 112668 398
370 454 188907 402
370 423 107154 379
370 432 91086 411
370 401 76913 379
380 423 117062 387
380 441 111720 395
380 410 90580 376
380 450 114868 410
380 432 90940 374
380 456 117320 413
380 429 201218 398
380 441 123307 397
380 447 108252 410
380 447 289666 402
380 448 145154 389
380 446 185219 410
380 422 101988 394
380 431 186329 396
380 433 101903 399
380 427 165703 388
380 442 227483 388
380 446 102044 394
380 417 83601 391
380 423 133919 384
380 434 105932 398
380 454 213838 402
380 434 109176 379
380 433 108363 411
380 398 85303 379
390 426 119162 387
390 437 165601 395
390 413 101942 376
390 447 131363 410
390 425 91977 374
390 439 117126 413
390 437 150705 398
390 447 108523 397
390 439 126464 410
390 429 237927 402
390 457 160252 389
390 444 228778 410
390 429 135987 394
390 443 270008 396
390 429 114411 399
390 421 158352 388
390 439 245436 388
390 444 136133 394
390 417 90777 391
390 433 140596 384
390 436 108645 398
390 452 165918 402
390 426 150618 379
390 453 108825 411
390 398 100742 379
400 418 170500 387
400 438 181874 395
400 416 100554 376
400 454 150452 410
400 436 104389 381
400 435 143733 413
400 433 198926 398
400 440 142022 397
400 450 137603 410
400 469 209933 402
400 443 152684 389
400 449 235420 410
400 441 174608 394
400 435 148687 396
400 438 155025 399
400 433 140725 388
400 450 216698 388
400 431 134039 394
400 422 107647 391
400 435 166244 384
400 441 143120 398
400 440 177092 402
400 430 159202 379
400 447 130469 411
400 415 127046 387
410 420 183569 387
410 445 184608 395
410 413 108280 376
410 443 176188 410
410 420 111651 381
410 446 138369 413
410 429 248338 398
410 445 174619 397
410 451 128568 410
410 457 214502 402
410 436 186491 389
410 376 308182 410
410 446 121592 394
410 442 212189 396
410 446 169961 399
410 421 198067 388
410 437 275304 388
410 448 198076 394
410 417 111282 391
410 444 179631 384
410 431 147542 398
410 375 308119 402
410 426 177697 379
410 428 133132 411
410 423 133374 387
420 414 189001 387
420 437 204435 395
420 417 138355 376
420 439 153668 410
420 432 141761 389
420 453 187345 413
420 365 309369 398
420 441 152956 397
420 446 227922 410
420 433 267077 402
420 438 283188 389
420 383 308254 410
420 428 157942 394
420 430 224335 396
420 439 170324 399
420 439 220405 388
420 449 213198 388
420 456 233771 394
420 415 122485 391
420 424 214805 384
420 437 211481 398
420 433 211303 402
420 432 185731 379
420 444 150577 411
420 423 158683 387
430 426 203074 387
430 462 294899 395
430 444 160575 376
430 456 180571 410
430 448 143055 389
430 448 184815 413
430 374 309980 398
430 477 255460 397
430 432 143846 410
430 438 229544 402
430 385 309692 389
430 387 308452 410
430 434 180497 394
430 437 209463 396
430 453 203495 399
430 419 237531 388
430 381 307703 388
430 439 214128 394
430 414 138224 391
430 432 199626 384
430 444 208572 398
430 452 302206 402
430 440 277082 379
430 446 153925 411
430 422 148791 387
440 433 261019 387
440 445 242998 395
440 423 175664 376
440 456 214138 410
440 380 309458 389
440 449 206744 413
440 315 308906 398
440 447 274269 397
440 447 183945 410
440 449 222157 402
440 462 285160 389
440 398 309133 410
440 434 183376 394
440 448 276821 396
440 437 252416 399
440 435 251975 388
440 400 309811 388
440 459 258424 394
440 418 136678 391
440 380 307843 384
440 441 178777 398
440 450 273864 402
440 369 307575 379
440 458 166711 411
440 420 148560 387
450 435 243979 387
450 394 309825 395
450 444 175364 386
450 459 211181 410
450 437 174586 389
450 462 225221 413
450 322 309121 398
450 453 250084 397
450 436 219332 410
450 439 222966 402
450 383 309347 389
450 378 307439 410
450 441 214825 394
450 391 308228 396
450 446 211664 399
450 384 309958 388
450 387 307868 390
450 467 281846 394
450 420 171870 391
450 450 260829 384
450 428 262896 398
450 389 309215 402
450 428 306086 379
450 448 222164 411
450 429 173646 387
