10 468 781 232
10 364 827 190
10 371 422 204
10 420 417 259
10 393 519 203
10 444 515 216
10 374 427 225
10 370 433 211
10 344 314 184
10 393 328 276
10 384 433 262
10 361 313 205
10 336 328 200
10 438 550 245
10 351 313 245
10 379 414 205
10 304 322 190
10 411 418 253
10 403 439 245
10 422 527 219
10 247 210 165
10 387 442 238
10 426 530 266
10 378 321 226
10 317 232 191
20 939 1295 473
20 740 930 415
20 837 856 482
20 819 851 414
20 888 986 515
20 883 1069 417
20 834 1245 464
20 874 937 471
20 755 850 392
20 780 628 502
20 757 628 478
20 719 519 402
20 779 946 409
20 967 1288 444
20 825 842 510
20 886 1145 424
20 821 868 431
20 813 758 472
20 832 1023 480
20 852 849 477
20 575 425 344
20 779 744 425
20 827 1045 441
20 860 930 476
20 778 932 407
30 1412 3894 719
30 1267 1616 650
30 1245 1818 687
30 1230 1267 611
30 1312 1467 699
30 1329 1814 640
30 1228 1751 608
30 1293 1472 645
30 1299 1683 676
30 1412 2193 738
30 1123 1072 677
30 1086 847 626
30 1162 1270 595
30 1457 2047 697
30 1227 1061 739
30 1329 2155 616
30 1242 1267 683
30 1212 1205 667
30 1248 1273 689
30 1292 1273 743
30 1053 1264 521
30 1252 1600 606
30 1243 1540 664
30 1290 1303 724
30 1363 1921 680
40 1878 5004 939
40 1693 2072 885
40 1661 1946 895
40 1689 2169 831
40 1749 1924 934
40 1777 2309 860
40 1775 2414 888
40 1714 2447 799
40 1741 2253 914
40 1886 2768 1001
40 1664 1543 932
40 1455 977 870
40 1635 1918 804
40 1937 3040 898
40 1902 2297 952
40 1770 3057 830
40 1656 1860 903
40 1617 1515 879
40 1663 1726 930
40 1881 2671 969
40 1414 1660 688
40 1671 2383 800
40 1650 2122 874
40 1716 1843 959
40 1813 2705 875
50 2334 7530 1113
50 2106 3126 1066
50 2349 3725 1163
50 2275 3185 1074
50 2189 2505 1176
50 2221 3140 1067
50 2213 3048 1079
50 2152 2912 1029
50 2177 2708 1142
50 2345 3358 1189
50 2048 1980 1167
50 2277 3275 1133
50 2052 2612 1019
50 2420 3989 1108
50 2387 3060 1219
50 2213 4404 1040
50 2066 2312 1099
50 2027 2643 1097
50 2069 2483 1118
50 2349 3596 1189
50 1792 1818 920
50 2100 2817 1022
50 2054 2906 1072
50 2140 2287 1172
50 2269 3435 1098
60 2798 9131 1325
60 2522 3803 1288
60 2834 5537 1446
60 2724 4360 1282
60 2636 3813 1432
60 2668 3956 1311
60 2655 5264 1291
60 2579 3739 1233
60 2796 4763 1341
60 2813 4720 1434
60 2469 2406 1410
60 2726 3800 1336
60 2452 4001 1184
60 2923 5253 1382
60 2853 3603 1414
60 2650 6448 1231
60 2479 3067 1319
60 2432 3151 1313
60 2555 3665 1369
60 2804 4435 1362
60 2580 4216 1160
60 2526 3707 1246
60 2477 3798 1315
60 2569 2822 1423
60 2714 4290 1273
70 3260 11632 1526
70 2953 5093 1515
70 3303 5495 1673
70 3255 6244 1536
70 3074 4916 1657
70 3193 4829 1545
70 3077 5628 1480
70 3022 4320 1462
70 3547 7127 1605
70 3291 5898 1709
70 3288 5927 1603
70 3174 5204 1518
70 2945 5371 1423
70 3415 7596 1634
70 3330 5006 1648
70 3094 7371 1421
70 2889 4226 1525
70 2998 4129 1608
70 2977 4623 1555
70 3285 5591 1642
70 3026 6010 1382
70 3156 6647 1439
70 2886 5083 1511
70 3001 3287 1667
70 3164 5254 1460
80 3730 13741 1757
80 3374 7917 1719
80 3783 7076 1899
80 3725 9134 1750
80 3505 8276 1856
80 3664 6710 1819
80 3496 11922 1656
80 3453 6014 1650
80 4058 9706 1850
80 3763 8283 1958
80 3758 8792 1799
80 3964 9625 1785
80 3365 6228 1637
80 3902 8826 1866
80 3791 6982 1796
80 3538 8784 1645
80 3308 5543 1769
80 3433 6434 1860
80 3420 6017 1812
80 3739 6416 1801
80 3470 7214 1572
80 3612 6821 1657
80 3298 5761 1711
80 3417 5262 1830
80 3624 6742 1678
90 4226 13451 2106
90 4270 20589 2018
90 4254 9477 2125
90 NaN NaN NaN
90 3951 11536 2112
90 4119 8071 2045
90 3950 21096 1895
90 4260 8907 1898
90 4564 11909 2070
90 4233 11256 2193
90 4226 14345 1991
90 4457 13505 1978
90 3800 8955 1890
90 4502 10714 2137
90 4259 9018 1978
90 4342 10956 1850
90 3714 12050 1938
90 4239 11825 2137
90 3844 8075 2027
90 4399 11189 2073
90 3895 8336 1719
90 4074 8764 1906
90 4078 9886 1947
90 3853 6306 2068
90 4085 8441 1935
100 4697 18080 2324
100 4748 31216 2221
100 4737 13028 2388
100 4633 21924 2138
100 4387 19089 2340
100 4566 8969 2211
100 4402 24125 2130
100 4739 13261 2129
100 5063 21298 2286
100 4704 12238 2423
100 4704 16952 2194
100 4937 16698 2136
100 4228 12198 2128
100 4992 13288 2333
100 4744 11257 2226
100 4839 13146 2080
100 4104 30487 2095
100 NaN NaN NaN
100 4275 9366 2266
100 4886 15079 2282
100 4346 9740 1956
100 4526 11589 2131
100 4524 27194 2140
100 4686 10371 2323
100 4528 9471 2096
