10 162 2741 160
10 164 1858 152
10 220 3821 210
10 121 1077 117
10 202 3568 190
10 157 1583 155
10 195 2961 187
10 167 1971 161
10 154 1600 153
10 152 1673 140
10 191 2229 179
10 190 2691 184
10 137 1107 137
10 185 2288 183
10 129 965 125
10 148 1672 136
10 213 3482 203
10 138 1387 136
10 160 1539 152
10 201 2984 199
10 138 1231 128
10 203 2834 195
10 217 4355 209
10 153 1359 143
10 178 2094 170
20 202 7504 194
20 172 5197 164
20 220 9456 210
20 187 5746 179
20 202 7878 190
20 157 3485 155
20 195 6574 187
20 167 4186 161
20 154 4165 153
20 175 4143 163
20 191 5758 179
20 190 5547 184
20 137 2506 137
20 185 5285 183
20 160 3274 156
20 148 3499 136
20 213 7831 203
20 152 4146 141
20 182 4618 174
20 214 7243 202
20 155 3476 145
20 203 6045 195
20 217 10053 209
20 158 3262 153
20 178 4585 170
30 202 11744 194
30 190 9441 188
30 220 14600 210
30 190 9406 182
30 209 12302 207
30 157 5576 155
30 195 9934 187
30 175 7653 162
30 154 5605 153
30 183 8481 177
30 191 8652 179
30 190 10157 184
30 165 5920 155
30 185 7319 183
30 160 6683 156
30 176 7856 166
30 213 12895 203
30 181 8702 171
30 182 8724 174
30 214 11208 202
30 190 10923 180
30 203 10315 195
30 217 15255 209
30 158 5065 153
30 178 8560 170
40 202 14397 194
40 190 14594 188
40 220 20114 210
40 190 15365 182
40 209 16914 207
40 215 21311 209
40 195 14651 187
40 175 9927 162
40 192 13630 190
40 183 10726 177
40 195 13320 181
40 190 12595 184
40 166 10063 159
40 202 14016 196
40 160 8558 156
40 176 10609 166
40 213 17486 203
40 181 12623 171
40 227 23649 219
40 214 18459 202
40 190 15581 180
40 203 12781 195
40 217 19056 209
40 222 20648 222
40 178 12811 170
50 205 21354 195
50 190 18673 188
50 220 24453 210
50 190 19236 182
50 209 21908 207
50 215 24041 209
50 195 17724 187
50 179 15026 169
50 215 24233 203
50 183 16156 177
50 195 17339 181
50 190 17042 184
50 166 11447 159
50 202 19465 196
50 188 16401 176
50 176 19991 166
50 213 22681 203
50 181 15262 171
50 227 27935 219
50 214 22205 202
50 197 20021 193
50 203 18962 195
50 217 24035 209
50 222 25701 222
50 211 24310 201
60 210 28073 199
60 209 28052 197
60 220 28728 210
60 191 21606 182
60 209 25256 207
60 215 27451 209
60 195 20609 187
60 179 16458 169
60 215 28781 203
60 183 17342 177
60 195 20685 181
60 190 20283 184
60 168 16095 159
60 202 24021 196
60 205 24458 195
60 176 18087 166
60 213 26761 203
60 181 17895 173
60 227 33091 219
60 214 25998 202
60 197 22290 193
60 203 21219 195
60 217 27993 209
60 222 30770 222
60 211 28272 201
70 210 32495 199
70 217 38468 205
70 220 36653 210
70 191 25330 182
70 209 30759 207
70 215 34557 209
70 195 25970 187
70 179 19382 169
70 215 34169 203
70 183 20545 177
70 195 23388 181
70 190 23228 184
70 220 42351 214
70 202 28233 196
70 205 29235 195
70 181 22385 169
70 213 30433 203
70 181 19937 173
70 227 70517 219
70 214 31702 202
70 197 26045 193
70 203 26659 195
70 217 33197 209
70 222 38099 222
70 211 34811 201
80 210 39096 199
80 217 77709 205
80 220 72797 210
80 191 28100 182
80 209 36721 207
80 215 43266 209
80 199 30898 195
80 186 25628 174
80 215 42628 203
80 183 23578 177
80 195 27638 181
80 190 26441 184
80 220 88101 214
80 202 32049 196
80 205 36703 195
80 201 36913 191
80 213 38107 203
80 181 24293 173
80 227 97655 219
80 214 39061 202
80 197 29955 193
80 203 34130 195
80 217 42048 209
80 222 78524 222
80 211 39804 201
90 210 82371 199
90 217 97314 205
90 220 96724 210
90 191 32684 182
90 209 73202 207
90 215 91796 209
90 199 35174 195
90 186 29349 174
90 215 84957 203
90 183 26074 177
90 196 30817 184
90 190 32438 184
90 220 109952 214
90 216 93368 210
90 205 40806 195
90 201 41086 191
90 213 77837 203
90 190 30136 186
90 227 201631 219
90 214 87295 202
90 197 36190 193
90 203 38824 195
90 217 87149 209
90 222 96830 222
90 211 82818 201
100 217 152309 209
100 217 152309 209
100 217 152309 209
100 217 152309 209
100 217 152309 209
100 217 152309 209
100 217 152309 209
100 217 152309 209
100 217 152309 209
100 217 152309 209
100 217 152309 209
100 217 152309 209
100 217 152309 209
100 217 152309 209
100 217 152309 209
100 217 152309 209
100 217 152309 209
100 217 152309 209
100 217 152309 209
100 217 152309 209
100 217 152309 209
100 217 152309 209
100 217 152309 209
100 217 152309 209
100 217 152309 209
100 217 152309 209
