100 8388 3338 8200
100 8586 4457 8427
100 9003 3296 8807
100 7612 3564 7318
100 9029 4601 8888
100 8691 3535 8526
100 9466 3780 9238
100 8730 1370 8530
100 8620 3540 8484
100 10021 2193 9806
100 9736 2805 9560
100 8448 3265 8168
100 8401 4815 8222
100 8796 5778 8601
100 8720 4281 8520
100 7793 1560 7667
100 9051 5383 8884
100 8489 4649 8345
100 8379 4815 8247
100 9084 5847 8866
100 9260 5018 8994
100 9109 3572 8921
100 9034 5754 8895
100 9414 6917 9195
100 8137 4004 7958
150 12961 8089 12577
150 13511 10385 13257
150 13650 11845 13288
150 12237 11552 11858
150 13487 17365 13272
150 13230 13657 12872
150 13550 11381 13230
150 13099 5769 12728
150 12928 13609 12631
150 14357 3800 14048
150 14089 11886 13775
150 13149 10265 12822
150 12647 13364 12380
150 12858 11781 12562
150 13153 10366 12845
150 12304 14102 12122
150 13200 13667 12858
150 12668 9357 12298
150 12750 11615 12451
150 13065 14210 12757
150 13767 14465 13387
150 13635 7871 13364
150 14181 10243 13795
150 13904 14250 13657
150 12511 6918 12104
200 17571 13004 17058
200 17525 31146 17102
200 18242 35827 17747
200 16729 19849 16228
200 17895 31018 17481
200 17399 24940 16950
200 18143 25386 17532
200 17087 36874 16650
200 17543 29581 17140
200 18836 14173 18339
200 18728 19622 18265
200 17369 26719 16929
200 16789 27426 16397
200 17079 23435 16679
200 17124 24502 16719
200 16264 22775 15981
200 17199 29715 16775
200 17623 21711 16874
200 16660 27100 16182
200 17860 28140 17369
200 18045 25207 17549
200 18134 20585 17708
200 18556 20117 18048
200 18346 43007 18065
200 16947 19047 16363
250 21829 53473 21216
250 21957 55504 21435
250 22392 61525 21739
250 21069 30205 20446
250 23419 53451 22503
250 21988 48769 21272
250 21708 45721 20985
250 21154 63672 20622
250 21988 50130 21436
250 23411 27824 22476
250 22961 44859 22364
250 21358 50602 20745
250 21501 47245 20907
250 21606 50423 21167
250 21564 37555 21019
250 20588 41145 20153
250 21960 46499 21407
250 21966 36835 21013
250 21340 44879 20527
250 22497 66260 21884
250 22408 36347 21806
250 22847 36384 22301
250 23036 34173 22412
250 22469 68360 22041
250 21430 34411 20714
300 26085 90925 25074
300 26279 109818 25445
300 26843 98767 26078
300 25210 47943 24410
300 28034 97256 26914
300 26261 85376 25424
300 26265 83361 25336
300 25418 84622 24758
300 26161 89272 25577
300 27461 39193 26335
300 27776 64348 26971
300 25405 95786 24465
300 25735 105326 25018
300 26035 78366 25437
300 26395 59847 25600
300 25012 65059 24473
300 26009 84436 25332
300 25928 75720 24796
300 25851 94040 24852
300 27027 105882 26302
300 27254 62340 26404
300 26549 77592 25895
300 27045 74315 26314
300 26675 114398 26045
300 25634 69990 24776
350 30733 132433 29505
350 30725 188691 29720
350 30873 164587 29952
350 29185 129627 28222
350 32724 139512 31375
350 30946 126714 29931
350 30511 130160 29431
350 30390 108637 29318
350 31021 137135 30305
350 32180 79889 30830
350 32345 122473 31401
350 29518 155031 28400
350 29995 142455 29129
350 30050 126506 29356
350 30988 90295 30038
350 29753 109827 29064
350 30524 123014 29385
350 30020 105592 28866
350 30327 160396 29161
350 31727 179952 30883
350 31746 102230 30753
350 31255 120478 30472
350 31324 153501 30587
350 30981 184650 30266
350 29978 92795 28945
400 35083 200236 33706
400 35224 268010 34076
400 35681 222160 34516
400 33619 196553 32570
400 36896 206054 35456
400 35385 177129 33977
400 35002 192790 33757
400 34971 157602 33659
400 35719 200478 34751
400 35763 209468 34575
400 36400 207419 35083
400 33587 234868 32526
400 34329 212370 33247
400 34508 199756 33593
400 35014 169066 33878
400 34169 156421 33367
400 34881 189264 33656
400 34771 250610 33716
400 34871 268064 33443
400 36080 265386 35095
400 36378 172831 35219
400 36039 201334 34864
400 35361 277875 34466
400 35233 281202 34417
400 34669 151660 33479
450 39673 303833 38160
450 NaN NaN NaN
450 NaN NaN NaN
450 40007 295512 38701
450 NaN NaN NaN
450 NaN NaN NaN
450 40067 257791 38337
450 39543 249530 38143
450 39269 199885 37754
450 40291 273906 39194
450 40214 283844 38881
450 40662 301984 39240
450 NaN NaN NaN
450 38887 303023 37638
450 NaN NaN NaN
450 39219 252632 37901
450 38488 221038 37493
450 NaN NaN NaN
450 NaN NaN NaN
450 NaN NaN NaN
450 NaN NaN NaN
450 40245 275459 38956
450 NaN NaN NaN
450 NaN NaN NaN
450 NaN NaN NaN
450 38840 228691 37365
500 NaN NaN NaN
500 NaN NaN NaN
500 NaN NaN NaN
500 NaN NaN NaN
500 NaN NaN NaN
500 NaN NaN NaN
500 NaN NaN NaN
500 43651 282860 41891
500 NaN NaN NaN
500 NaN NaN NaN
500 NaN NaN NaN
500 NaN NaN NaN
500 NaN NaN NaN
500 NaN NaN NaN
