100 8226 4272 8200
100 8448 14310 8427
100 8825 4216 8807
100 7336 4901 7318
100 8906 10860 8888
100 8551 17071 8526
100 9258 3439 9238
100 8556 2714 8530
100 8501 7260 8484
100 9832 1575 9806
100 9590 3015 9560
100 8232 15503 8168
100 8235 3422 8222
100 8642 7902 8601
100 8539 7633 8520
100 7680 5449 7667
100 8899 6531 8884
100 8374 12093 8345
100 8277 5169 8247
100 8884 10975 8866
100 9008 3265 8994
100 8945 7947 8921
100 8918 8943 8895
100 9210 2133 9195
100 7970 2602 7958
200 17123 21830 17058
200 17169 57093 17102
200 17838 44842 17747
200 16314 35860 16228
200 17559 58670 17481
200 17046 40812 16950
200 17594 44479 17532
200 16750 40044 16650
200 17219 29966 17140
200 18432 35557 18339
200 18362 39802 18265
200 17011 38226 16929
200 16474 37466 16397
200 16772 30952 16679
200 16804 34518 16719
200 16048 23870 15981
200 16854 42277 16775
200 16961 45397 16874
200 16259 35998 16182
200 17446 28072 17369
200 17629 43279 17549
200 17777 35800 17708
200 18120 33959 18048
200 18163 47633 18065
200 16455 34245 16363
300 25286 88114 25074
300 25616 166212 25445
300 26269 146393 26078
300 24588 99907 24410
300 27148 127237 26914
300 25620 115082 25424
300 25471 153801 25336
300 24960 116111 24758
300 25743 117151 25577
300 26494 144910 26335
300 27158 100076 26971
300 24640 121936 24465
300 25203 150670 25018
300 25603 104065 25437
300 25798 122087 25600
300 24615 105586 24473
300 25514 100751 25332
300 24983 120653 24796
300 25008 134029 24852
300 26487 113377 26302
300 26568 96880 26404
300 26084 144687 25895
300 26525 104615 26314
300 26257 153583 26045
300 24962 112589 24776
400 34056 292633 33706
400 34371 350169 34076
400 34839 327432 34516
400 32904 254121 32570
400 35775 357732 35456
400 34312 286225 33977
400 34013 339885 33757
400 33973 295047 33659
400 35096 310834 34751
400 34890 372474 34575
400 35413 274111 35083
400 32825 267910 32526
400 33570 303765 33247
400 33902 274541 33593
400 34260 276336 33878
400 33616 268741 33367
400 34041 258684 33656
400 34045 324755 33716
400 33738 327408 33443
400 35423 248286 35095
400 35518 296148 35219
400 35185 341029 34864
400 34834 324829 34466
400 34733 338030 34417
400 33766 258678 33479
500 42434 586575 41885
500 20102 615347 43035
500 43236 600346 42718
500 41503 600233 41023
500 20740 604994 44415
500 42563 594713 42102
500 20080 612526 42738
500 42368 598707 41891
500 44137 587923 43626
500 20057 612561 43277
500 44318 567035 43711
500 42216 587172 41704
500 42466 572396 41970
500 19961 603371 42520
500 42652 512068 42141
500 42344 580570 41939
500 42506 582058 42027
500 20022 604648 42606
500 19697 626654 41928
500 44165 574022 43689
500 43347 598136 42909
500 20781 613876 43677
500 20489 604578 42828
500 20173 607311 42669
500 41500 575138 41024
