10 369 1538 369
10 352 1912 352
10 216 1047 214
10 301 1129 299
10 292 1282 290
10 232 1225 232
10 232 1230 232
10 374 1594 374
10 354 1462 354
10 337 1479 335
10 389 1553 389
10 353 2107 353
10 380 1801 380
10 256 1352 256
10 346 1613 346
10 330 1290 330
10 334 1625 334
10 328 1718 328
10 339 1754 339
10 353 1495 353
10 382 1579 382
10 343 1985 341
10 338 1312 338
10 284 1442 282
10 379 1833 379
20 369 2154 369
20 352 2399 352
20 376 1658 376
20 364 1878 362
20 292 1710 290
20 308 1588 306
20 365 1956 363
20 374 1732 374
20 356 2172 354
20 337 1568 335
20 389 2166 389
20 353 2480 353
20 382 2370 380
20 344 1648 344
20 358 1980 356
20 380 2532 378
20 337 2316 334
20 377 2129 377
20 356 1941 356
20 353 1827 353
20 382 1576 382
20 362 2183 362
20 338 1616 338
20 367 1701 365
20 379 2059 379
30 374 5566 374
30 352 2610 352
30 376 1977 376
30 364 2215 362
30 328 2410 326
30 308 1875 306
30 379 3398 379
30 374 1981 374
30 356 4662 354
30 337 1883 335
30 389 2339 389
30 357 3491 356
30 382 3983 380
30 344 2072 344
30 358 2139 356
30 380 3387 378
30 354 2802 350
30 377 2487 377
30 356 2322 356
30 353 2110 353
30 382 2127 382
30 362 2472 362
30 359 2180 357
30 367 1911 365
30 379 2741 379
40 374 6053 374
40 352 4665 352
40 376 2230 376
40 365 2384 365
40 328 2746 326
40 344 2528 337
40 379 3700 379
40 395 2585 393
40 357 5141 354
40 337 2112 335
40 389 3177 389
40 373 4232 372
40 382 4246 380
40 344 2857 344
40 360 2936 356
40 380 3561 378
40 355 3373 352
40 377 2868 377
40 356 2582 356
40 353 2992 353
40 382 2655 382
40 369 3730 366
40 359 3342 357
40 367 2098 365
40 379 3337 379
50 374 7197 374
50 355 6377 352
50 376 3199 376
50 365 4454 365
50 371 3922 369
50 344 2753 337
50 379 4341 379
50 395 3398 393
50 356 5460 354
50 341 2205 335
50 389 3667 389
50 379 4602 374
50 382 4689 380
50 344 3300 344
50 358 2933 356
50 380 4660 378
50 355 4547 352
50 377 4787 377
50 356 2907 356
50 353 3574 353
50 382 2525 382
50 370 4935 369
50 383 4407 379
50 367 2945 365
50 379 3596 379
60 374 8553 374
60 355 7034 352
60 376 3747 376
60 379 5922 379
60 371 4476 369
60 363 7981 360
60 379 4633 379
60 395 4194 393
60 357 6128 354
60 360 3434 358
60 389 4918 389
60 378 6351 374
60 382 5298 380
60 358 4195 358
60 359 4571 356
60 380 5355 378
60 353 5098 352
60 377 5415 377
60 358 3076 356
60 353 3635 353
60 382 3829 382
60 370 5504 369
60 383 5043 379
60 367 3265 365
60 379 4063 379
70 374 9519 374
70 355 7796 352
70 376 4111 376
70 379 6926 379
70 373 7242 369
70 360 9462 360
70 379 5932 379
70 393 6262 393
70 357 7465 354
70 403 4553 397
70 389 5891 389
70 379 5454 374
70 382 7207 380
70 358 5675 358
70 358 4732 356
70 380 6017 378
70 353 5653 352
70 377 5853 377
70 356 4403 356
70 353 5252 353
70 382 4215 382
70 370 5886 369
70 381 6915 379
70 367 4145 365
70 379 4976 379
80 386 10667 380
80 400 9017 395
80 376 4869 376
80 379 8784 379
80 373 6280 369
80 417 13325 413
80 379 8137 379
80 395 7273 393
80 381 8813 379
80 403 4943 397
80 389 6685 389
80 379 8257 374
80 382 7355 380
80 358 6969 358
80 358 6165 356
80 380 7830 378
80 353 8061 352
80 378 6688 377
80 356 5623 356
80 353 6613 353
80 382 4312 382
80 370 6488 369
80 381 10167 379
80 367 4452 365
80 379 6262 379
90 384 9488 380
90 401 9973 395
90 376 8575 376
90 379 9146 379
90 373 9250 369
90 417 19890 413
90 379 8100 379
90 393 10766 393
90 381 12911 379
90 399 10240 397
90 389 8712 389
90 378 8739 374
90 382 7973 380
90 358 6762 358
90 358 6265 356
90 380 10043 378
90 354 8899 352
90 378 8584 377
90 394 7421 391
90 386 9157 384
90 383 8445 382
90 369 9496 369
90 379 11467 379
90 418 6401 411
90 379 10512 379
100 384 13056 380
100 401 11469 395
100 376 10348 376
100 379 10331 379
100 377 11030 369
100 417 23862 413
100 379 11398 379
100 395 12343 393
100 383 13272 379
100 403 9350 397
100 396 14137 389
100 377 9873 374
100 382 9106 380
100 358 12556 358
100 358 8901 356
100 380 10649 378
100 353 11607 352
100 390 11752 389
100 393 13252 391
100 386 9661 384
100 383 9168 382
100 370 9575 369
100 382 14220 379
100 418 7027 411
100 381 12349 379
110 385 18960 380
110 401 13017 395
110 376 13300 376
110 379 13867 379
110 372 14392 369
110 417 27411 413
110 379 13309 379
110 395 16382 393
110 383 14756 379
110 421 12112 402
110 396 18547 389
110 377 11986 374
110 383 15353 380
110 360 13447 358
110 358 11266 356
110 380 15471 378
110 353 12876 352
110 390 13419 389
110 394 13159 391
110 385 17674 384
110 389 10809 386
110 370 11809 369
110 380 16316 379
110 418 11495 411
110 381 15371 379
120 388 22273 380
120 400 20752 395
120 377 15217 376
120 381 14780 379
120 373 16922 369
120 417 29648 413
120 393 16061 386
120 393 20612 393
120 416 18752 410
120 421 12825 402
120 400 21493 389
120 378 13616 374
120 382 11456 380
120 387 24333 380
120 372 13771 368
120 380 16147 378
120 353 29216 352
120 393 16942 389
120 394 14119 391
120 385 21204 384
120 389 13066 386
120 370 16816 369
120 383 20570 379
120 418 12919 411
120 379 16349 379
130 390 20435 380
130 401 20667 395
130 376 17507 376
130 384 15730 381
130 373 18634 369
130 421 27762 413
130 393 18638 386
130 393 24766 393
130 416 21147 410
130 416 16726 402
130 400 27010 389
130 377 15147 374
130 383 24141 380
130 387 20248 380
130 397 21418 395
130 380 20078 378
130 361 24763 352
130 393 33902 389
130 394 20823 391
130 390 20790 384
130 393 13669 386
130 372 17588 369
130 380 32152 379
130 424 18181 411
130 381 19168 379
140 389 26622 380
140 405 19042 395
140 376 22010 376
140 384 17480 381
140 374 21793 369
140 421 30257 413
140 393 21025 386
140 397 35704 393
140 416 19200 410
140 417 19092 402
140 399 29802 389
140 377 19931 374
140 383 20482 380
140 387 28968 380
140 399 21258 395
140 380 24152 378
140 360 25302 352
140 391 61852 389
140 393 23547 391
140 388 23603 384
140 389 17436 386
140 372 19264 369
140 380 32015 379
140 424 13793 411
140 381 20145 379
150 386 37975 380
150 405 30776 395
150 377 24866 376
150 384 22669 381
150 373 22458 369
150 423 34815 413
150 393 22133 386
150 399 32401 393
150 419 26786 410
150 402 24256 402
150 402 29928 389
150 378 24114 374
150 382 25388 380
150 385 37780 380
150 401 29341 395
150 380 18134 378
150 362 22223 352
150 394 48772 389
150 394 25429 391
150 388 30545 384
150 389 19032 386
150 369 23323 369
150 385 28459 379
150 418 29905 411
150 381 21226 379
160 390 37621 380
160 405 31951 395
160 377 26311 376
160 384 26817 381
160 372 44280 369
160 419 41374 413
160 393 26701 386
160 395 40773 393
160 419 30257 410
160 420 26801 402
160 402 44257 389
160 379 24974 374
160 382 26001 380
160 387 34524 380
160 401 39599 395
160 384 28037 378
160 362 37353 352
160 394 52414 389
160 392 24756 391
160 387 29102 384
160 388 34266 386
160 382 30061 369
160 380 43414 379
160 418 27501 411
160 379 24775 379
170 389 29714 380
170 404 35654 395
170 376 30300 376
170 383 33074 381
170 377 36746 369
170 421 41084 413
170 393 32803 386
170 395 50356 393
170 416 30722 410
170 418 35633 402
170 402 43616 389
170 377 31326 374
170 381 33356 380
170 388 44142 380
170 408 52701 399
170 380 34110 378
170 372 45881 352
170 393 65418 389
170 393 29190 391
170 391 33775 384
170 386 37538 386
170 406 31688 402
170 385 35159 379
170 418 27820 411
170 379 32445 379
180 390 47330 380
180 405 57953 395
180 377 45734 376
180 386 49111 381
180 373 38950 369
180 417 60707 413
180 394 32902 386
180 394 58427 393
180 414 37698 410
180 421 44496 402
180 395 50699 389
180 380 32458 374
180 389 34684 386
180 388 57427 380
180 407 47793 399
180 382 40061 378
180 369 51765 352
180 405 48285 389
180 391 29092 391
180 390 38820 384
180 389 37545 386
180 408 36328 402
180 383 40826 379
180 418 39177 411
180 379 31461 379
190 392 46390 380
190 404 62161 395
190 377 52688 376
190 387 53940 381
190 378 46148 369
190 421 59312 413
190 394 46807 386
190 397 86077 393
190 414 50753 410
190 429 51751 402
190 397 57534 389
190 377 38132 374
190 393 62886 386
190 390 56773 380
190 407 62345 399
190 385 49408 378
190 376 57050 352
190 399 68715 389
190 395 35664 391
190 389 53788 384
190 388 44373 386
190 408 56308 402
190 383 45186 379
190 418 43468 411
190 379 42898 379
200 389 50250 380
200 406 67967 395
200 376 71236 376
200 396 56481 388
200 380 51749 369
200 418 63586 413
200 393 51344 386
200 399 68228 393
200 420 51522 410
200 429 76335 402
200 401 82324 389
200 378 41031 374
200 388 46061 386
200 388 62514 380
200 412 66236 399
200 380 59035 378
200 369 74693 352
200 408 89168 389
200 395 38862 391
200 391 53739 384
200 393 59768 386
200 414 64946 402
200 380 53843 379
200 418 47110 411
200 381 39670 379
210 399 69639 380
210 409 78244 395
210 377 57574 376
210 395 58789 388
210 381 51492 369
210 427 85401 413
210 395 66790 386
210 400 76301 393
210 416 60686 410
210 404 70969 402
210 408 84123 389
210 377 46661 374
210 393 48669 386
210 392 66898 380
210 417 68651 399
210 390 88206 388
210 366 80677 352
210 399 84842 389
210 396 39793 391
210 398 88844 384
210 389 93821 386
210 412 104653 402
210 384 70419 379
210 420 60919 411
210 381 47539 379
220 390 56738 380
220 408 82910 395
220 378 62599 376
220 393 67141 388
220 387 61733 369
220 417 96654 413
220 394 77888 386
220 396 92062 393
220 417 75256 410
220 406 83587 402
220 402 91208 389
220 380 73241 374
220 389 68148 386
220 393 79281 383
220 411 78375 399
220 391 73877 388
220 367 71605 352
220 400 80914 389
220 395 49287 391
220 389 88898 384
220 389 52866 386
220 413 120699 402
220 383 76386 379
220 419 58758 411
220 383 53189 379
230 399 63640 380
230 407 105031 395
230 378 69846 376
230 396 98710 388
230 384 87901 369
230 418 100384 413
230 393 83325 386
230 403 90911 393
230 417 68060 410
230 430 85980 402
230 400 100682 389
230 377 70278 374
230 394 88558 386
230 394 93916 383
230 405 110990 399
230 391 85284 388
230 365 86733 352
230 396 99652 389
230 398 54807 391
230 398 104996 384
230 390 68125 386
230 416 152166 402
230 389 95228 379
230 418 73761 411
230 384 56933 379
240 396 119988 380
240 408 113716 395
240 377 66923 376
240 398 78550 388
240 384 91730 369
240 419 105170 413
240 403 92570 398
240 394 114299 393
240 414 97651 410
240 406 87802 402
240 401 129012 389
240 382 74719 374
240 390 99126 386
240 401 96676 396
240 410 127857 399
240 391 108290 388
240 385 97799 352
240 400 103688 394
240 394 58335 391
240 400 111362 384
240 393 73493 386
240 418 134812 402
240 385 105618 379
240 418 85969 411
240 386 68412 379
250 392 75989 380
250 415 127756 395
250 379 86021 376
250 401 137746 388
250 383 111525 369
250 418 109328 413
250 405 100651 398
250 409 131064 393
250 414 100844 410
250 443 108784 402
250 405 135514 389
250 412 157186 410
250 392 94389 386
250 406 117514 396
250 417 102937 399
250 391 102266 388
250 363 138672 352
250 417 143819 394
250 396 70744 391
250 399 151388 384
250 397 94946 393
250 413 150073 402
250 387 133657 379
250 418 72859 411
250 385 80488 379
260 395 115235 380
260 411 135901 395
260 378 95629 376
260 397 101969 388
260 386 133582 369
260 416 124806 413
260 403 116222 398
260 400 116362 393
260 413 105792 410
260 409 111245 402
260 404 169591 389
260 415 121968 410
260 390 130180 386
260 401 152216 396
260 416 137478 399
260 391 121265 388
260 375 128758 352
260 416 120185 394
260 398 82668 391
260 400 156926 384
260 402 86533 393
260 414 181214 402
260 386 137027 379
260 418 104782 411
260 389 95335 379
270 396 114419 380
270 417 180847 395
270 378 106017 376
270 398 173578 388
270 386 141396 369
270 416 184579 413
270 403 118503 398
270 398 159908 393
270 415 116254 410
270 435 121437 402
270 415 174466 389
270 430 197914 410
270 399 150734 386
270 406 176009 396
270 412 141294 399
270 393 129899 388
270 401 169066 383
270 410 176459 394
270 395 92450 391
270 399 193431 384
270 395 122452 393
270 423 193625 402
270 385 130406 379
270 418 89548 411
270 390 113677 379
280 393 129761 380
280 413 179146 395
280 381 125660 376
280 400 125816 388
280 375 132904 369
280 418 159707 413
280 413 136129 398
280 401 156948 393
280 416 159661 410
280 444 163011 402
280 446 218579 389
280 415 207936 410
280 390 204824 386
280 401 208614 396
280 417 147927 399
280 391 182869 388
280 405 160140 383
280 407 173876 394
280 398 106599 391
280 292 307533 384
280 415 122841 398
280 416 205454 402
280 384 126917 379
280 418 115810 411
280 388 144497 379
290 394 158733 380
290 414 192000 395
290 386 138816 376
290 300 304283 388
290 406 201335 369
290 419 187535 413
290 411 170537 398
290 401 168312 393
290 415 134126 410
290 441 208039 402
290 407 224840 389
290 417 234576 410
290 399 166538 386
290 408 234829 396
290 418 203124 399
290 396 157073 388
290 398 183622 383
290 416 186077 394
290 400 110706 391
290 399 198061 384
290 410 177326 398
290 414 268928 402
290 388 172058 379
290 420 147989 411
290 384 150252 379
300 402 160719 380
300 411 215461 395
300 378 150034 376
300 400 201959 388
300 395 177662 369
300 416 200815 413
300 405 167693 398
300 412 218805 393
300 424 185246 410
300 410 229672 402
300 447 230809 389
300 425 252266 410
300 394 192611 386
300 406 209806 396
300 410 210152 399
300 404 189196 388
300 406 260039 383
300 409 195963 394
300 404 140974 391
300 400 250539 384
300 411 177479 398
300 421 284968 402
300 389 197007 379
300 422 170043 411
300 390 179901 379
310 395 173366 380
310 418 230847 395
310 390 167167 376
310 428 218476 410
310 390 204123 369
310 418 255025 413
310 406 214743 398
310 405 221155 393
310 426 229098 410
310 412 228200 402
310 408 256361 389
310 313 306024 410
310 394 297088 386
310 408 289154 396
310 428 215364 399
310 401 235571 388
310 403 250727 383
310 411 213393 394
310 404 121572 391
