17668 52 54021 52 5828 55 52
52673 51 49744 53 5188 55 51
32324 54 48155 54 7030 57 54
27943 53 51185 53 5155 54 53
145379 55 86972 56 6350 56 55
32979 52 48521 52 5130 56 51
23174 51 45583 51 3887 51 51
28026 57 119979 57 7727 58 57
48730 54 60291 54 5834 56 54
137129 54 76224 54 5765 57 54
18047 52 69613 52 4917 54 52
61370 55 120871 53 4793 56 53
48528 54 73403 55 7150 57 54
15631 48 34224 50 4726 51 48
38779 54 120890 54 5994 56 54
221328 53 64149 52 6521 58 52
22456 53 83416 54 5990 56 53
16056 51 35960 51 3943 52 51
34231 54 60500 53 5834 56 53
45851 55 86074 55 8484 59 55
18925 54 56007 54 6310 56 54
47390 53 72235 53 5150 56 53
23432 52 50139 52 5849 57 52
54546 54 109911 55 6724 58 54
31462 53 114382 54 6677 56 52
16486 52 52070 53 6148 56 52
30439 52 56542 53 5553 56 52
39679 52 59751 52 5262 56 52
51327 52 43948 51 5456 56 51
35591 54 62677 54 4968 55 54
15878 53 62215 53 6056 57 53
15116 51 39431 52 4769 55 51
34448 57 113269 57 5330 57 57
22721 56 111039 56 5951 56 56
68763 53 72503 53 4187 54 53
43977 55 56376 53 5373 55 53
47344 52 66100 53 5778 56 51
24551 53 60742 54 5718 56 53
74590 56 79917 56 5451 56 56
46196 57 106983 57 6466 58 57
16000 59 175975 60 6840 60 59
21294 55 80535 55 5878 57 55
72255 56 85068 56 5780 57 56
13084 50 48119 50 3974 52 50
54611 53 57527 53 6046 58 53
211024 50 57215 50 4190 53 50
38508 51 48441 52 6056 55 51
19589 51 46803 51 5593 55 49
58322 53 69419 53 5602 55 53
20044 49 86711 52 7956 53 49
