20211 50 38465 52 4562 54 50
23299 52 69425 53 5682 56 52
23207 53 58442 53 4329 55 53
33513 52 41107 52 5302 56 52
31824 56 103431 57 7097 58 56
25070 56 102135 56 6995 59 56
50580 56 102223 56 6298 58 56
32699 51 44895 52 4185 55 51
13636 58 51917 58 5916 58 58
24794 48 25536 48 3739 51 48
43993 56 85074 56 6573 59 56
11388 52 48682 52 5172 56 52
62936 52 69971 53 6221 59 52
36507 54 105491 54 4684 55 54
28168 51 65048 53 6566 58 51
25678 53 42924 53 4942 56 53
13383 51 42865 52 4702 54 51
76643 53 37264 52 4744 55 51
24116 50 43385 52 4840 54 50
27420 56 84223 56 4991 56 56
18032 53 48557 54 5511 58 53
41014 56 99951 56 5522 56 56
26864 58 62819 58 5858 58 58
23501 52 55542 52 6034 57 51
25295 52 56122 52 5227 55 52
27118 53 42953 54 6490 57 53
8173 52 45247 52 4358 54 51
37631 57 105310 57 8104 60 57
19631 52 48894 52 5069 55 52
16678 53 54759 53 4966 56 53
15451 50 26358 50 5223 55 49
16970 51 36613 53 5277 56 51
15332 53 55896 53 4317 55 53
23268 55 41579 55 4725 57 55
22000 52 47622 50 4571 55 50
16913 51 49576 50 4131 52 50
29596 51 40499 52 5250 56 50
45758 53 42838 54 4980 56 53
21357 54 56958 54 4676 55 54
24582 54 61117 55 5937 57 54
18009 52 52997 53 6255 57 52
49314 53 40619 53 3845 54 53
15567 53 62964 53 7074 59 53
72933 56 65210 56 5615 57 56
13531 51 33503 50 3603 50 50
8692 51 46010 53 4326 55 51
23538 53 45120 54 5278 55 53
11276 52 40102 52 5810 57 52
49939 52 48388 52 5338 55 52
29541 53 53894 53 8521 59 53
