51040 52 106875 53 7813 56 52
150860 55 145330 54 6580 55 54
357494 57 156146 56 7943 56 56
226011 54 249918 55 8216 59 54
416541 55 201669 55 6960 56 55
71647 52 91474 52 7604 56 49
73441 53 192994 53 6992 56 53
23484 55 129445 55 7106 57 55
409179 51 143904 53 8580 58 51
157317 54 133423 53 7081 57 53
536013 51 79799 52 6899 56 50
62924 50 66234 49 5136 51 49
264692 51 82824 51 5509 55 51
30208 54 135155 55 7230 56 54
96663 55 177500 55 7997 57 55
69511 56 172751 56 8794 57 56
229212 53 110708 53 6175 54 53
66438 52 82331 52 9651 57 51
221302 55 149051 54 7342 54 54
48815 52 119858 54 7837 58 52
67704 52 91173 52 5999 54 52
17924 50 84762 52 8908 57 49
58711 51 76419 52 4798 52 50
378962 55 153216 55 6873 56 55
152782 55 200076 56 9131 57 55
98114 55 169998 55 8352 58 55
39557 51 101216 52 6579 54 51
36055 52 92828 53 9630 57 52
89461 52 90733 52 5622 54 52
51202 52 89552 52 7258 57 51
38450 55 145391 55 8347 56 55
174369 55 184714 55 8459 58 55
91181 53 126468 54 6916 56 53
125081 58 173285 58 7788 58 58
64434 52 101573 53 7649 55 52
157339 55 124724 56 9803 57 55
86536 52 117472 52 6508 55 52
69751 53 146434 53 6833 56 53
296984 50 115325 53 6850 56 50
495234 56 125498 55 7202 56 55
31803 55 164181 55 7478 56 55
96363 53 120829 53 7099 55 53
41151 54 147953 55 9369 57 54
203669 53 223468 53 7840 57 53
173869 57 117049 57 7964 57 57
30805 50 69074 50 5924 53 49
113365 56 287691 56 8164 57 56
48657 53 109597 53 8510 57 53
