4685 54 18954 54 3827 56 54
3595 53 19804 54 3899 56 53
6446 50 16523 50 3464 53 50
15252 54 32957 54 4124 57 54
7617 58 30643 58 4871 59 58
3038 50 15343 49 2885 52 49
3920 49 16448 50 3825 53 49
7459 52 20050 53 4879 57 52
4421 55 29677 56 4097 57 55
6293 55 23568 54 4819 56 54
8298 56 47402 56 3987 58 56
3886 52 17646 52 4738 57 52
13073 52 27386 53 4729 58 52
5185 52 18231 51 4030 55 51
7394 52 24868 52 4710 57 51
5181 49 19748 51 3863 55 49
11687 53 19318 53 4654 56 53
3117 52 17484 52 3007 54 52
22704 57 27885 57 3654 57 57
8457 52 19120 52 3646 54 50
2735 50 23466 52 3564 54 50
3113 52 14095 52 4571 56 51
3247 56 24754 56 3528 56 56
7368 53 17401 53 3196 53 53
11164 56 23349 56 4654 57 56
7828 52 20098 51 3214 54 51
21515 51 33708 52 4073 55 51
2854 50 20350 52 3958 55 50
4300 51 15984 51 3291 53 51
6202 51 22011 53 3669 54 51
5197 54 19610 54 3207 56 54
3812 57 24042 57 3889 58 57
5418 51 16369 52 3269 52 51
6835 51 19532 52 4214 57 51
11383 53 20951 54 4387 56 53
20309 54 46697 55 3396 56 54
3287 51 16306 52 3181 53 51
4876 55 19695 55 4169 57 54
4760 54 22446 53 3992 55 53
3113 50 16787 49 3696 51 48
4327 53 17689 52 4086 56 52
7880 52 33038 53 5546 58 52
6372 53 18510 53 3373 53 53
3702 53 15552 52 4005 55 51
3701 55 27924 55 3728 56 55
4815 49 25484 51 3353 52 49
9952 56 26226 54 3166 56 54
4155 57 28722 57 4005 58 57
3538 54 18305 54 3293 55 54
4761 54 19334 53 4295 56 52
