68155 55 202986 55 7524 56 55
334080 52 124335 53 9074 57 52
176515 50 166431 52 7614 57 50
283250 52 80489 51 7359 55 51
123833 52 119608 53 9865 57 52
520267 53 159890 53 7895 57 52
77341 53 169301 54 7142 57 53
80016 54 158223 54 11807 57 53
392303 54 216830 55 8969 59 54
116534 52 107194 52 7151 54 52
78496 55 224966 56 10247 58 55
91672 53 258318 53 9301 56 53
324462 54 214367 55 8231 57 54
65171 53 192885 54 9099 56 53
159509 52 206321 53 11759 59 52
289208 54 184625 55 11361 57 53
114371 52 114340 52 6992 55 52
77890 56 260831 56 12506 57 56
360252 51 151371 53 17040 57 51
325785 55 180017 55 10738 58 55
380924 50 116674 49 6647 52 49
45768 53 114020 52 7524 56 52
196006 54 174555 55 7552 57 54
41165 53 106100 54 6735 55 53
91598 55 192116 55 14404 59 55
574301 54 214456 55 9784 60 54
136988 55 182266 55 9189 57 55
83661 53 115108 53 9602 58 53
350620 49 78844 48 6444 52 48
131909 53 119388 53 8465 56 52
106068 56 174481 56 8506 58 56
37272 53 144445 53 11190 57 53
184453 52 122008 53 8444 58 52
351416 55 201949 56 7400 57 55
287622 54 150424 55 11378 60 54
341956 53 276627 55 11168 58 53
82339 53 110678 53 16040 59 53
229925 54 266594 56 10491 60 54
111230 50 130719 50 7813 56 49
311269 57 473377 57 8907 57 57
277709 52 106241 50 6939 55 50
460259 53 171272 52 9369 57 52
108683 55 213405 56 9470 58 54
502504 55 157935 55 7134 57 55
