6721 52 27529 53 4255 56 50
11552 54 34243 54 4756 57 54
8471 51 39562 52 4564 55 50
5656 54 43188 54 3738 55 53
12453 53 32355 53 5093 56 53
11846 48 25855 50 4599 53 48
17401 54 41668 54 5059 56 54
12850 53 48443 53 4429 55 53
15516 53 33502 53 3652 55 53
39526 54 34187 54 4880 57 53
11290 52 32592 52 4156 56 51
8515 55 47686 55 4653 56 55
13000 55 43942 55 5304 57 55
5718 54 39202 53 4224 55 53
5103 52 29811 52 3790 55 52
9970 49 20192 48 3826 52 48
18804 53 31294 53 4555 55 53
9985 55 35946 53 4680 55 53
24218 56 41661 55 5174 57 55
11127 56 40561 56 4294 56 56
19888 50 23463 49 3790 52 49
20058 49 29385 49 4199 52 49
11305 51 28281 51 4059 55 51
4998 52 31587 52 5071 55 52
13100 50 32113 51 5112 56 49
5450 52 32040 53 6282 59 52
12897 52 27837 53 3765 53 52
17221 51 19561 48 4278 53 48
5941 51 26667 53 5115 58 51
11605 52 29765 52 4236 55 52
25520 51 33087 52 4504 56 51
7896 50 22077 50 3843 52 50
17009 53 40398 52 4490 56 51
11679 52 38320 52 5712 59 51
5890 53 33684 53 3952 56 53
32948 55 36771 54 4011 56 54
56270 51 37182 52 4534 57 51
15546 53 34292 53 4753 56 53
41913 49 27652 49 4067 54 48
14937 52 51930 53 5489 54 52
20954 51 33249 51 3971 54 51
14085 54 49698 56 4803 58 54
18874 55 63930 56 4056 56 55
4932 54 30166 54 3971 56 54
14029 52 37344 52 4338 55 52
3764 53 32579 53 4663 56 53
21654 52 56184 52 4189 55 52
11730 52 29993 52 4240 56 52
13858 52 29596 52 3885 55 52
12721 54 38447 54 4030 55 54
