3190 52 15244 52 3517 56 52
4602 56 21426 56 3680 58 56
4321 52 12977 52 3169 55 52
3309 55 18744 55 2932 55 55
4321 51 20636 52 3555 55 51
3139 51 11661 48 2403 50 48
6353 48 15113 48 2915 50 47
3075 52 16646 52 3412 55 51
13160 51 13251 52 3219 53 51
3051 54 16029 54 4095 55 53
4197 52 21136 53 4350 56 51
3341 53 13052 51 2892 52 51
4017 49 9881 48 2660 50 48
4940 50 13585 51 2640 52 50
2732 50 22105 53 3971 54 50
5304 50 15837 51 3330 54 50
3736 47 10584 48 2776 52 47
2576 52 16083 52 3217 54 52
5286 50 13899 50 2737 51 50
3198 49 12275 50 2970 53 49
3349 55 15839 55 3866 56 55
3132 57 20031 57 3751 59 57
2609 51 14946 51 3280 53 51
5691 49 17482 50 3249 53 48
5285 56 19081 56 3812 58 56
4935 54 16126 54 4189 57 54
12932 51 20580 53 3279 57 51
2816 53 18991 53 3132 54 53
2751 49 14084 51 3158 52 49
2820 53 14557 53 4552 55 53
3325 53 13861 52 3297 56 52
3257 54 16374 54 4721 57 54
6737 52 16547 53 3946 55 51
5987 52 13722 52 3197 54 52
3175 53 16885 54 4124 56 53
4294 54 30039 53 3366 56 53
4444 48 10407 48 2458 51 48
10407 57 23097 57 4448 58 57
3866 47 11442 47 2736 50 47
3856 51 14781 52 3940 57 51
3394 50 12290 50 2683 52 50
3731 55 17164 55 2994 56 55
3326 54 20157 54 4005 56 54
2490 49 15577 49 2781 51 49
12739 54 20021 54 3701 56 54
3317 55 24419 55 3132 56 55
3538 52 12514 52 2996 53 52
2772 53 14649 53 3431 55 53
3038 56 21598 56 4319 57 56
9550 52 12906 52 3609 56 52
