3121 55 14216 55 3437 56 55
4383 54 16274 56 2736 56 54
3679 50 11000 52 2236 53 50
3440 52 16411 53 3399 55 52
3471 54 11355 53 2811 55 53
2766 54 13996 54 3169 55 54
3093 54 12647 54 3245 56 54
4409 52 15187 54 3682 56 51
3037 50 16996 51 3630 55 49
9404 54 15813 55 4065 57 54
2984 51 14481 52 3061 55 51
4288 54 17942 54 2952 56 54
3323 57 19985 57 2915 57 57
2882 54 11587 53 3113 55 53
3117 52 13174 52 2593 53 52
4883 53 12715 53 3227 55 53
3428 58 16209 58 3084 58 58
2712 52 11550 52 2693 54 51
4838 52 11892 52 2724 54 52
3648 48 14174 51 2805 52 48
2336 48 9137 48 2296 49 48
2675 55 15752 55 2658 55 55
4107 54 13673 53 2826 55 53
2605 52 11073 51 2758 53 51
2432 51 12810 52 2985 54 51
2903 50 11342 50 2744 52 50
12499 58 19647 58 3589 58 58
2636 51 13319 52 3374 56 51
7124 53 14769 53 3585 56 53
2807 54 15199 55 3187 56 54
2721 51 10798 52 2681 53 50
3148 56 15796 56 3638 58 55
9743 55 15880 56 4365 58 55
18378 54 14920 53 3206 55 53
2859 49 14468 50 2694 51 48
5348 51 11496 51 3788 57 51
5422 57 16534 57 3461 58 57
8171 53 14495 53 3363 55 53
2785 52 17356 53 3229 53 51
2991 50 15600 51 3328 54 49
2860 52 13995 53 3269 56 52
3086 51 11973 51 3050 53 50
3194 54 18541 53 3366 55 52
3570 51 9998 49 2391 50 49
2417 51 11577 52 3474 55 51
5193 52 12834 52 3429 55 52
4342 55 16791 55 3908 56 55
3189 53 15139 54 3364 57 53
3036 50 14254 52 3951 56 50
3251 57 24653 57 4271 58 57
