112684 52 194835 53 6705 54 52
518765 52 394591 53 17960 60 52
582661 51 99128 51 8890 54 51
523945 52 247916 52 7927 56 52
88682 50 136151 51 9708 56 49
137555 54 190521 54 9356 56 54
236850 55 384222 55 14516 60 55
30049 56 238299 56 7565 57 56
287587 53 166560 53 9385 55 53
384992 51 175653 53 11830 58 51
278327 54 174597 54 10026 59 54
412390 53 217423 53 14882 57 53
178967 50 161016 50 9313 53 49
91397 48 111405 50 8734 53 48
78384 52 150870 53 8997 57 52
399284 54 254285 55 10329 57 54
216445 50 89480 50 8348 54 50
192667 54 276613 56 7646 56 54
207321 54 232962 54 10301 55 54
396653 52 169235 53 14865 59 52
162753 53 168976 54 9473 58 53
85382 54 207163 54 7159 56 54
130664 52 129605 52 7139 54 52
547478 55 192494 55 10778 57 55
220205 51 164792 52 7335 55 51
460597 54 292564 55 10430 59 54
331550 50 197677 52 7515 54 50
379149 50 177456 52 8423 55 50
492712 52 209522 54 11792 57 52
534278 54 294991 54 8134 56 53
328047 54 157409 54 9342 57 54
135569 54 219518 54 10141 56 54
