35509 50 92894 51 5913 55 50
41362 50 62247 49 6860 52 49
34180 54 112382 54 6116 56 53
44035 55 106051 55 7397 59 55
26953 50 81610 51 6465 55 50
353046 56 140711 56 8483 58 55
53101 54 95686 55 6218 56 54
76837 51 60871 52 7146 56 50
79409 57 144082 57 8801 57 57
55540 55 142922 56 7458 56 55
79156 51 83383 53 11253 58 51
25682 51 44569 51 5545 53 51
54142 52 83867 54 8264 58 51
72444 53 79352 51 7139 53 51
51529 52 91180 53 7834 58 50
39319 55 100831 55 6968 57 55
48142 52 117514 54 8930 60 52
55326 53 81468 53 8757 59 51
52122 54 83493 53 8422 56 51
36312 57 156827 57 8668 57 57
498701 56 184780 56 7579 58 56
60713 55 115250 56 7075 56 54
118775 52 111496 53 7608 57 52
70731 55 132142 56 8200 57 55
43547 52 52502 51 8421 55 50
81857 53 156786 55 10008 60 53
34262 51 72914 52 7000 55 51
77895 54 72750 55 7552 58 54
66890 50 65868 49 6597 54 49
31136 51 54647 52 6485 56 51
144251 53 99811 53 6560 56 53
36778 54 166932 55 5282 56 54
47832 50 62863 52 6635 55 50
26737 51 57901 51 4523 52 51
50453 52 61091 53 7329 58 52
73740 54 98014 55 5850 55 53
63701 54 161840 54 5980 56 54
35703 53 50565 52 5802 55 52
12535 54 109109 55 6848 58 54
197906 53 69670 53 7030 56 50
145891 56 184862 56 7845 57 56
44079 52 68688 52 7058 57 51
90123 50 86923 51 7540 55 50
84878 53 102034 53 7050 56 53
17186 52 50172 50 5373 54 50
434563 50 72088 53 6722 56 50
73534 53 61570 53 7150 58 53
59980 54 84110 54 5749 56 54
55695 54 162973 54 7206 58 54
101794 54 114271 54 7963 58 54
