6337 55 26915 55 3535 56 55
27146 58 61491 58 4877 58 58
13731 52 27532 52 3059 53 52
9256 52 22273 53 5164 57 52
5353 55 29086 55 4000 56 55
10932 50 20077 50 3746 53 49
14009 53 28762 53 3133 54 53
3978 50 15380 50 3482 52 50
8498 52 27189 52 3466 54 52
6105 51 20675 51 3392 52 51
9410 53 24183 53 3264 53 53
6870 54 29314 54 3787 56 54
3691 51 23455 52 3221 53 50
5504 51 26289 53 4221 57 51
5232 53 32604 54 3695 55 53
7757 51 21155 51 3229 53 51
18541 50 17571 51 3140 54 50
4654 50 22651 52 4213 54 50
14701 56 33564 56 4552 57 56
5077 53 18559 53 3632 55 53
5400 55 34515 55 4127 57 54
10153 51 30292 51 4775 56 51
4423 56 28700 56 3641 56 55
4382 51 23285 52 3622 54 51
8882 53 36918 54 3631 56 53
28969 53 33798 53 3683 55 53
13803 52 24305 52 3948 55 52
5588 55 23937 55 3373 55 55
3456 53 27060 54 3979 56 53
7609 49 28806 50 4687 54 49
19573 56 49754 56 5461 59 56
4538 57 45303 57 3902 57 57
11938 51 23873 53 4263 56 51
23670 55 52008 56 4407 57 55
4563 58 32542 58 4909 58 58
3347 56 30868 56 5492 59 56
8605 53 27828 54 4906 57 53
3700 56 36601 56 3620 56 56
9805 50 26697 51 3871 53 50
3857 51 29604 52 4049 55 51
10550 52 21983 52 4054 56 52
10468 52 25234 52 4558 55 52
5343 53 34950 53 3627 56 53
10293 53 25515 53 4345 56 53
16537 50 24303 52 4404 55 50
12224 57 29418 57 4199 58 57
7193 49 22578 50 4270 53 49
22490 57 38116 57 4650 57 57
12741 49 32824 52 4232 53 48
6805 56 35634 56 3941 57 56
