20 107 855 86
20 109 545 89
20 95 457 67
20 103 557 77
20 100 510 78
20 109 532 89
20 119 672 102
20 95 404 78
20 118 576 92
20 100 497 81
20 104 461 84
20 102 388 98
20 101 426 74
20 102 555 88
20 97 405 90
20 99 458 72
20 111 599 95
20 103 414 76
20 106 437 93
20 128 668 101
20 102 535 82
20 105 515 93
20 116 678 94
20 100 403 77
20 86 390 78
40 107 1183 86
40 110 1277 89
40 96 838 82
40 109 977 82
40 114 1506 90
40 114 1328 89
40 119 1604 102
40 97 933 78
40 118 1262 92
40 103 1088 81
40 113 1264 88
40 113 1591 102
40 108 1269 88
40 118 1597 105
40 97 837 90
40 116 1569 93
40 111 1233 95
40 123 1742 104
40 119 1450 94
40 128 1791 101
40 102 958 82
40 111 1308 93
40 116 1379 94
40 117 1621 97
40 113 1284 95
60 108 1837 86
60 110 1907 89
60 100 1318 82
60 113 1938 91
60 114 2316 90
60 115 2179 101
60 119 2633 102
60 107 1711 82
60 118 2163 92
60 117 2475 93
60 123 2367 96
60 113 2432 102
60 120 2557 101
60 120 2784 105
60 114 2054 92
60 123 2841 93
60 111 2259 95
60 130 3329 104
60 119 2321 94
60 128 2816 101
60 105 1637 82
60 111 1978 93
60 116 2330 94
60 117 2387 97
60 114 2267 95
80 123 3840 115
80 110 2984 89
80 104 2203 82
80 128 4730 112
80 122 3969 96
80 116 3204 101
80 119 3494 102
80 107 2324 83
80 124 3554 113
80 117 3411 93
80 123 3376 96
80 123 4508 102
80 120 3539 101
80 120 3680 105
80 117 3025 92
80 123 3499 93
80 111 2965 95
80 130 4310 104
80 119 3565 94
80 128 3824 101
80 119 3863 96
80 123 3908 107
80 116 3072 94
80 119 3666 97
80 114 2756 95
100 124 4946 115
100 118 3932 90
100 106 2755 82
100 128 5787 112
100 122 4777 96
100 118 4476 101
100 121 4731 102
100 109 2963 83
100 124 5022 113
100 117 3948 93
100 123 4761 96
100 125 5140 102
100 122 4709 101
100 120 4186 105
100 117 4045 92
100 123 5193 101
100 117 4197 95
100 130 5676 104
100 119 4570 94
100 128 5178 101
100 119 4445 101
100 123 5386 107
100 118 3985 94
100 119 4357 97
100 115 4176 95
120 124 6347 115
120 128 6425 110
120 116 4958 95
120 128 7334 112
120 122 6755 96
120 130 6996 108
120 122 6175 102
120 110 4265 83
120 124 6103 113
120 117 5235 93
120 123 5832 96
120 125 7201 102
120 122 6684 101
120 120 6126 105
120 117 5046 92
120 123 6236 101
120 119 5931 95
120 130 6855 104
120 120 5646 97
120 128 7649 101
120 119 5663 101
120 123 6402 107
120 118 5663 94
120 119 5649 97
120 116 5115 95
140 127 8958 115
140 128 7944 110
140 116 6314 95
140 128 8640 112
140 122 7208 96
140 130 8628 108
140 122 7548 102
140 119 6275 97
140 130 8554 113
140 117 6004 93
140 123 6928 96
140 125 7717 102
140 123 7753 101
140 120 7055 105
140 117 6258 92
140 123 7499 101
140 119 6630 95
140 130 8024 104
140 126 7959 109
140 128 7863 101
140 124 7081 101
140 127 8366 107
140 118 6101 94
140 120 6870 97
140 116 6253 95
160 127 9330 115
160 128 9653 110
160 116 7778 95
160 128 9436 112
160 122 8692 96
160 NaN NaN NaN
160 122 9412 102
160 119 7182 97
160 131 9814 113
160 117 6896 93
160 123 7907 96
160 125 9150 102
160 124 8784 101
160 120 8222 105
160 117 7287 92
160 124 9060 101
160 119 7739 95
160 130 9614 104
160 126 9202 109
160 128 9275 101
160 124 9029 101
160 127 9063 107
160 119 6961 94
160 126 8436 109
160 116 6803 95
180 127 10716 115
180 130 10402 110
180 125 10109 106
180 128 10284 112
180 122 9433 96
180 130 10728 108
180 122 9820 102
180 119 8183 97
180 131 11327 113
180 117 7819 93
180 123 9227 96
180 125 10005 102
180 124 10199 107
180 120 8868 106
180 117 8395 92
180 124 9833 101
180 120 10021 103
180 130 11116 104
180 126 10318 109
180 128 10204 101
180 124 10273 101
180 127 10186 107
180 123 9690 97
180 127 10336 109
180 116 8769 95
200 127 11349 115
200 130 12295 110
200 131 12116 106
200 130 12680 112
200 122 10003 96
200 130 12551 108
200 122 10544 109
200 120 9937 97
200 131 11933 113
200 117 9291 93
200 123 9539 96
200 125 11387 102
200 124 11051 107
200 120 10231 106
200 117 9018 92
200 124 11457 101
200 120 9982 103
200 130 13096 104
200 126 10967 109
200 128 12173 101
200 124 10440 101
200 127 11946 107
200 123 9778 97
200 127 12309 109
200 124 10675 102
220 127 13161 115
220 130 13185 110
220 131 13217 106
220 131 14478 112
220 122 11413 96
220 131 13481 108
220 122 11639 109
220 120 10552 97
220 131 13623 113
220 117 10087 93
220 131 14863 104
220 125 12825 102
220 124 12899 107
220 121 11706 106
220 117 10254 92
220 124 13486 101
220 120 12211 103
220 130 14440 104
220 126 13197 109
220 128 13541 101
220 125 13472 101
220 127 12834 107
220 123 11215 97
220 127 13799 109
220 124 12400 102
240 127 14422 115
240 130 14851 110
240 131 14725 106
240 133 17346 112
240 122 12440 97
240 131 15205 109
240 122 13305 109
240 120 12126 97
240 131 14989 113
240 117 11750 93
240 131 14478 104
240 125 13599 102
240 124 13893 107
240 121 12932 106
240 117 10653 96
240 125 14289 101
240 120 12046 103
240 130 14294 104
240 131 15456 110
240 130 15046 104
240 125 12576 101
240 127 14168 107
240 125 12902 97
240 127 14324 109
240 124 13680 102
260 127 15691 115
260 130 15836 110
260 131 17230 106
260 133 18053 112
260 122 14549 97
260 131 16427 109
260 129 16253 109
260 120 13006 97
260 131 16987 113
260 121 13936 93
260 131 16005 104
260 125 15395 102
260 125 14993 107
260 130 16439 107
260 117 13124 96
260 125 14654 101
260 120 14480 103
260 130 17509 104
260 131 17494 110
260 139 20586 114
260 125 15326 101
260 127 16485 107
260 125 14373 97
260 127 16001 109
260 124 14773 102
280 127 17952 115
280 130 18655 110
280 131 19685 106
280 134 20429 112
280 122 16094 97
280 131 19024 109
280 129 18538 109
280 120 14886 97
280 132 19126 113
280 126 17316 102
280 131 18591 104
280 125 17790 102
280 125 17676 107
280 130 17819 107
280 117 14525 96
280 125 17671 101
280 121 16389 103
280 130 18132 104
280 131 19117 110
280 139 21564 114
280 125 16327 101
280 127 18367 107
280 125 16669 97
280 127 18528 109
280 124 17004 102
300 127 19796 115
300 130 19345 110
300 131 19786 106
300 134 21298 112
300 122 16281 97
300 131 20200 109
300 129 18814 109
300 120 15844 97
300 132 20400 113
300 130 19584 102
300 131 19424 104
300 125 18432 102
300 125 18846 107
300 130 18676 107
300 127 18673 109
300 125 17896 101
300 121 16894 103
300 130 19496 104
300 131 19328 110
300 139 22492 114
300 127 18517 101
300 127 18648 107
300 125 17314 97
300 127 20193 109
300 124 17417 102
