100 8495 2239 8200
100 8694 2054 8427
100 9182 2239 8807
100 7588 1847 7318
100 9162 2460 8888
100 8886 2655 8526
100 9531 2835 9238
100 8850 1809 8530
100 8685 1933 8484
100 10099 1727 9806
100 9839 2555 9560
100 8403 2661 8168
100 8466 2203 8222
100 8848 1688 8601
100 8797 1634 8520
100 7909 2614 7667
100 9132 1766 8884
100 8620 2583 8345
100 8433 2366 8247
100 9148 2454 8866
100 9336 1259 8994
100 9321 3009 8921
100 9212 3022 8895
100 9434 2312 9195
100 8193 1916 7958
150 13012 3067 12577
150 13650 6378 13257
150 13843 3862 13288
150 12310 4303 11858
150 13684 4464 13272
150 13616 5255 12872
150 13733 5929 13230
150 13173 4064 12728
150 13033 4437 12631
150 14627 4562 14048
150 14176 5611 13775
150 13298 3635 12822
150 12873 6672 12380
150 12934 6252 12562
150 13270 3130 12845
150 12560 3790 12122
150 13301 4344 12858
150 12817 5230 12298
150 12836 6061 12451
150 13162 5099 12757
150 13878 4047 13387
150 13886 5768 13364
150 14273 5830 13795
150 14012 9543 13657
150 12639 5306 12104
200 17655 8060 17058
200 17616 12926 17102
200 18562 11491 17747
200 16891 9347 16228
200 18101 7956 17481
200 17827 13736 16950
200 18182 15482 17532
200 17245 6534 16650
200 17686 8241 17140
200 19144 8855 18339
200 18805 12134 18265
200 17570 7655 16929
200 17178 15186 16397
200 17327 11152 16679
200 17427 7306 16719
200 16519 10781 15981
200 17342 12513 16775
200 17723 8902 16874
200 16741 13020 16182
200 17831 6623 17369
200 18417 11562 17549
200 18499 11608 17708
200 18868 13126 18048
200 18591 15895 18065
200 17116 8548 16363
250 22128 19778 21216
250 22168 22669 21435
250 22730 23744 21739
250 21414 16031 20446
250 23285 13792 22503
250 22403 20222 21272
250 21821 24040 20985
250 21708 14785 20622
250 22309 17201 21436
250 23470 20216 22476
250 23082 22665 22364
250 21834 15627 20745
250 21911 28948 20907
250 22165 22382 21167
250 21706 19890 21019
250 20740 20810 20153
250 22278 17976 21407
250 22267 20792 21013
250 21598 19054 20527
250 22669 16745 21884
250 23026 17248 21806
250 23280 22438 22301
250 23335 22884 22412
250 22924 27134 22041
250 21730 15686 20714
300 26354 37511 25074
300 26505 41399 25445
300 27335 43263 26078
300 25672 28449 24410
300 28199 31450 26914
300 26799 33905 25424
300 26543 38889 25336
300 26141 29343 24758
300 26535 28775 25577
300 27691 37951 26335
300 27932 35659 26971
300 25826 28208 24465
300 26209 46613 25018
300 26510 35171 25437
300 27015 34582 25600
300 25348 32198 24473
300 26478 29634 25332
300 26341 37734 24796
300 26156 29504 24852
300 27480 30494 26302
300 28805 27500 26404
300 27106 42512 25895
300 27427 42747 26314
300 27028 40618 26045
300 26041 25204 24776
350 30921 47722 29505
350 31160 65415 29720
350 31502 73840 29952
350 29666 42315 28222
350 33865 51246 31375
350 31766 55634 29931
350 31198 54383 29431
350 31011 42783 29318
350 31577 47377 30305
350 32574 62268 30830
350 32939 58842 31401
350 29972 51125 28400
350 30784 67517 29129
350 30608 55996 29356
350 31809 65016 30038
350 30157 45697 29064
350 30702 50679 29385
350 30674 63629 28866
350 30724 50068 29161
350 32244 49180 30883
350 33465 53830 30753
350 31960 59763 30472
350 31805 73460 30587
350 31429 57981 30266
350 30462 50639 28945
400 35617 82268 33706
400 35807 105272 34076
400 36517 110607 34516
400 34548 75179 32570
400 38349 84478 35456
400 36208 89298 33977
400 35850 77769 33757
400 35700 76732 33659
400 36449 78524 34751
400 36902 130552 34575
400 36822 94869 35083
400 34350 82220 32526
400 35222 107117 33247
400 35122 84205 33593
400 35902 100888 33878
400 34642 73010 33367
400 35353 78978 33656
400 35654 96872 33716
400 35337 86656 33443
400 36629 76581 35095
400 37653 84306 35219
400 37375 96728 34864
400 36100 102635 34466
400 36398 79063 34417
400 35406 72476 33479
450 40370 114305 38160
450 40631 147055 38606
450 40923 148231 38701
450 38874 107193 36685
450 43489 133668 40156
450 40860 126155 38337
450 40462 109080 38143
450 40034 131392 37754
450 41187 114339 39194
450 41505 177766 38881
450 41457 136789 39240
450 39347 126962 37024
450 40383 137710 37638
450 40021 118556 38158
450 40512 135140 37901
450 39674 116416 37493
450 39922 121548 37763
450 40013 139024 37872
450 39541 124320 37528
450 41382 117165 39179
450 41686 125788 38956
450 41664 139034 39437
450 40522 141458 38683
450 40638 129172 38433
450 39527 114624 37365
500 44410 185223 41885
500 46074 225099 43035
500 45085 205028 42718
500 43235 154884 41023
500 48196 186842 44415
500 44952 177658 42102
500 45315 160401 42738
500 45227 187576 41891
500 46563 177083 43626
500 46240 236617 43277
500 45980 194028 43711
500 44070 185024 41704
500 45179 205926 41970
500 44620 170372 42520
500 44996 191346 42141
500 44437 175689 41939
500 44898 177693 42027
500 44996 197065 42606
500 44502 175042 41928
500 46384 169993 43689
500 45536 190924 42909
500 46132 194518 43677
500 44889 198705 42828
500 45193 189274 42669
500 43617 168991 41024
550 48112 244478 45350
550 50332 291359 46925
550 49763 293847 47005
550 48861 218770 46040
550 53280 251706 49183
550 49608 250505 46434
550 50075 229512 46732
550 49936 233055 46256
550 51040 275223 47582
550 NaN NaN NaN
550 51551 280344 47724
550 48937 250418 46230
550 49705 261061 46186
550 49112 228215 46790
550 48861 261675 46462
550 48811 251886 46019
550 49346 255314 46416
550 48872 263169 46262
550 49548 245874 46311
550 51470 232586 48395
550 50553 276412 47159
550 51654 265050 48399
550 49434 269155 47218
550 50591 254739 47225
550 48009 235254 45716
600 NaN NaN NaN
600 NaN NaN NaN
600 NaN NaN NaN
600 53760 291763 50568
600 NaN NaN NaN
600 NaN NaN NaN
600 54757 300246 51164
600 NaN NaN NaN
600 NaN NaN NaN
600 NaN NaN NaN
600 NaN NaN NaN
600 NaN NaN NaN
