165622 56 157498 52 5293 57 52
600000 52 76283 52 165136 62 52
332383 49 58751 50 6725 57 48
600000 50 600000 50 28778 62 50
600000 49 112696 51 8428 58 49
110963 55 227792 55 327316 62 53
135882 53 168180 53 6938 57 53
600000 55 133366 55 55687 62 55
437898 57 226841 57 7428 60 57
100035 52 57132 52 4836 56 52
600000 54 106759 56 6596 58 54
186451 55 297830 55 7097 57 54
131980 52 104534 52 5813 57 52
399432 56 169917 56 7644 58 56
600000 57 113756 57 6867 59 57
600000 55 70981 55 5589 59 55
600000 52 325954 54 7844 57 52
336181 53 67894 53 5904 58 52
341743 55 370964 54 19989 64 52
600000 54 140249 54 6583 58 54
170532 51 58827 52 7366 56 50
600000 52 168800 52 10901 60 52
600000 53 391690 54 15146 62 53
281277 53 55897 53 5038 58 53
100838 54 120321 54 6533 59 54
443425 58 171231 55 20146 64 54
600000 54 512641 54 9135 60 54
600000 53 104343 53 35868 60 53
600000 52 445978 52 6174 60 52
600000 49 112338 52 23584 60 49
103014 54 160444 56 5489 60 54
308237 54 274825 54 11486 60 54
600000 54 264921 55 22496 63 54
600000 51 94712 53 6617 57 51
600000 51 68518 53 6642 58 51
602252 53 248804 55 9612 60 53
600000 55 101236 55 13345 61 55
600000 54 103829 54 9208 60 54
419073 52 485715 54 8392 61 51
249472 57 101180 52 12537 59 52
210057 52 63739 52 6483 57 51
600000 53 116342 53 6051 58 53
600000 50 69674 51 10044 58 50
600000 50 194318 50 7273 57 50
600000 52 336422 52 46949 61 52
271859 53 62220 53 6614 58 53
134860 54 561426 53 6658 59 53
102151 51 54282 52 7625 58 51
467359 57 176928 57 7472 62 57
600000 53 109475 53 6390 58 53
