47650 52 23995 50 3346 55 48
196710 52 35622 49 8651 56 48
182207 56 74471 56 6120 59 56
29991 55 38732 54 4933 58 54
94476 54 97149 53 13668 63 53
33070 51 26521 51 4281 59 51
95930 54 50845 54 5654 59 54
175745 55 43591 55 5379 59 55
202259 51 28042 51 3606 57 51
240617 58 46493 57 6011 59 57
83113 57 56623 55 13011 65 53
600000 52 36065 52 4220 57 52
284915 55 45663 55 2815 56 55
157033 51 21617 47 4791 55 47
254612 52 81244 52 7097 59 50
600000 57 44503 57 3879 57 57
118048 53 23752 51 4592 56 51
64798 55 36141 55 7108 59 55
144602 55 42586 55 3645 56 51
600000 54 57955 55 17928 61 54
383329 54 49073 54 5755 60 52
90688 57 82036 57 5933 58 57
344881 54 29178 52 5907 58 52
600000 50 44842 51 6048 57 50
29189 53 52937 52 4678 60 52
78085 54 42410 53 3653 56 53
600000 49 63599 49 13873 59 49
164177 52 45487 52 5944 58 50
47791 54 42760 54 4756 59 54
600000 56 245507 56 5797 58 56
33316 50 20534 50 4326 55 50
76537 49 38335 52 4809 58 49
600000 54 46240 55 20198 63 54
18414 53 16892 49 2967 52 49
51254 55 36573 56 5295 57 55
167143 53 35929 53 4353 56 53
77539 55 37288 56 8649 61 55
53828 53 30747 52 4720 57 52
600000 53 600000 53 4845 59 53
304408 56 38039 54 3335 55 54
104894 54 51622 53 4324 59 52
487290 57 54579 56 4802 57 56
83348 56 48128 55 4228 57 54
50680 51 28132 51 2774 53 51
156938 54 46872 53 4150 57 53
20457 53 24562 52 3855 56 51
111327 56 67374 56 3719 56 56
82951 51 50855 52 9080 58 50
65679 52 25711 52 3541 56 51
29233 51 31096 51 10953 57 51
