474354 53 217861 53 13176 62 53
600000 51 183493 51 9534 59 51
176385 52 98512 53 6711 57 52
600000 52 87150 52 7079 58 52
352567 55 89666 55 5704 57 55
97368 53 107261 53 5605 57 53
372691 56 226865 53 33648 65 52
600000 54 287360 54 9014 57 54
117734 54 138338 55 6659 58 52
600000 54 98017 57 5898 58 54
385791 55 105082 54 7186 59 54
600000 53 374263 55 45210 64 53
434149 55 301748 55 5611 57 55
500228 54 139780 54 6648 58 54
422836 53 95603 52 29397 61 51
600000 51 177936 53 42921 64 51
260687 55 97252 52 15810 60 52
600000 53 600000 53 5390 57 53
600000 57 241408 57 7984 58 57
600000 55 600000 55 8570 57 55
600000 54 83584 54 10844 60 54
247580 53 200264 53 9623 59 52
600000 53 318416 54 14116 60 53
600000 51 127671 52 5146 56 51
600000 52 340940 52 5747 56 52
206666 50 125224 52 6102 56 50
90773 51 504200 52 7427 57 50
582787 56 244692 57 13513 62 56
600000 52 258114 52 10617 56 52
600000 51 422966 52 11957 61 51
600000 55 103891 55 10233 59 55
283066 55 85995 55 7350 59 55
600000 54 327464 55 10980 61 54
287933 55 191206 56 5776 58 53
600000 50 95310 50 6606 56 50
600000 52 179054 52 8721 58 52
600000 50 341869 53 38880 61 50
582068 53 100962 52 29508 59 52
600000 50 285210 52 34576 65 50
600000 55 152903 55 11085 59 55
369279 53 92353 52 6562 57 52
600000 51 154406 52 5188 56 51
600000 52 230648 52 157865 62 52
600000 55 600000 55 17122 60 55
228579 53 117189 51 9720 59 51
600000 53 151543 53 7969 57 53
257807 53 147384 54 22451 59 53
457667 54 386860 54 7643 59 54
600000 50 187386 52 11714 58 50
600000 56 600000 56 11964 59 56
