20119 191 12796 211 136
22118 195 13034 212 146
22511 208 13612 218 146
22180 194 12980 209 155
21609 192 13371 212 152
20796 198 13087 206 135
22723 199 13067 219 159
21400 191 13712 212 154
23910 208 13347 218 166
19807 191 13805 217 150
25738 202 13754 221 168
20382 196 13224 209 137
21454 194 13269 213 158
22052 200 13285 218 149
22145 200 13445 221 165
21862 201 13661 215 152
19787 186 13332 216 141
18987 193 12847 205 141
20926 189 13318 213 144
20922 185 13698 220 142
21043 195 13803 211 156
21665 199 13416 216 156
21685 200 13006 207 157
22556 191 12981 208 151
20344 194 12595 208 139
22409 198 13449 211 156
19579 192 13232 210 153
23427 201 13430 221 162
22461 196 13729 220 153
21159 196 13929 219 145
20369 191 13281 210 148
20433 196 14038 218 145
20268 194 13560 215 144
23302 196 12980 212 156
20130 195 13682 208 153
23528 197 14083 211 164
22897 198 13792 212 160
24853 201 14326 228 166
19536 185 14039 213 145
23946 207 14666 222 165
19700 182 13636 213 138
22576 191 14542 216 149
22225 195 13979 221 161
21187 190 13955 213 151
23074 197 13300 216 162
21353 189 14197 224 149
19402 187 13247 212 154
21823 188 13861 209 142
22637 194 14145 213 152
20471 185 13701 208 147
