98595 208 34071 231 161
128064 216 36150 240 168
178645 217 47674 244 175
122023 205 40995 234 150
235663 211 41882 241 159
113700 208 36241 230 152
139056 213 39558 237 168
108718 208 38848 236 155
108811 212 36458 236 153
156923 209 40738 236 161
354372 207 39724 231 158
113638 208 47014 231 159
142041 211 36399 236 166
137141 207 37549 233 150
740227 204 43184 232 157
96238 202 33862 227 148
145568 203 38826 241 152
137171 216 40349 240 168
136759 211 46689 237 147
128182 208 39543 241 154
757270 215 44075 237 156
82299 201 33858 232 147
139554 212 39979 236 162
118843 209 35746 229 157
194226 211 34901 230 162
721232 200 38113 235 149
133959 211 36740 231 157
123714 212 37115 236 155
94467 216 35465 238 156
187013 216 40524 234 155
180400 205 46435 229 154
133456 212 37909 237 169
111056 201 38643 237 152
120020 209 34549 234 148
97162 213 42528 237 166
89989 208 40350 230 151
137618 210 38583 234 159
92484 205 42517 229 156
87017 205 42770 238 149
125038 204 33545 230 154
