32521 201 17173 222 163
29094 197 16790 216 153
36777 202 17539 215 157
27632 195 17249 232 147
28114 194 17123 211 143
26633 192 17314 215 145
32254 202 17869 218 153
33623 199 16942 217 162
30937 195 17088 220 151
28815 195 17540 223 152
32781 196 17292 226 155
26328 197 17220 214 149
29286 200 16861 222 142
33199 204 18178 225 160
30855 199 16949 221 161
33040 197 16656 219 158
28671 190 16697 221 151
28444 192 17377 219 151
29448 191 18574 218 137
32899 198 18684 225 158
29031 196 17270 215 151
29019 195 17043 214 157
29093 197 17382 213 147
36624 202 17246 219 161
34914 212 17182 217 164
29877 193 18187 229 156
31816 208 17219 219 163
32737 203 17214 219 153
27972 192 17788 220 149
44467 203 17166 226 166
30679 194 17348 218 154
30316 195 17970 218 151
29715 197 17364 217 162
30913 201 17472 223 146
28561 199 17601 216 146
33950 202 18047 225 168
29102 195 17731 224 154
31090 197 18118 225 149
29933 200 16898 222 155
31444 196 17251 215 150
25005 187 16550 216 145
28444 195 17340 218 140
29573 194 17165 219 152
29506 190 16854 222 144
28442 194 17749 215 153
25961 191 17230 221 147
32061 199 18451 219 156
26643 189 17206 214 145
29451 195 17656 223 145
30819 199 17346 216 151
