67938 200 31737 228 153
60891 202 30664 227 156
115620 210 33195 228 160
74813 210 31980 232 169
67535 203 30978 236 140
89981 209 30685 228 156
75601 204 31694 225 159
80534 208 34712 240 170
93080 210 33228 237 170
68249 203 30553 226 157
96228 206 31635 236 154
77726 214 28546 229 157
69388 213 33867 237 172
71240 214 39328 233 160
109124 204 36420 232 151
86147 203 32944 230 156
61711 201 29532 224 151
74295 210 31688 234 170
678450 210 34078 226 154
71386 201 29383 234 152
90609 210 31256 227 152
82495 211 33471 227 165
78780 206 32145 232 149
68778 202 35265 225 159
64855 205 33473 232 160
102115 210 29781 231 165
67381 207 31533 227 156
70998 203 31281 234 156
57117 195 30359 233 144
83130 205 37260 233 156
56378 195 29327 234 149
71014 201 31624 234 148
58405 198 32340 232 149
77828 215 30261 237 172
71611 201 33578 236 152
83189 203 34501 234 154
64962 204 30024 227 152
73274 214 30583 237 166
79892 205 31943 230 160
124533 208 43330 236 168
65444 207 29824 230 155
81140 208 29430 226 163
95695 208 30907 233 165
94363 220 32084 243 171
86771 206 39283 230 156
98834 204 30638 229 151
90600 211 34270 237 166
77536 211 32006 232 160
