54264 206 26452 229 162
54097 204 25338 229 161
50156 200 26139 225 156
65382 209 26765 229 157
49648 202 23930 219 154
54892 202 25850 228 155
45025 198 27656 229 151
52837 200 24651 226 150
70904 205 25824 226 158
54871 198 25577 226 146
62648 203 26066 229 154
60052 204 25738 226 161
60761 216 26242 238 162
51959 197 25161 226 151
59366 203 26696 226 164
51908 196 26133 228 140
62230 204 25437 227 163
53035 196 26710 226 144
43029 202 24234 217 141
48171 196 25470 229 146
70495 201 24206 231 156
56727 206 28047 228 160
52353 201 29394 228 147
48341 200 25692 231 153
55277 204 26456 227 159
58893 206 29082 229 154
63016 198 26070 222 147
56398 205 26572 226 152
57412 206 26033 224 156
60007 204 26325 228 159
54308 215 25634 234 168
59184 206 26953 225 162
53439 209 26155 232 150
52468 203 27879 223 157
71285 209 30706 226 158
127156 204 25658 223 157
55071 203 25004 229 153
51120 200 26836 227 149
50287 205 25993 225 152
68142 202 25569 227 157
53458 207 25172 228 158
60128 209 26785 226 153
82706 210 28522 239 170
62955 212 29208 225 164
51252 201 25507 224 154
75097 207 24649 223 164
59476 209 29440 234 166
52474 192 28269 226 147
51351 202 24918 227 164
52884 200 29186 230 150
