9683 192 9066 199 160
9968 191 9056 200 158
9768 177 9097 188 149
9578 185 9496 201 155
9382 180 8661 199 144
9450 177 8874 195 143
8700 174 8945 193 134
8510 176 8809 197 118
9486 180 8996 198 145
9669 186 8673 195 148
10295 197 8695 189 153
9864 175 9160 198 136
9737 175 9108 205 140
9826 189 9139 196 150
8849 174 9080 195 143
9876 193 9113 195 159
8919 171 9047 201 141
9451 170 9138 198 135
9179 190 8974 196 152
8650 194 9114 191 138
9961 183 8927 199 146
9087 189 9309 195 151
9480 182 9194 202 139
9763 186 8909 197 148
9875 186 9058 203 159
10018 189 8891 209 166
9569 185 9033 192 152
11010 207 8878 214 171
9744 192 8923 204 157
9407 187 8765 193 155
8257 169 8932 193 134
8378 164 8582 193 136
9271 186 9006 190 154
8039 170 8788 191 138
8530 180 8563 197 124
9096 190 9105 203 163
8477 172 8718 194 141
8865 181 8697 197 150
8115 171 8745 199 140
9121 187 9019 198 154
9200 179 9073 198 145
9637 177 8802 202 140
8519 189 8911 198 130
8737 174 8453 184 133
8771 177 8684 191 148
9866 192 8729 207 168
8451 172 8768 204 144
8212 171 8389 197 146
9537 188 9059 201 154
9151 177 8555 208 142
