14900 187 10721 202 151
15155 194 10919 209 161
14928 202 11028 213 154
15203 193 10881 205 145
15545 184 10629 202 146
13168 178 10531 207 142
13437 181 10516 209 140
14173 191 10653 205 148
13893 198 10469 201 157
14040 186 10356 200 150
13885 185 10774 199 139
13407 178 10627 218 142
14745 200 10699 209 161
14594 190 10684 206 154
14614 188 10582 208 148
15183 197 10609 204 159
13730 180 10389 199 145
12774 182 10778 210 141
15044 184 10443 209 140
13494 189 10797 200 151
14521 187 10165 197 141
15384 195 10493 201 153
13761 189 10717 211 153
13897 184 10458 203 144
13350 187 10348 201 151
14055 185 10869 215 149
15086 198 10633 207 149
14155 192 10778 204 144
13070 189 10983 215 160
13824 190 10867 211 155
14215 184 10431 209 128
12507 176 10319 207 144
15581 194 10754 206 160
14630 194 11079 208 159
12924 179 10279 204 142
14062 189 10613 217 156
16335 196 10708 213 165
15657 204 10549 206 164
14450 194 10640 203 149
13572 200 10824 205 143
14326 190 10671 213 156
14089 195 11168 206 151
13807 185 10724 216 147
13701 190 10671 211 139
14981 193 10852 217 149
15267 204 11060 210 163
14262 178 10695 208 142
15008 177 10300 208 137
15189 192 11134 208 158
15195 202 10698 214 155
