45421 201 22475 222 157
38408 197 21111 223 152
35395 201 21987 226 150
48403 203 21784 226 160
42138 205 21719 232 170
39632 200 21046 218 158
42354 201 23093 223 161
41052 201 20506 220 155
41994 207 20961 220 163
36360 197 21745 220 146
47801 201 20832 221 158
65153 211 22406 230 159
41239 201 21136 222 158
49313 204 22603 231 163
40143 196 21647 219 157
43464 205 21660 223 159
42581 195 21354 223 149
39585 208 21205 220 152
42903 200 22916 226 154
39499 207 21321 230 169
36319 192 21094 215 150
42815 204 21352 226 161
51979 199 22514 219 156
41250 200 23318 226 162
51186 203 24651 227 162
40890 197 21589 228 147
39691 199 21373 219 154
52112 197 21195 222 154
39071 196 20945 216 148
40376 192 22259 233 145
45138 201 23312 221 157
47494 197 21395 223 154
44961 207 21678 220 156
45979 197 20746 219 149
40993 196 21983 219 150
42678 203 20890 222 157
41085 197 21127 232 153
42708 203 21632 228 163
42713 206 20717 229 157
38293 199 20793 219 156
39417 212 21819 224 155
67683 204 21633 235 165
38574 189 23552 225 145
37932 193 21077 219 148
42214 198 20721 224 155
40679 204 22011 225 163
41867 204 22222 227 165
40365 201 21893 224 156
47846 203 24113 224 159
41758 196 21407 227 148
