10 198 6262 160
10 191 6902 152
10 212 6409 210
10 149 4580 117
10 192 5220 190
10 174 4565 155
10 195 4889 187
10 196 4462 161
10 195 5235 153
10 153 4641 140
10 179 4646 179
10 199 4778 184
10 197 6758 137
10 199 4914 183
10 159 5579 125
10 180 4296 136
10 212 6109 203
10 169 6493 136
10 254 15783 152
10 234 4861 199
10 182 6311 128
10 217 4922 195
10 224 6203 209
10 228 8277 143
10 177 4563 170
20 226 8991 194
20 191 9177 164
20 230 8687 210
20 194 7637 179
20 205 9090 190
20 174 6384 155
20 233 9008 187
20 223 8316 161
20 195 8671 153
20 225 11686 163
20 199 7802 179
20 199 7279 184
20 199 11081 137
20 216 7970 183
20 176 8197 156
20 214 7605 136
20 222 9574 203
20 204 9131 141
20 273 15445 174
20 235 8034 202
20 193 7198 145
20 243 8239 195
20 224 7788 209
20 231 11423 153
20 195 7334 170
30 226 11931 194
30 218 11881 188
30 232 12511 210
30 201 10578 182
30 257 16356 207
30 207 15972 155
30 233 13644 187
30 227 12633 162
30 208 12788 153
30 224 12661 177
30 200 12188 179
30 213 11484 184
30 228 13035 155
30 223 13456 183
30 177 10923 156
30 217 12964 166
30 231 14350 203
30 211 13977 171
30 314 23679 174
30 235 11539 202
30 221 11313 180
30 252 14865 195
30 231 13467 209
30 231 15742 153
30 195 9203 170
40 226 21506 194
40 226 16645 188
40 240 18959 210
40 201 14183 182
40 257 19960 207
40 218 14958 209
40 233 17811 187
40 242 17843 162
40 246 20540 190
40 230 17997 177
40 209 16950 181
40 233 16133 184
40 231 18999 159
40 234 15606 196
40 191 16326 156
40 217 15187 166
40 232 22046 203
40 223 17923 171
40 305 30101 219
40 242 16491 202
40 221 16800 180
40 252 17723 195
40 231 19644 209
40 241 17353 222
40 195 11720 170
50 227 26561 195
50 226 22804 188
50 243 21147 210
50 201 16318 182
50 261 26674 207
50 225 19403 209
50 249 29201 187
50 238 22882 169
50 249 24930 203
50 230 23763 177
50 212 21758 181
50 242 24509 184
50 236 26133 159
50 234 18992 196
50 208 20568 176
50 239 18962 166
50 257 27946 203
50 229 23732 171
50 306 40106 219
50 242 23586 202
50 223 20107 193
50 252 25615 195
50 231 24069 209
50 241 24800 222
50 214 16177 201
60 228 33373 199
60 233 30354 197
60 246 29745 210
60 202 23251 182
60 262 37635 207
60 225 24372 209
60 254 33966 187
60 238 26594 169
60 249 32158 203
60 230 31771 177
60 220 30006 181
60 245 34366 184
60 237 37407 159
60 254 31886 196
60 226 30448 195
60 271 31953 166
60 257 36559 203
60 230 30927 173
60 306 56156 219
60 242 33652 202
60 223 28902 193
60 252 31458 195
60 231 27575 209
60 241 29625 222
60 228 21662 201
70 228 40704 199
70 231 40081 205
70 246 34563 210
70 209 36149 182
70 289 57370 207
70 246 36825 209
70 256 37003 187
70 247 41185 169
70 249 38671 203
70 230 41354 177
70 220 31482 181
70 245 39079 184
70 239 41505 214
70 254 36150 196
70 226 33687 195
70 275 37714 169
70 282 49131 203
70 230 35520 173
70 306 67755 219
70 242 36564 202
70 223 32678 193
70 252 35848 195
70 231 34606 209
70 264 48026 222
70 235 252526 201
80 249 61617 199
80 231 47251 205
80 251 45306 210
80 214 40937 182
80 289 63505 207
80 249 44137 209
80 249 206133 195
80 244 48638 174
80 249 49540 203
80 238 50587 177
80 220 37338 181
80 253 49863 184
80 239 54024 214
80 255 44613 196
80 226 47114 195
80 258 37126 191
80 282 57727 203
80 230 43602 173
80 306 81984 219
80 242 44059 202
80 238 43889 193
80 252 45215 195
80 240 41713 209
80 264 59202 222
80 235 257189 201
90 249 72547 199
90 233 53490 205
90 251 56305 210
90 214 46645 182
90 289 75018 207
90 252 50837 209
90 249 193931 195
90 244 53668 174
90 251 56622 203
90 238 54561 177
90 235 46290 184
90 253 62753 184
90 239 62147 214
90 254 53909 210
90 226 321672 195
90 258 48282 191
90 282 72665 203
90 226 47779 186
90 306 99405 219
90 272 200080 202
90 238 56511 193
90 252 51320 195
90 240 49219 209
90 264 73764 222
90 235 306992 201
100 263 92809 209
100 266 104092 209
100 251 66615 210
100 214 53369 182
100 289 82267 207
100 252 58176 209
