6860 175 158
7089 170 139
35530 219 161
23084 212 151
158555 225 148
29760 223 163
124502 217 145
30986 209 163
29298 209 162
24401 210 149
35018 226 163
32718 248 157
126615 221 149
214470 218 146
131991 212 156
32895 214 159
41725 219 162
37256 218 164
36827 213 160
34219 216 159
34366 206 152
31734 213 159
32654 216 164
32381 213 153
37266 216 152
46339 209 147
31686 222 159
32842 201 169
32025 211 156
31898 205 164
35866 219 157
35836 221 152
34769 225 155
32625 227 146
32588 214 164
38346 252 149
59150 235 158
36842 202 145
33582 208 148
32622 207 146
32630 233 153
33304 228 149
45420 234 150
119502 235 152
87648 235 158
317694 242 160
8417 188 130
10532 202 140
10403 202 133
2023 97 44
3603 118 57
