10 40 280 40
10 62 148 62
10 57 125 57
10 56 128 56
10 51 118 50
10 57 136 57
10 49 133 49
10 57 128 57
10 70 226 70
10 64 123 63
10 54 117 54
10 51 119 51
10 59 220 59
10 64 120 63
10 47 118 46
10 47 119 46
10 68 226 68
10 62 118 62
10 56 120 56
10 78 329 78
10 50 119 50
10 68 218 68
10 64 117 63
10 59 124 59
10 64 120 64
20 55 230 54
20 62 249 62
20 57 228 57
20 65 347 65
20 66 517 66
20 68 436 68
20 64 344 62
20 57 231 57
20 78 467 75
20 64 335 63
20 58 231 58
20 63 339 63
20 59 335 59
20 64 339 64
20 61 231 61
20 59 332 59
20 68 452 68
20 77 665 77
20 70 444 70
20 78 648 78
20 75 650 75
20 68 552 68
20 71 450 69
20 59 240 59
20 64 243 64
30 56 247 54
30 85 1195 85
30 75 1004 75
30 70 795 69
30 74 900 74
30 71 875 68
30 76 884 76
30 57 341 57
30 78 900 75
30 64 481 63
30 64 460 63
30 64 466 64
30 70 680 70
30 64 471 64
30 63 458 61
30 70 677 70
30 68 587 68
30 77 898 77
30 70 673 70
30 78 1007 78
30 75 969 75
30 68 675 68
30 86 1124 86
30 62 371 62
30 73 788 73
40 56 361 54
40 85 1786 85
40 75 1017 75
40 70 1090 69
40 75 1102 74
40 71 1110 68
40 76 1351 76
40 57 709 57
40 78 1122 75
40 64 697 63
40 76 1226 76
40 64 698 64
40 70 1038 70
40 64 570 64
40 69 894 69
40 70 999 70
40 68 890 68
40 77 1220 77
40 71 945 70
40 78 1249 78
40 75 1209 75
40 72 1016 72
40 86 1572 86
40 62 596 62
40 74 1144 73
50 56 488 54
50 85 2112 85
50 75 1644 75
50 72 1260 71
50 74 1430 74
50 71 1533 68
50 76 1674 76
50 70 1322 70
50 78 1511 75
50 66 1015 66
50 76 1649 76
50 64 847 64
50 70 1232 70
50 77 1790 77
50 69 1123 69
50 71 1288 70
50 68 1060 68
50 77 1771 77
50 71 1121 70
50 78 1582 78
50 75 1564 75
50 72 1593 72
50 86 2208 86
50 62 691 62
50 73 1346 73
60 63 924 61
60 85 2699 85
60 80 2060 80
60 73 1992 71
60 74 1768 74
60 71 2018 68
60 76 2001 76
60 70 1862 70
60 78 2065 75
60 66 1318 66
60 79 2119 78
60 64 1025 64
60 71 1523 70
60 77 1932 77
60 69 1700 69
60 71 1663 70
60 68 1391 68
60 77 2001 77
60 71 1585 70
60 78 1871 78
60 75 1832 75
60 72 1571 72
60 86 2517 86
60 66 1331 66
60 73 1926 73
70 63 1524 61
70 85 3238 85
70 80 2554 80
70 73 2290 71
70 74 2046 74
70 71 2232 68
70 76 2425 76
70 70 2067 70
70 78 2378 75
70 66 1724 66
70 80 2820 80
70 67 2050 67
70 71 1901 70
70 78 2386 77
70 80 2769 80
70 71 2237 70
70 68 1626 68
70 77 2423 77
70 75 2157 75
70 79 2294 78
70 75 2343 75
70 72 1825 72
70 86 3160 86
70 67 1495 66
70 74 2178 73
80 73 2602 73
80 85 3581 85
80 80 3081 80
80 72 2546 71
80 74 2601 74
80 71 2772 68
80 76 2838 76
80 70 2124 70
80 78 2723 75
80 66 1908 66
80 80 2909 80
80 67 2174 67
80 71 2152 70
80 78 2769 77
80 82 3389 82
80 71 2578 70
80 68 1984 68
80 79 2920 78
80 75 2830 75
80 78 2853 78
80 75 2542 75
80 72 2167 72
80 86 3894 86
80 69 2217 66
80 74 2570 73
90 79 3373 78
90 85 4819 85
90 80 3493 80
90 74 3081 74
90 75 2942 74
90 71 3122 68
90 76 3059 76
90 70 2526 70
90 78 3301 75
90 66 2323 66
90 80 3577 80
90 67 2213 67
90 71 2450 70
90 79 3201 77
90 82 4154 82
90 71 2686 70
90 75 2960 75
90 79 3555 78
90 75 3036 75
90 78 3075 78
90 75 2894 75
90 73 3567 72
90 86 4032 86
90 70 3006 66
90 73 2703 73
100 79 3964 78
100 85 4690 85
100 80 4228 80
100 74 3454 74
100 75 3332 74
100 70 3512 68
100 76 3321 76
100 71 3168 70
100 78 3683 75
100 66 2353 66
100 80 3802 80
100 78 3899 78
100 71 3103 70
100 78 3842 77
100 82 4359 82
100 71 2920 70
100 75 3288 75
100 80 3709 78
100 75 3179 75
100 78 3515 78
100 78 3992 75
100 74 4322 72
100 86 4473 86
100 73 3149 71
100 73 2941 73
110 79 5030 78
110 85 5289 85
110 80 4288 80
110 75 4304 74
110 75 4035 74
110 74 4254 73
110 76 3983 76
110 71 3606 70
110 78 4565 75
110 78 4566 78
110 80 4958 80
110 78 5049 78
110 72 3790 70
110 78 4513 77
110 82 5301 82
110 71 3233 70
110 80 4363 80
110 80 4136 78
110 75 3878 75
110 78 3732 78
110 75 3331 75
110 73 4552 72
110 86 5217 86
110 72 3583 71
110 74 3658 73
120 80 4639 80
120 85 5599 85
120 80 4529 80
120 74 4496 74
120 75 3828 74
120 74 4374 73
120 76 4411 76
120 71 3416 70
120 78 4273 75
120 78 4631 78
120 80 5053 80
120 78 4268 78
120 71 3493 70
120 79 4235 77
120 82 5474 82
120 72 3664 70
120 80 4902 80
120 80 4576 78
120 75 3993 75
120 79 4621 78
120 78 4442 75
120 74 5086 72
120 86 5537 86
120 72 3637 71
120 73 3440 73
130 80 5221 80
130 85 6442 85
130 80 5052 80
130 77 4484 76
130 79 4786 78
130 74 5244 73
130 80 5092 80
130 85 6707 85
130 79 5022 75
130 78 4982 78
130 80 5408 80
130 78 4762 78
130 75 5025 75
130 79 5161 77
130 82 5681 82
130 71 4022 70
130 80 5509 80
130 80 5163 78
130 75 4266 75
130 78 4991 78
130 75 4945 75
130 73 6191 72
130 86 5871 86
130 72 3863 71
130 74 3982 73
140 81 6770 80
140 85 7325 85
140 80 5801 80
140 77 5291 76
140 79 5370 78
140 74 5076 73
140 80 5305 80
140 85 6697 85
140 78 5951 75
140 78 4902 78
140 80 5617 80
140 78 5274 78
140 75 4993 75
140 78 5180 77
140 82 5892 82
140 72 5042 70
140 80 5861 80
140 80 5300 79
140 75 4580 75
140 80 5436 78
140 77 7733 75
140 74 5822 73
140 86 6726 86
140 71 4190 71
140 80 5719 78
150 80 5855 80
150 85 6777 85
150 80 5621 80
150 77 5262 76
150 79 6462 78
150 74 5680 73
150 82 6025 80
150 85 6591 85
150 79 6513 75
150 78 5558 78
150 80 7019 80
150 78 5054 78
150 75 5009 75
150 79 5481 77
150 82 6350 82
150 73 5289 70
150 80 5817 80
150 80 6887 79
150 75 5065 75
150 80 5618 78
150 79 7999 75
150 73 5452 73
150 86 6747 86
150 72 4483 71
150 79 6108 78
160 80 6421 80
160 85 7036 85
160 80 6278 80
160 77 5567 76
160 80 6146 78
160 74 6748 73
160 80 6284 80
160 85 7099 85
160 78 5978 75
160 78 5604 78
160 82 7637 80
160 78 6591 78
160 76 5483 75
160 77 5457 77
160 82 6668 82
160 72 4785 71
160 80 6692 80
160 80 6643 79
160 75 5340 75
160 81 7322 78
160 79 8519 75
160 74 6366 73
160 86 7172 86
160 72 5607 71
160 79 5839 78
170 80 6593 80
170 85 7716 85
170 80 6155 80
170 77 5494 76
170 81 10057 78
170 74 6487 73
170 80 6580 80
170 85 7436 85
170 78 6359 75
170 78 6080 78
170 80 7819 80
170 79 6395 78
170 78 6335 75
170 78 6498 77
170 82 7141 82
170 73 6121 71
170 80 7814 80
170 80 6574 79
170 75 5730 75
170 81 7741 78
170 78 6169 75
170 74 6271 73
170 86 8651 86
170 72 5376 71
170 79 6230 78
180 80 7547 80
180 85 8672 85
180 80 7551 80
180 77 6379 76
180 81 7947 78
180 73 5935 73
180 82 7260 80
180 85 7780 85
180 79 7984 78
180 78 6473 78
180 85 9001 84
180 89 8459 89
180 79 6772 75
180 77 6736 77
180 82 7476 82
180 72 6674 71
180 81 8575 80
180 80 6820 79
180 82 9915 81
180 80 7250 78
180 78 9376 75
180 74 7532 73
180 86 8064 86
180 78 7111 78
180 86 7721 86
190 80 7673 80
190 85 8805 85
190 80 7549 80
190 77 7548 76
190 81 9600 78
190 74 6346 73
190 82 7587 80
190 85 8084 85
190 80 8663 78
190 78 7184 78
190 84 8541 84
190 89 9530 89
190 78 7053 75
190 80 10234 77
190 82 7923 82
190 73 7192 71
190 80 7439 80
190 80 7250 79
190 83 9123 81
190 81 7846 78
190 81 10888 79
190 75 7809 73
190 86 8750 86
190 78 8529 78
190 87 8499 86
200 80 8054 80
200 85 8947 85
200 80 8141 80
200 77 8431 76
200 80 7775 78
200 74 6827 73
200 80 7333 80
200 85 8572 85
200 79 8898 78
200 78 7058 78
200 84 9132 84
200 89 9934 89
200 77 6722 75
200 79 7991 77
200 82 8199 82
200 72 6013 71
200 80 8087 80
200 81 9670 79
200 81 8957 81
200 79 7329 78
200 80 8304 79
200 74 7464 73
200 86 9456 86
200 78 8319 78
200 87 8811 86
210 80 8618 80
210 85 9574 85
210 80 9387 80
210 77 7455 76
210 80 8510 78
210 77 8302 75
210 82 9034 80
210 85 9045 85
210 80 8614 78
210 78 7869 78
210 84 9458 84
210 89 12073 89
210 77 7538 75
210 79 7641 77
210 82 8853 82
210 82 8639 82
210 80 8781 80
210 80 8248 79
210 82 10101 81
210 79 7606 78
210 80 8872 79
210 74 7933 73
210 86 9518 86
210 78 7678 78
210 88 10229 86
220 80 8961 80
220 85 10157 85
220 80 8643 80
220 77 8344 76
220 81 10711 78
220 76 7680 75
220 80 9015 80
220 85 9700 85
220 80 9315 78
220 78 8674 78
220 84 9621 84
220 89 9661 89
220 78 7783 75
220 79 9649 77
220 82 9143 82
220 82 9413 82
220 80 8867 80
220 80 10708 79
220 81 9232 81
220 81 11948 78
220 81 15482 79
220 77 12984 73
220 86 10465 86
220 78 8746 78
220 88 11648 86
230 80 10541 80
230 85 10605 85
230 80 9126 80
230 78 8702 76
230 79 10041 78
230 76 8537 75
230 80 9878 80
230 86 10724 85
230 80 10380 78
230 78 8295 78
230 84 10988 84
230 89 10920 89
230 78 9865 75
230 80 9734 77
230 83 9959 82
230 82 9991 82
230 80 10801 80
230 81 11315 79
230 82 12569 81
230 82 10072 78
230 81 15099 79
230 76 12518 73
230 86 10796 86
230 78 8220 78
230 87 10956 86
240 81 11932 80
240 85 9857 85
240 80 10141 80
240 77 9218 76
240 78 8855 78
240 76 9165 75
240 80 9527 80
240 85 10928 85
240 81 11447 78
240 78 9123 78
240 84 9481 84
240 89 15030 89
240 78 8612 75
240 80 9194 77
240 82 10213 82
240 82 10843 82
240 81 12397 80
240 82 10200 79
240 81 9272 81
240 81 13081 78
240 81 14516 79
240 75 11564 73
240 86 9993 86
240 78 10129 78
240 87 9791 86
250 80 11529 80
250 85 9696 85
250 80 10164 80
250 77 9878 76
250 80 10347 78
250 77 10575 75
250 82 12403 80
250 85 9857 85
250 81 9757 78
250 78 9932 78
250 85 14081 84
250 89 13980 89
250 77 9633 75
250 82 11624 77
250 83 10633 82
250 82 10658 82
250 80 8920 80
250 83 15194 79
250 81 9106 81
250 81 12173 78
250 82 9659 79
250 76 15172 73
250 86 13642 86
250 78 9386 78
250 87 12482 86
260 80 12542 80
260 85 12921 85
260 81 13058 80
260 76 9073 76
260 80 11708 78
260 77 10756 75
260 80 12319 80
260 85 11925 85
260 80 10333 78
260 78 9818 78
260 85 13938 84
260 89 15794 89
260 81 17388 76
260 80 11929 77
260 82 11448 82
260 82 11687 82
260 81 13980 80
260 80 10484 79
260 81 9804 81
260 81 11873 78
260 82 12781 79
260 75 13501 73
260 86 12767 86
260 79 12649 78
260 87 12272 86
270 80 12516 80
270 85 12333 85
270 80 9385 80
270 76 9650 76
270 79 12022 78
270 76 9764 75
270 80 11585 80
270 86 16808 85
270 81 13163 78
270 78 11227 78
270 86 15291 84
270 89 13161 89
270 79 12638 76
270 80 10708 77
270 82 10459 82
270 82 11449 82
270 81 12460 80
270 82 15779 79
270 81 13366 81
270 80 9724 78
270 82 17118 79
270 76 18234 73
270 86 12557 86
270 78 9866 78
270 87 13609 86
280 80 12048 80
280 85 12404 85
280 80 11090 80
280 78 11413 76
280 80 14686 78
280 79 13345 75
280 80 11797 80
280 85 12253 85
280 80 12116 78
280 79 13317 78
280 85 15925 84
280 90 23925 89
280 78 11522 76
280 80 12049 77
280 82 13150 82
280 83 12377 82
280 80 11747 80
280 80 13653 79
280 81 12789 81
280 81 14389 78
280 82 13273 79
280 77 13718 73
280 86 11741 86
280 78 11506 78
280 87 14244 86
290 82 15416 80
290 85 14416 85
290 80 9927 80
290 80 12358 76
290 80 12247 78
290 78 18173 75
290 80 12218 80
290 85 12736 85
290 80 11781 78
290 79 12712 78
290 85 15609 84
290 90 47053 89
290 78 12155 76
290 79 11322 77
290 82 12133 82
290 82 12247 82
290 80 14424 80
290 81 14141 79
290 83 14510 82
290 79 12600 78
290 82 22533 79
290 75 14511 73
290 86 16280 86
290 78 11431 78
290 87 13062 86
300 80 16735 80
300 85 15540 85
300 80 10657 80
300 80 13986 76
300 79 11319 78
300 79 15810 75
300 80 14616 80
300 85 13012 85
300 81 12861 78
300 79 15520 78
300 84 13842 84
300 90 21932 89
300 79 12977 76
300 83 15206 77
300 82 12649 82
300 82 15177 82
300 80 13268 80
300 82 15211 79
300 88 15823 88
300 79 14293 78
300 81 17398 79
300 77 16238 73
300 86 14000 86
300 79 12687 78
300 87 17824 86
