20 53 2267 53
20 40 1055 40
20 46 1409 46
20 44 1287 44
20 48 1395 48
20 49 1787 49
20 46 1305 46
20 47 1338 45
20 43 1080 43
20 43 966 43
20 40 875 40
20 40 981 40
20 43 1084 41
20 54 2254 54
20 43 905 43
20 50 1714 50
20 47 1464 47
20 44 1205 44
20 45 1087 45
20 45 1097 45
20 30 567 30
20 41 947 41
20 46 1433 46
20 46 1537 46
20 42 1141 42
40 53 4206 53
40 47 3383 47
40 46 3001 46
40 46 3043 46
40 48 3141 48
40 49 3786 49
40 47 2961 46
40 47 3102 45
40 50 3748 50
40 54 4509 52
40 44 2296 42
40 40 1892 40
40 43 2264 43
40 54 4860 54
40 52 4276 52
40 50 3922 50
40 47 2997 47
40 44 2788 44
40 45 2370 45
40 49 3112 49
40 38 1874 38
40 47 3228 45
40 46 2961 46
40 46 2854 46
40 50 4039 50
60 53 6992 53
60 47 5454 47
60 49 6497 47
60 48 6339 46
60 48 5164 48
60 49 5667 49
60 47 4587 46
60 47 5131 45
60 50 6432 50
60 54 6884 52
60 44 3853 44
60 52 6801 50
60 43 3981 43
60 54 7458 54
60 52 7153 52
60 50 6124 50
60 47 4456 47
60 44 3915 44
60 45 3845 45
60 49 4924 49
60 50 6466 50
60 47 4709 45
60 46 4457 46
60 46 4448 46
60 50 6215 50
80 53 9731 53
80 47 7546 47
80 49 10363 47
80 49 7969 49
80 50 7861 50
80 51 8299 51
80 47 7925 46
80 47 7432 45
80 59 13842 59
80 54 10528 54
80 51 9052 49
80 53 10273 51
80 46 6074 44
80 54 11529 54
80 52 9283 52
80 50 7981 50
80 47 6565 47
80 48 7049 48
80 45 5710 45
80 49 7776 49
80 50 8848 50
80 52 10102 52
80 46 6521 46
80 46 6428 46
80 50 8221 50
100 53 12964 53
100 51 11586 51
100 49 12101 47
100 49 11019 49
100 50 9805 50
100 51 10958 51
100 47 9683 46
100 55 14249 55
100 59 18979 59
100 54 12816 54
100 51 13580 49
100 53 13396 51
100 46 7881 44
100 54 14703 54
100 52 12016 52
100 52 13456 50
100 47 8635 47
100 49 9139 48
100 45 7330 45
100 56 14973 56
100 50 11621 50
100 52 13854 52
100 49 10808 47
100 49 12202 49
100 50 10800 50
120 53 15918 53
120 51 15391 51
120 49 16034 47
120 49 12894 49
120 50 12273 50
120 51 14829 51
120 47 12371 46
120 55 17272 55
120 59 22772 59
120 54 16349 54
120 51 15941 49
120 53 18165 51
120 46 10931 45
120 54 17698 54
120 52 16479 52
120 52 14809 50
120 47 10059 47
120 49 11892 48
120 49 11850 49
120 56 20443 56
120 50 13996 50
120 52 15384 52
120 49 13555 47
120 49 16131 49
120 50 14011 50
140 53 18318 53
140 51 16755 51
140 49 22125 47
140 51 15933 51
140 50 15924 50
140 NaN NaN NaN
140 47 13919 46
140 55 108962 55
140 59 27311 59
140 54 20681 54
140 51 19796 49
140 53 19689 51
140 46 57642 45
140 54 21242 54
140 52 19366 52
140 52 17862 50
140 47 11899 47
140 49 15615 48
140 50 15816 49
140 56 25001 56
140 52 21871 52
140 52 18723 52
140 49 16133 47
140 51 88891 51
140 51 19080 51
160 53 145006 53
160 51 20197 51
160 49 292546 47
160 NaN NaN NaN
160 50 18351 50
160 NaN NaN NaN
160 47 97973 46
160 NaN NaN NaN
160 59 32132 59
160 NaN NaN NaN
160 51 278029 49
160 53 23721 51
160 46 14345 45
160 NaN NaN NaN
160 52 21088 52
160 52 21820 50
160 47 14252 47
160 49 21180 48
160 50 18339 49
160 56 27974 56
160 52 27252 52
160 52 166070 52
160 49 18953 47
160 51 191275 51
160 51 284460 51
180 53 275942 53
180 52 25296 51
180 NaN NaN NaN
180 NaN NaN NaN
180 NaN NaN NaN
180 51 25627 51
180 NaN NaN NaN
180 NaN NaN NaN
180 59 36815 59
180 NaN NaN NaN
180 NaN NaN NaN
180 53 27238 51
180 46 21611 46
180 NaN NaN NaN
180 NaN NaN NaN
180 NaN NaN NaN
180 47 256436 47
180 NaN NaN NaN
180 50 21937 49
180 56 36786 56
180 52 253686 52
180 NaN NaN NaN
180 NaN NaN NaN
180 51 22253 51
180 51 211861 51
200 53 31836 53
200 52 29932 51
200 NaN NaN NaN
200 NaN NaN NaN
200 NaN NaN NaN
200 NaN NaN NaN
200 NaN NaN NaN
200 NaN NaN NaN
200 59 47476 59
200 NaN NaN NaN
200 NaN NaN NaN
200 53 31115 51
200 NaN NaN NaN
200 NaN NaN NaN
200 52 30086 52
200 NaN NaN NaN
200 NaN NaN NaN
200 NaN NaN NaN
200 NaN NaN NaN
200 56 42259 56
200 NaN NaN NaN
200 NaN NaN NaN
200 NaN NaN NaN
200 NaN NaN NaN
200 NaN NaN NaN
