20 96 1347 86
20 102 1329 89
20 98 1101 67
20 122 1416 77
20 87 1337 78
20 111 1390 89
20 119 1477 102
20 118 1445 78
20 111 1235 92
20 113 1217 81
20 119 1582 84
20 115 1616 98
20 116 1185 74
20 115 1332 88
20 118 1247 90
20 118 1538 72
20 104 1317 95
20 110 1358 76
20 113 1161 93
20 112 1150 101
20 105 962 82
20 120 1571 93
20 107 1129 94
20 116 1068 77
20 125 1403 78
40 112 2280 86
40 135 3048 89
40 126 2195 82
40 121 2457 82
40 112 1815 90
40 122 2164 89
40 121 2060 102
40 137 3116 78
40 122 1950 92
40 118 2221 81
40 134 2573 88
40 129 2568 102
40 131 3052 88
40 125 2104 105
40 125 2300 90
40 121 2309 93
40 115 2050 95
40 114 1834 104
40 112 2364 94
40 115 2108 101
40 105 1922 82
40 137 2862 93
40 113 1977 94
40 118 1940 97
40 111 2141 95
60 113 3118 86
60 142 4291 89
60 135 3496 82
60 116 3066 91
60 128 2906 90
60 141 4423 101
60 137 4644 102
60 146 4819 82
60 123 3322 92
60 122 3555 93
60 141 3625 96
60 136 3834 102
60 143 4174 101
60 128 3817 105
60 151 4664 92
60 130 3972 93
60 124 3045 95
60 117 3674 104
60 120 3380 94
60 119 3579 101
60 118 3356 82
60 141 4795 93
60 118 4058 94
60 129 3189 97
60 117 3164 95
80 123 4379 115
80 142 5251 89
80 138 5295 82
80 127 4320 112
80 128 4105 96
80 141 5833 101
80 137 6311 102
80 173 7435 83
80 125 4486 113
80 129 4799 93
80 151 5421 96
80 143 5254 102
80 154 6688 101
80 128 5353 105
80 156 6975 92
80 135 6033 93
80 137 5177 95
80 118 4294 104
80 123 5450 94
80 132 5375 101
80 126 4592 96
80 135 12224 107
80 130 5366 94
80 130 5717 97
80 118 5243 95
100 125 6256 115
100 142 7045 90
100 144 7666 82
100 129 6400 112
100 128 6346 96
100 141 8126 101
100 137 7203 102
100 174 10557 83
100 125 6327 113
100 129 6383 93
100 154 8033 96
100 143 7816 102
100 163 8997 101
100 130 6976 105
100 156 8414 92
100 146 7180 101
100 139 7985 95
100 123 6240 104
100 141 8004 94
100 134 8983 101
100 126 6215 101
100 135 9957 107
100 130 6826 94
100 142 6648 97
100 131 7030 95
120 128 8009 115
120 160 9776 110
120 132 7849 95
120 134 9056 112
120 128 7742 96
120 146 10647 108
120 137 9697 102
120 180 14592 83
120 138 9663 113
120 131 9645 93
120 154 9626 96
120 143 9705 102
120 163 11727 101
120 130 10317 105
120 156 9961 92
120 146 8549 101
120 139 9891 95
120 124 8542 104
120 141 10989 97
120 135 8853 101
120 130 7457 101
120 135 14572 107
120 130 9173 94
120 151 8557 97
120 133 8499 95
140 128 16384 115
140 160 10994 110
140 132 9575 95
140 141 10440 112
140 132 11483 96
140 156 14007 108
140 137 12831 102
140 165 13711 97
140 138 12303 113
140 143 10816 93
140 161 12767 96
140 158 14035 102
140 163 14281 101
140 130 11014 105
140 156 13259 92
140 146 10355 101
140 139 12102 95
140 131 11102 104
140 143 11572 109
140 140 14243 101
140 160 12148 101
140 138 17524 107
140 130 10907 94
140 151 11318 97
140 140 16039 95
160 133 23435 115
160 164 15319 110
160 132 11603 95
160 142 12355 112
160 135 12675 96
160 156 16574 108
160 143 15205 102
160 165 20108 97
160 139 14577 113
160 143 14242 93
160 161 15686 96
160 166 16290 102
160 163 18728 101
160 130 12696 105
160 156 15756 92
160 161 21237 101
160 148 14660 95
160 131 13172 104
160 143 16205 109
160 140 14043 101
160 168 14362 101
160 140 20423 107
160 130 12368 94
160 152 24947 109
160 141 17476 95
180 133 22460 115
180 164 16726 110
180 133 12952 106
180 144 17072 112
180 148 15117 96
180 162 20734 108
180 143 17741 102
180 165 24786 97
180 139 24905 113
180 143 15621 93
180 161 19752 96
180 166 19450 102
180 152 19500 107
180 137 21968 106
180 157 19857 92
180 161 21800 101
180 145 18837 103
180 131 15034 104
180 152 17998 109
180 141 19446 101
180 172 19192 101
180 140 21042 107
180 136 15571 97
180 152 25324 109
180 149 19589 95
200 143 31432 115
200 164 18177 110
200 135 15710 106
200 144 18079 112
200 148 19370 96
200 162 23823 108
200 147 54362 109
200 178 27915 97
200 142 26986 113
200 143 19090 93
200 161 20313 96
200 166 24039 102
200 166 22959 107
200 137 39998 106
200 157 22815 92
200 161 23330 101
200 145 18892 103
200 133 22553 104
200 162 25445 109
200 141 19631 101
200 172 22989 101
200 146 20009 107
200 136 19124 97
200 152 36814 109
200 149 20119 102
220 145 31388 115
220 168 23972 110
220 139 19805 106
220 144 22022 112
220 149 22457 96
220 164 31419 108
220 147 72715 109
220 178 31312 97
220 143 30360 113
220 143 19598 93
220 155 24918 104
220 167 25990 102
220 166 27234 107
220 140 40662 106
220 166 23856 92
220 170 30379 101
220 145 24739 103
220 135 25193 104
220 167 39274 109
220 144 25482 101
220 172 27991 101
220 148 22878 107
220 137 21855 97
220 152 40603 109
220 149 21308 102
240 145 41229 115
240 168 26540 110
240 139 21672 106
240 145 24576 112
240 152 26497 97
240 157 47382 109
240 150 47939 109
240 178 35859 97
240 143 37332 113
240 165 27981 93
240 161 27964 104
240 167 29248 102
240 166 30292 107
240 140 40663 106
240 161 28511 96
240 171 34580 101
240 148 29289 103
240 141 30399 104
240 171 54862 110
240 147 28786 104
240 172 32532 101
240 148 27911 107
240 151 24402 97
240 161 46013 109
240 149 24672 102
260 150 39113 115
260 168 32131 110
260 139 27939 106
260 148 28206 112
260 152 34856 97
260 157 46576 109
260 154 84543 109
260 178 41204 97
260 143 36963 113
260 167 31157 93
260 161 33455 104
260 167 33618 102
260 173 36419 107
260 145 41493 107
260 161 30482 96
260 171 38736 101
260 148 32146 103
260 141 32686 104
260 171 162005 110
260 144 137435 114
260 174 36834 101
260 149 31809 107
260 155 28267 97
260 166 50510 109
260 151 38288 102
280 154 48377 115
280 168 35670 110
280 140 65743 106
280 148 34391 112
280 152 62813 97
280 159 64771 109
280 157 125002 109
280 178 46583 97
280 147 47363 113
280 164 38220 102
280 164 39131 104
280 167 37032 102
280 174 40306 107
280 148 52444 107
280 168 35372 96
280 179 42958 101
280 148 37662 103
280 150 45765 104
280 171 116713 110
280 145 167410 114
280 174 39883 101
280 156 36336 107
280 167 41563 97
280 167 74796 109
280 163 45007 102
300 154 60569 115
300 168 40451 110
300 145 35243 106
300 148 46927 112
300 155 80480 97
300 159 81871 109
300 157 142386 109
300 178 51137 97
300 157 63244 113
300 166 47462 102
300 165 46427 104
300 167 41786 102
300 174 61528 107
300 152 62450 107
300 157 50388 109
300 179 50840 101
300 152 38672 103
300 153 43007 104
300 171 154612 110
300 145 316393 114
300 186 71529 101
300 156 49866 107
300 167 43229 97
300 167 84414 109
300 163 55943 102
