20 86 9632 86
20 111 15746 89
20 68 3748 67
20 78 2986 77
20 78 4114 78
20 89 6580 89
20 102 7751 102
20 107 16157 78
20 92 4479 92
20 82 9739 81
20 112 8775 84
20 98 9213 98
20 74 3856 74
20 88 6270 88
20 103 9153 90
20 103 15659 72
20 95 11300 95
20 97 9378 76
20 99 8462 93
20 101 10712 101
20 82 7002 82
20 96 6397 93
20 94 7546 94
20 80 4408 77
20 78 4790 78
40 86 16751 86
40 111 34260 89
40 83 18834 82
40 85 8206 82
40 93 14297 90
40 97 14170 89
40 102 16643 102
40 110 41214 78
40 92 15145 92
40 82 19075 81
40 117 20304 88
40 106 21072 102
40 88 15895 88
40 110 24368 105
40 107 24289 90
40 113 35212 93
40 95 18171 95
40 110 22117 104
40 100 18906 94
40 102 20914 101
40 82 15666 82
40 96 15459 93
40 94 16977 94
40 100 17849 97
40 95 18091 95
60 87 24753 86
60 111 48234 89
60 83 87132 82
60 94 21652 91
60 94 20875 90
60 104 37117 101
60 129 77146 102
60 116 81947 82
60 92 24142 92
60 95 29653 93
60 118 36612 96
60 108 32865 102
60 101 31104 101
60 120 42533 105
60 125 82829 92
60 113 53599 93
60 95 29927 95
60 110 40820 104
60 100 30083 94
60 102 32668 101
60 83 21621 82
60 96 27006 93
60 112 45583 94
60 100 306085 97
60 95 30783 95
80 115 76724 115
80 116 80542 89
80 87 102460 82
80 113 55559 112
80 97 39587 96
80 104 317134 101
80 129 135455 102
80 118 111707 83
80 113 53180 113
80 95 38689 93
80 123 312510 96
80 108 51881 102
80 101 42407 101
80 120 57072 105
80 125 111417 92
80 113 75947 93
80 117 90163 95
80 110 54031 104
80 100 39491 94
80 123 87596 101
80 103 46969 96
80 110 50841 107
80 120 91742 94
80 100 309034 97
80 95 316146 95
100 115 107345 115
100 117 101448 90
100 88 138544 82
100 113 67659 112
100 97 51920 96
100 104 318274 101
100 129 223729 102
100 118 172696 83
100 113 69371 113
100 95 316343 93
100 123 316527 96
100 110 72145 102
100 132 210087 101
100 120 85598 105
100 125 152436 92
100 117 105779 101
100 117 124830 95
100 110 75949 104
100 100 50608 94
100 124 131632 101
100 105 67946 101
100 110 70850 107
100 120 121516 94
100 100 314260 97
100 95 318617 95
120 115 190312 115
120 122 132869 110
120 99 61591 95
120 113 85682 112
120 97 67055 96
120 110 336907 108
