20 109 2712 86
20 111 2213 89
20 101 2188 67
20 102 2279 77
20 90 1907 78
20 114 2528 89
20 115 2296 102
20 106 2371 78
20 111 2438 92
20 103 2187 81
20 103 2265 84
20 116 2614 98
20 93 2166 74
20 116 2167 88
20 111 2249 90
20 104 2173 72
20 108 2609 95
20 111 2165 76
20 108 2250 93
20 120 2173 101
20 107 2347 82
20 121 2228 93
20 101 2181 94
20 116 2148 77
20 84 1880 78
40 109 3036 86
40 118 3110 89
40 98 2953 82
40 112 3100 82
40 120 2853 90
40 133 3064 89
40 115 2903 102
40 110 2971 78
40 125 3166 92
40 107 2775 81
40 107 2805 88
40 134 3281 102
40 105 2769 88
40 118 2806 105
40 114 3075 90
40 116 2894 93
40 112 3293 95
40 119 2789 104
40 112 3008 94
40 126 2514 101
40 108 2846 82
40 128 2784 93
40 111 2902 94
40 116 2725 97
40 114 2891 95
60 113 3860 86
60 123 3757 89
60 100 3632 82
60 122 3495 91
60 123 3331 90
60 129 3739 101
60 122 3598 102
60 127 3720 82
60 128 3916 92
60 117 3548 93
60 125 3855 96
60 134 4122 102
60 119 3486 101
60 118 3734 105
60 121 3608 92
60 121 3820 93
60 115 3931 95
60 119 3696 104
60 114 3631 94
60 126 3550 101
60 116 3570 82
60 130 3707 93
60 127 3516 94
60 116 3600 97
60 116 3845 95
80 127 4347 115
80 130 4569 89
80 106 4382 82
80 123 4370 112
80 131 4604 96
80 130 4452 101
80 123 4108 102
80 135 4424 83
80 131 4867 113
80 122 4380 93
80 125 4524 96
80 146 5213 102
80 120 4343 101
80 118 4194 105
80 128 4626 92
80 121 4783 93
80 118 4686 95
80 120 4446 104
80 121 4464 94
80 126 4448 101
80 129 4324 96
80 127 4546 107
80 129 4465 94
80 119 4141 97
80 133 4833 95
100 127 5263 115
100 128 5181 90
100 114 4982 82
100 123 5051 112
100 137 5482 96
100 131 5666 101
100 123 4961 102
100 139 5588 83
100 131 5303 113
100 122 5194 93
100 129 5427 96
100 146 5942 102
100 127 5374 101
100 118 5271 105
100 129 5282 92
100 130 5116 101
100 121 5544 95
100 122 5060 104
100 123 5705 94
100 126 5102 101
100 138 5874 101
100 128 5070 107
100 131 5130 94
100 121 5115 97
100 134 6003 95
120 128 6032 115
120 137 6277 110
120 124 5898 95
120 123 5745 112
120 140 6339 96
120 136 7035 108
120 137 5963 102
120 139 6386 83
120 133 6184 113
120 127 6160 93
120 131 6120 96
120 146 7078 102
120 133 6547 101
120 121 6156 105
120 135 6091 92
120 137 6340 101
120 128 6743 95
120 125 5967 104
120 117 6373 97
120 128 5829 101
120 142 6884 101
120 130 5868 107
120 132 6108 94
120 125 5757 97
120 134 6781 95
140 128 7225 115
140 139 6897 110
140 124 6641 95
140 123 6713 112
140 149 7708 96
140 140 8018 108
140 140 6861 102
140 137 6934 97
140 134 7350 113
140 129 6882 93
140 132 7220 96
140 150 7837 102
140 135 7541 101
140 123 6941 105
140 135 6960 92
140 137 6846 101
140 130 7976 95
140 125 7006 104
140 128 7326 109
140 128 6744 101
140 144 8130 101
140 131 6678 107
140 134 7323 94
140 127 6853 97
140 135 7706 95
160 128 8099 115
160 139 7921 110
160 124 7561 95
160 125 7384 112
160 149 8501 96
160 142 9000 108
160 140 8111 102
160 137 7775 97
160 134 8293 113
160 129 7996 93
160 132 8403 96
160 150 8601 102
160 135 8369 101
160 123 7601 105
160 135 7731 92
160 139 8018 101
160 141 8731 95
160 127 8224 104
160 129 8179 109
160 128 7702 101
160 146 9064 101
160 131 7774 107
160 135 7987 94
160 137 8603 109
160 145 8758 95
180 130 9369 115
180 142 9070 110
180 127 8485 106
180 125 8333 112
180 150 9630 96
180 142 9558 108
180 140 8996 102
180 139 8693 97
180 134 9429 113
180 131 8916 93
180 135 9168 96
180 150 9532 102
180 130 9350 107
180 128 9281 106
180 140 8897 92
180 139 8929 101
180 132 9406 103
180 127 9308 104
180 129 9464 109
180 128 8744 101
180 146 9757 101
180 131 9103 107
180 130 8920 97
180 137 9547 109
180 145 9809 95
200 130 10371 115
200 142 9735 110
200 127 9226 106
200 125 9498 112
200 150 10746 96
200 142 10861 108
200 136 9952 109
200 139 9531 97
200 134 10174 113
200 134 10078 93
200 136 9929 96
200 150 10511 102
200 130 10325 107
200 129 9997 106
200 140 10003 92
200 139 10361 101
200 136 10539 103
200 133 10662 104
200 129 10110 109
200 128 9845 101
200 146 10581 101
200 132 9770 107
200 134 10316 97
200 138 10785 109
200 142 11887 102
220 130 11444 115
220 142 11258 110
220 127 10393 106
220 125 10172 112
220 150 11631 96
220 143 12236 108
220 137 11118 109
220 139 10864 97
220 134 10915 113
220 135 11208 93
220 131 10905 104
220 150 11738 102
220 130 12138 107
220 130 11249 106
220 147 11075 92
220 139 11547 101
220 136 11871 103
220 133 11665 104
220 133 10973 109
220 131 10679 101
220 146 11685 101
220 134 11185 107
220 134 11254 97
220 138 11388 109
220 142 13109 102
240 130 12367 115
240 142 12342 110
240 128 12103 106
240 125 10728 112
240 145 12511 97
240 143 13605 109
240 137 12664 109
240 139 11999 97
240 134 11823 113
240 135 11779 93
240 132 12335 104
240 151 12875 102
240 130 12896 107
240 130 13316 106
240 152 13052 96
240 144 12757 101
240 136 14017 103
240 133 15902 104
240 138 12349 110
240 130 11884 104
240 148 12913 101
240 134 11669 107
240 138 12604 97
240 142 13719 109
240 142 14226 102
260 130 13617 115
260 142 13148 110
260 131 13877 106
260 125 12778 112
260 145 13860 97
260 144 15858 109
260 137 13494 109
260 140 13462 97
260 134 12791 113
260 135 13165 93
260 134 13088 104
260 151 14215 102
260 133 14725 107
260 130 19323 107
260 152 13739 96
260 144 13227 101
260 137 14532 103
260 133 18735 104
260 141 13254 110
260 136 13779 114
260 155 14019 101
260 135 12733 107
260 140 14399 97
260 142 15768 109
260 142 15088 102
280 131 14636 115
280 142 15388 110
280 131 14820 106
280 125 13906 112
280 145 21210 97
280 144 16868 109
280 138 14485 109
280 140 14135 97
280 135 15128 113
280 141 16050 102
280 135 14177 104
280 151 15236 102
280 137 16636 107
280 132 25910 107
280 152 15217 96
280 144 17119 101
280 137 16206 103
280 134 14699 104
280 141 14435 110
280 136 15495 114
280 155 15864 101
280 135 14153 107
280 148 19017 97
280 142 17795 109
280 143 16311 102
300 132 15746 115
300 142 16943 110
300 131 18794 106
300 127 18002 112
300 145 22324 97
300 144 18156 109
300 138 16505 109
300 140 15941 97
300 136 17178 113
300 141 17406 102
300 136 16150 104
300 151 17075 102
300 140 17230 107
300 136 32694 107
300 137 15135 109
300 144 17486 101
300 137 19350 103
300 136 16255 104
300 141 16038 110
300 136 18257 114
300 162 17499 101
300 136 16636 107
300 148 24310 97
300 142 17211 109
300 143 17895 102
