6697 52 5092 42 3562 54 42
6760 50 4453 40 5713 65 40
10758 55 7785 46 4393 63 46
29729 70 9482 51 5743 69 51
11194 76 14437 58 3618 70 58
8117 63 18037 61 3923 69 61
9665 64 9316 50 4309 67 50
13516 69 8563 49 14146 69 49
2431 45 6291 43 4761 62 43
3034 45 5325 42 6647 76 42
8268 58 6144 44 2881 62 44
6154 56 6728 46 3966 62 46
5466 57 14083 56 6024 73 56
10565 54 3945 38 4452 55 38
8379 63 8359 49 6278 71 49
6740 49 4942 42 6869 63 42
13887 72 8406 48 3741 67 48
3542 49 7831 48 9238 71 48
5705 59 4802 42 8011 71 42
3577 49 6996 45 4604 66 45
10194 61 9916 51 5857 72 51
9882 56 4336 40 6898 78 40
3344 45 4253 40 4879 64 40
6820 50 5881 42 2918 58 42
11253 67 9289 50 4800 71 50
9406 52 6770 45 8432 65 45
7397 54 4599 40 5275 69 40
4544 49 6720 46 10462 80 46
2305 44 6198 44 2758 59 44
6854 57 15102 57 6672 74 57
