16206 55 12432 43 19546 74 43
26521 55 12451 44 11606 66 44
28157 62 14607 46 11690 67 46
16599 55 13977 45 13540 69 45
37329 72 46917 67 8376 75 67
45617 82 16056 48 8604 71 48
12724 46 10068 40 12095 72 40
16711 62 16405 48 14141 84 48
15778 62 20273 51 20124 77 51
16566 55 8842 38 13635 73 38
18810 52 14337 46 9745 65 45
11847 54 18791 49 17514 81 49
31288 63 26351 55 12739 73 55
18176 55 20727 51 12313 65 51
17642 61 32772 60 14018 79 60
25034 64 12161 43 11532 72 43
25997 64 12572 44 14734 75 44
9499 55 21661 54 16710 78 54
5609 45 15008 45 12187 72 45
9455 58 31910 58 15620 80 58
15292 58 17419 49 15078 82 49
12836 52 17502 49 25085 77 49
13619 64 18214 50 15256 81 50
21342 63 17687 49 27352 73 49
22481 62 14803 46 15244 69 46
16574 58 20510 52 16870 76 52
4610 45 12921 44 11897 68 44
14971 61 30594 57 9298 70 57
12149 55 20231 52 14451 68 52
21353 74 60799 74 37814 91 74
