13781 62 16975 53 8246 69 53
11411 66 13588 50 12936 71 50
11094 58 15565 52 16801 77 52
12067 59 15024 53 14546 79 53
15344 55 9953 46 5658 76 46
13252 68 15326 53 12707 94 53
24378 65 12419 48 5535 65 48
9189 61 15092 53 10053 73 53
11797 53 8877 45 9624 66 45
18712 60 13006 50 7393 66 50
13205 61 4666 36 5648 67 36
10660 64 15704 54 7161 76 54
16345 56 11259 47 12396 65 47
13600 59 7596 42 7156 68 42
4754 52 11479 47 5904 65 47
10866 53 9135 45 6416 65 45
6524 57 16480 55 8184 72 55
13659 54 8723 44 9287 74 44
8014 59 20935 59 9614 73 59
4131 47 10699 47 5211 62 47
14493 66 15195 53 4039 67 53
36288 76 17446 56 6940 77 56
12934 56 7056 41 9492 68 41
4471 49 10982 47 8991 67 47
8087 55 11496 47 7489 63 47
3560 40 6690 40 9617 65 40
4369 49 6552 40 18104 70 40
27541 62 15866 53 9073 75 53
13769 56 12790 49 4558 58 49
5397 55 16512 55 13121 76 55
