7352 50 13077 47 10315 70 47
8305 57 17806 53 9272 74 53
12969 61 9761 44 10580 67 43
5475 50 11733 45 10839 72 45
13621 58 21244 57 11844 78 57
8423 53 11595 45 7695 74 45
18756 60 11511 45 6412 65 45
5111 48 12383 45 20042 74 45
4172 48 13740 47 25173 73 47
14829 58 12706 47 8915 67 47
19383 73 14322 49 12207 82 49
9019 58 9178 43 12519 73 43
13016 58 9355 43 7637 68 43
19040 68 12545 46 8221 64 46
5887 53 18107 53 11614 72 53
5486 48 10533 44 14150 85 44
8324 54 7670 40 9620 63 40
11947 64 11541 46 16907 76 46
16919 55 7466 40 8314 79 39
27222 77 24534 59 23473 83 59
26193 70 17103 51 11323 76 51
10920 59 8350 42 21699 75 42
6052 51 11443 45 8491 74 45
9456 52 9563 44 9153 75 44
14805 54 8413 42 8863 67 42
13081 55 14142 49 17576 86 49
11945 57 4270 33 6683 62 33
41520 64 8222 42 16803 73 42
23453 65 32985 63 20377 79 63
16632 58 9119 43 9527 66 43
