8114 49 5704 40 6322 71 40
22160 63 12680 52 6735 65 52
7969 65 18334 59 7166 81 59
8289 52 11694 49 5115 64 49
3476 46 8391 46 5662 66 46
5957 52 7111 44 5628 69 44
4962 51 11948 49 5881 68 49
8509 64 21208 62 7417 78 62
6854 59 8578 47 7921 74 47
11104 56 7005 44 7063 73 44
2804 42 6177 42 5822 65 42
8815 65 24408 65 5632 75 65
3572 47 8466 45 5943 66 45
11892 63 17150 58 3587 67 58
12217 53 4461 37 18168 74 37
11893 61 10007 49 6512 76 49
6079 48 4427 38 7443 61 38
11566 68 18866 59 6930 74 59
11826 52 7533 44 3506 64 44
3759 46 8735 46 5313 67 46
6962 60 12450 51 13293 75 51
8511 52 9607 47 6366 72 47
13343 75 11072 44 6696 70 43
13203 56 5528 40 8030 68 40
11164 60 5462 40 5718 63 40
6130 52 7727 45 5983 72 45
6601 58 11810 50 6284 72 50
11526 62 9872 48 8201 70 48
14525 66 12331 52 5718 78 52
9315 60 9581 48 4191 67 48
