2962 53 6948 50 4769 67 50
3847 50 4083 42 3917 71 42
11865 62 5350 45 6411 75 45
7976 64 9317 53 11592 78 53
1956 43 3918 40 5984 72 39
5544 55 4076 39 5437 65 39
8953 53 2629 34 2030 57 34
8448 49 3252 37 5304 67 37
2203 48 6637 48 3875 66 48
9722 50 5991 46 3161 63 46
7077 50 4715 43 4138 62 43
2060 47 5776 47 1998 59 47
8228 46 2003 28 1112 43 28
11889 68 7291 50 6841 69 50
6097 61 8751 54 5003 71 54
6001 58 7274 48 3694 66 48
6639 57 4976 45 6682 75 45
4587 53 3013 37 3155 58 37
6980 62 6734 48 2631 61 48
3482 52 4623 44 2677 65 44
3572 44 2311 32 1730 58 32
3041 50 7258 50 6738 80 50
1162 36 2926 36 7013 59 36
2259 42 3960 41 16284 81 41
1161 36 2857 36 6126 68 36
5936 59 4535 44 3477 68 44
3065 46 3925 40 3050 63 40
3091 53 2936 37 3449 57 37
1647 40 3711 40 4076 75 40
5183 54 4553 43 6326 64 43
