11778 53 24271 53 16249 79 53
36603 73 22169 51 15943 75 51
32657 66 16726 48 10827 69 48
48959 65 18603 47 22165 74 47
20611 58 21134 51 14502 74 51
16915 63 38750 62 16852 80 62
15904 56 15579 46 20584 68 46
7813 47 14405 44 11975 62 44
43973 75 27653 56 18746 80 56
12105 54 21613 51 20712 66 51
11182 54 24808 54 26941 72 54
15330 53 15221 45 19493 67 45
16123 60 19418 50 9845 68 50
18279 57 16931 48 15425 76 48
19092 64 26557 54 15825 84 54
31554 64 17234 48 17023 70 48
7992 49 16652 47 15595 71 47
15130 52 9558 38 18111 62 38
26868 63 22925 52 10802 68 52
10938 57 30228 57 28879 79 57
24912 63 27408 56 19277 78 56
10115 50 18189 48 10922 73 48
18660 64 37331 60 32091 93 60
14557 52 15676 45 14044 73 45
30726 69 17440 48 31042 86 48
40124 57 11132 41 35946 76 41
22456 69 24159 54 6811 71 53
28124 63 18709 49 10517 65 49
15544 59 29420 56 15123 81 56
7992 55 29018 55 16847 78 55
