13195 59 14744 48 12275 75 48
27966 61 14148 47 11701 79 47
25461 70 24096 56 30157 81 56
8945 56 19134 53 16487 85 53
16913 70 16444 50 13552 77 50
38371 54 19448 53 13047 71 53
14693 51 15960 49 11106 70 49
11773 58 20128 54 8040 74 54
15316 56 16044 49 18299 69 49
20196 58 17207 51 17286 80 51
21736 65 24997 57 6839 71 57
17872 56 10052 42 11258 66 41
20672 60 18389 52 14437 75 52
12808 62 34696 62 9313 71 62
16079 69 20814 55 10222 77 55
22868 61 9978 41 20353 68 41
17593 58 11788 44 8774 71 44
8412 53 19988 53 11399 72 53
22939 63 14569 48 13453 75 48
14978 52 15705 49 13655 75 49
13870 60 10416 43 23345 81 43
9020 55 27269 53 10927 72 52
20593 73 25124 57 25495 92 57
19656 53 8402 40 9338 72 40
12837 50 13184 46 9607 63 46
12438 53 14115 47 11263 68 47
8114 56 23627 56 18879 70 56
25313 66 13478 46 19684 76 46
28193 82 23118 56 21661 84 56
7194 51 12488 44 14431 71 44
