100 185 21023 162
100 185 20266 162
100 215 24664 194
100 205 24236 192
100 201 21515 188
100 193 20171 184
100 214 24244 204
100 204 21996 200
100 219 25239 203
100 209 23687 187
100 198 21599 186
100 177 16478 160
100 184 17979 168
100 190 19008 180
100 189 19250 177
100 211 23930 202
100 204 22144 198
100 191 19001 182
100 187 18202 167
100 187 17734 177
100 195 19101 181
100 191 19337 181
100 194 19809 178
100 206 22029 194
100 222 24929 210
100 220 25299 213
200 188 45670 168
200 215 122955 194
200 220 145629 209
200 201 90041 188
200 217 125545 200
200 214 122093 204
200 204 100671 200
200 219 149470 203
200 212 115942 188
200 205 109596 186
200 227 166414 219
200 212 119875 196
200 215 111213 201
200 192 46955 177
200 220 147032 204
200 205 98704 198
200 198 101917 182
200 191 47047 185
200 188 44520 177
200 199 93822 183
200 214 122287 206
200 200 50124 180
200 206 112590 194
