10 232 3219 232
10 192 1355 190
10 221 1709 204
10 270 1255 259
10 215 1259 203
10 221 2112 216
10 229 1247 225
10 213 827 211
10 186 817 184
10 279 1065 276
10 269 934 262
10 209 1344 205
10 204 935 200
10 247 1690 245
10 249 940 245
10 207 944 205
10 193 716 190
10 267 1332 253
10 246 1338 245
10 220 1478 219
10 167 629 165
10 243 1328 238
10 269 1375 266
10 231 941 226
10 196 519 191
20 479 5638 473
20 418 2864 415
20 487 3137 482
20 427 2776 414
20 521 3223 515
20 426 4003 417
20 469 3517 464
20 485 2697 471
20 397 2793 392
20 509 2451 502
20 487 2010 478
20 409 2266 402
20 416 2391 409
20 454 4588 444
20 518 2321 510
20 431 4419 424
20 438 3450 431
20 488 3006 472
20 486 2681 480
20 480 2856 477
20 350 1057 344
20 430 2597 425
20 446 3170 441
20 481 3450 476
20 410 2699 407
30 725 8080 719
30 674 7355 650
30 706 26885 687
30 629 4112 611
30 721 8960 699
30 666 8952 640
30 615 5540 608
30 665 4402 645
30 688 7137 676
30 747 8031 738
30 688 3139 677
30 635 3430 626
30 607 3906 595
30 711 7395 697
30 761 3367 739
30 640 7560 616
30 694 5189 683
30 700 4221 667
30 706 4319 689
30 749 4023 743
30 538 3279 521
30 618 5244 606
30 678 4967 664
30 735 5907 724
30 688 7078 680
40 947 14188 939
40 919 14441 885
40 938 40806 895
40 847 8234 831
40 957 11984 934
40 890 9161 860
40 947 30454 888
40 873 7193 799
40 938 9377 914
40 1016 11098 1001
40 970 7062 932
40 885 4477 870
40 831 6712 804
40 918 11426 898
40 995 18190 952
40 862 10471 830
40 922 8261 903
40 913 6690 879
40 971 15315 930
40 995 9164 969
40 717 4730 688
40 820 5976 800
40 914 8821 874
40 1003 8082 959
40 907 11110 875
50 1128 16711 1113
50 1110 58657 1066
50 1208 12233 1163
50 1098 10864 1074
50 1214 14417 1176
50 1103 14459 1067
50 1159 50226 1079
50 1107 16795 1029
50 1191 13578 1142
50 1214 17306 1189
50 1208 10301 1167
50 1178 14460 1133
50 1057 9992 1019
50 1145 14300 1108
50 1280 34812 1219
50 1092 14319 1040
50 1145 34665 1099
50 1157 14054 1097
50 1173 22037 1118
50 1236 11071 1189
50 994 8742 920
50 1079 95983 1022
50 1134 171283 1072
50 1230 11975 1172
50 1145 14867 1098
60 1358 21602 1325
60 1365 94304 1288
60 1510 13665 1446
60 1310 14948 1282
60 1475 19341 1432
60 1389 32676 1311
60 1391 77224 1291
60 1313 22607 1233
60 1402 24713 1341
60 1482 25304 1434
60 1468 13671 1410
60 1383 19001 1336
60 1235 11612 1184
60 1424 19169 1382
60 1491 27887 1414
60 1288 18879 1231
60 1387 18840 1319
60 1383 17778 1313
60 1450 30054 1369
60 1421 74194 1362
60 1181 15676 1160
60 1313 111696 1246
60 1389 33711 1315
60 1496 14923 1423
60 1322 17992 1273
70 1571 24935 1526
70 1594 199527 1515
70 1814 32203 1673
70 1592 80688 1536
70 1710 29053 1657
70 1649 38762 1545
70 1592 479672 1480
70 1560 29679 1462
70 1658 55071 1605
70 1756 100526 1709
70 1702 27827 1603
70 1568 22508 1518
70 1525 100790 1423
70 1689 30936 1634
70 1735 94514 1648
70 1501 28320 1421
70 1632 42790 1525
70 1710 203820 1608
70 1654 41615 1555
70 1725 212254 1642
70 1408 21241 1382
70 1464 19450 1439
70 1592 31127 1511
70 1742 17231 1667
70 1519 283203 1460
80 1826 38469 1757
80 1807 185817 1719
80 2055 41780 1899
80 1816 131150 1750
80 1909 33445 1856
80 1962 45844 1819
80 1790 161847 1656
80 1761 43906 1650
80 1923 79049 1850
80 2019 1581994 1958
80 1921 49175 1799
80 1862 280977 1785
80 1756 73106 1637
80 1932 44649 1866
80 1919 65014 1796
80 1737 56470 1645
80 1879 74765 1769
80 1986 210448 1860
80 1943 56582 1812
80 1917 184668 1801
80 1620 45797 1572
80 1687 22242 1657
80 1838 44766 1711
80 1946 20605 1830
80 1750 87480 1678
90 2201 42026 2106
90 2124 196524 2018
90 2319 65939 2125
90 2110 267592 2001
90 2199 40313 2112
90 2204 71757 2045
90 2076 209513 1895
90 2003 1794092 1898
90 2152 113833 2070
90 2266 604359 2193
90 2136 256463 1991
90 2089 448643 1978
90 2050 686172 1890
90 2283 64229 2137
90 2125 124545 1978
90 1970 199621 1850
90 2068 94583 1938
90 2306 2359381 2137
90 2165 145949 2027
90 2157 822932 2073
90 1786 50003 1719
90 1961 37299 1906
90 2055 51038 1947
90 2205 27313 2068
90 2038 96365 1935
100 2465 56176 2324
100 2354 219415 2221
100 2612 103955 2388
100 2273 260992 2138
100 NaN NaN NaN
100 2385 123638 2211
100 2331 967088 2130
100 2309 647395 2129
100 2369 187105 2286
100 2535 5406765 2423
100 2416 1099191 2194
100 2251 990168 2136
100 2304 166250 2128
100 2512 66706 2333
100 2407 299826 2226
100 2222 347666 2080
100 2278 83336 2095
100 2554 6092522 2325
100 2420 124378 2266
