70 76 514 53
70 60 307 47
70 60 468 47
70 74 744 49
70 59 446 50
70 68 341 51
70 59 240 46
70 69 342 45
70 70 343 59
70 71 445 54
70 57 341 49
70 61 542 50
70 66 438 44
70 71 344 54
70 71 460 52
70 65 353 50
70 63 344 47
70 61 342 48
70 58 342 45
70 71 346 49
70 72 238 50
70 62 237 52
70 63 236 46
70 67 344 46
70 63 337 50
80 78 448 53
80 62 347 47
80 72 548 47
80 74 951 49
80 65 350 50
80 68 348 51
80 59 344 46
80 64 746 45
80 70 450 59
80 85 553 54
80 60 444 49
80 74 650 51
80 63 745 44
80 71 449 54
80 71 768 52
80 69 343 50
80 63 354 47
80 62 550 48
80 60 853 45
80 71 346 49
80 72 447 50
80 65 342 52
80 63 545 46
80 67 448 46
80 63 447 50
90 81 655 53
90 62 453 51
90 72 655 47
90 74 1059 49
90 66 667 50
90 71 560 51
90 63 465 46
90 71 1051 55
90 70 558 59
90 87 960 54
90 61 756 49
90 73 854 51
90 64 753 44
90 82 658 54
90 77 1054 52
90 73 446 50
90 63 454 47
90 67 657 48
90 60 1060 45
90 72 567 56
90 72 450 50
90 65 447 52
90 69 652 47
90 66 651 46
90 65 452 50
100 79 660 53
100 64 659 51
100 76 1075 47
100 74 1262 49
100 70 664 50
100 72 659 51
100 63 556 46
100 75 1760 55
100 73 864 59
100 86 1773 54
100 65 2169 49
100 74 960 51
100 69 1262 44
100 84 965 54
100 78 1466 52
100 73 669 50
100 63 553 47
100 67 1065 48
100 61 1468 45
100 79 657 56
100 72 652 50
100 65 1360 52
100 69 655 47
100 72 975 49
100 65 657 50
110 79 868 53
110 63 865 51
110 78 2089 47
110 75 965 49
110 79 870 50
110 74 1586 51
110 68 866 46
110 71 1866 55
110 76 1372 59
110 88 1576 54
110 65 2883 49
110 74 1466 51
110 73 1310 45
110 90 1670 54
110 78 1773 52
110 75 1063 50
110 66 863 47
110 69 1173 48
110 77 1068 49
110 86 1067 56
110 72 860 50
110 69 1067 52
110 69 762 47
110 72 1167 49
110 70 1166 50
120 79 1071 53
120 64 1070 51
120 73 2182 47
120 80 2179 49
120 79 1780 50
120 79 1778 51
120 73 1374 46
120 71 1468 55
120 77 1376 59
120 86 3293 54
120 67 2587 49
120 75 2282 51
120 74 2277 45
120 90 2484 54
120 78 1680 52
120 75 1270 50
120 68 1272 47
120 71 1982 48
120 93 2284 49
120 80 1476 56
120 72 1166 50
120 69 1977 52
120 70 1473 47
120 73 1693 49
120 70 1369 50
130 79 1682 53
130 74 2387 51
130 76 2091 47
130 82 2285 51
130 79 1788 50
130 79 2788 51
130 71 1380 46
130 83 2380 55
130 77 2692 59
130 84 3098 54
130 74 5408 49
130 77 3194 51
130 72 2889 45
130 90 3191 54
130 82 2692 52
130 75 1677 50
130 72 1480 47
130 72 2291 48
130 94 3499 49
130 80 1895 56
130 75 1773 52
130 81 2989 52
130 72 1780 47
130 78 2086 49
130 75 1900 51
140 79 2797 53
140 80 3398 51
140 84 4512 47
140 82 5413 51
140 80 3301 50
140 78 3097 51
140 87 2592 46
140 82 2990 55
140 88 5416 59
140 83 4713 54
140 74 12564 49
140 79 4102 51
140 72 4202 45
140 94 4016 54
140 84 3402 52
140 75 2488 50
140 73 2190 47
140 77 3100 48
140 94 9444 49
140 82 2896 56
140 76 2389 52
140 82 3703 52
140 74 2188 47
140 83 3724 51
140 75 3600 51
150 79 3606 53
150 77 4730 51
150 86 4717 47
150 80 6222 51
150 82 4008 50
150 78 4614 51
150 87 3505 46
150 80 4315 55
150 78 8139 59
150 90 9369 54
150 89 67259 49
150 78 9042 51
150 80 5111 45
150 97 6831 54
150 84 5425 52
150 78 4107 50
150 73 4814 47
150 82 4821 48
150 97 6139 49
150 83 5214 56
150 76 4110 52
150 82 4011 52
150 74 2893 47
150 84 3305 51
150 87 5921 51
160 85 4718 53
160 74 7033 51
160 84 10970 47
160 84 8344 51
160 83 6832 50
160 88 10261 51
160 88 5224 46
160 87 7431 55
160 91 12072 59
160 91 10766 54
160 89 21136 49
160 82 10558 51
160 72 6428 45
160 94 7842 54
160 85 7945 52
160 77 52452 50
160 80 5624 47
160 83 6331 48
160 95 23556 49
160 81 5521 56
160 75 8041 52
160 82 6731 52
160 77 5016 47
160 84 4819 51
160 87 8142 51
170 83 6835 53
170 82 11572 51
170 86 9056 47
170 85 12679 51
170 83 8245 50
170 88 9661 51
170 88 7036 46
170 82 10354 55
170 98 9762 59
170 95 15603 54
170 80 68579 49
170 84 25367 51
170 77 8650 46
170 94 10566 54
170 87 10769 52
170 75 9754 50
170 82 10161 47
170 84 10871 48
170 96 18223 49
170 84 9555 56
170 82 9051 52
170 86 9054 52
170 79 6630 47
170 84 24870 51
170 100 14993 51
180 83 9762 53
180 84 13992 51
180 85 8456 50
180 84 17216 51
180 86 11979 50
180 86 18022 51
180 87 11375 46
180 94 15801 55
180 95 17321 59
180 94 28801 54
180 81 224805 49
180 89 13284 51
180 83 13187 46
180 89 14401 54
180 81 14705 52
180 78 20605 50
180 84 17535 47
180 85 14938 48
180 89 15155 49
180 88 13648 56
180 80 17233 52
180 87 17638 52
180 84 10724 47
180 90 9175 51
180 100 16851 51
190 99 12772 53
190 83 21233 51
190 85 13571 50
190 84 24203 51
190 91 13605 50
190 88 18485 51
190 89 18389 46
190 84 20276 55
190 86 18818 59
190 104 25179 54
190 87 48222 49
190 87 24051 51
190 78 17628 46
190 91 19327 54
190 82 19982 52
190 78 14127 50
190 81 24098 47
190 84 17855 48
190 89 24090 49
190 89 21494 56
190 81 18396 52
190 89 11922 52
190 83 13196 47
190 84 19740 51
190 97 22903 51
200 85 12232 53
200 87 32941 51
200 89 21816 50
200 85 27328 51
200 86 16767 50
200 88 23399 51
200 91 18956 47
200 88 26486 55
200 91 25066 59
200 100 26811 54
200 80 47257 49
200 89 34024 51
200 83 16687 46
200 93 30668 54
200 84 24101 52
200 90 20011 50
200 79 167266 47
200 85 27088 48
200 100 30240 49
200 86 21060 56
200 84 29780 52
200 94 16781 52
200 85 12950 47
200 87 477872 51
200 97 27640 51
