10 160 24125 160
10 152 20364 152
10 210 67481 210
10 127 10196 117
10 190 44961 190
10 155 28233 155
10 187 38049 187
10 216 92794 161
10 153 31334 153
10 146 15536 140
10 179 20665 179
10 184 26206 184
10 137 13294 137
10 183 17632 183
10 132 12797 125
10 138 18944 136
10 203 51815 203
10 136 16425 136
10 152 28842 152
10 199 43914 199
10 128 15848 128
10 195 17050 195
10 209 58988 209
10 143 13121 143
10 170 35324 170
20 194 83909 194
20 164 66395 164
20 210 211682 210
20 179 93021 179
20 190 112409 190
20 155 49341 155
20 187 87236 187
