26223 94 72320 94 10858 99 94
39228 101 94499 101 12607 106 101
23269 92 72592 92 11478 100 92
53438 110 145815 110 11724 107 110
29909 96 77326 96 11915 97 96
44920 104 111992 104 16434 107 104
24908 92 76663 92 12793 103 92
38787 98 98742 98 10378 99 98
47815 104 106163 104 17048 107 104
44761 106 107002 106 14131 107 106
49305 111 149892 111 16565 118 111
18336 85 50636 85 8773 98 85
52463 103 100788 103 12233 104 103
25182 91 63568 91 8879 101 91
31133 95 77397 95 10823 104 95
24066 91 68223 90 11194 97 90
24936 92 62720 91 14152 104 91
26090 92 71584 92 13031 101 92
44279 103 101125 103 12639 107 103
28310 94 74906 94 15275 108 94
28176 93 73621 93 10634 101 93
25205 90 72734 90 11192 98 90
26423 90 59265 90 12910 103 90
31752 98 96361 98 15200 109 98
42070 104 104288 104 16428 109 104
45915 104 104274 104 13182 105 104
19702 84 43903 83 8203 98 83
39961 104 113127 104 15441 106 104
15694 79 46253 79 10839 95 79
28514 92 67405 92 11188 98 92
