15490 89 45180 89 14711 106 89
31519 104 80556 104 8056 105 104
22326 94 51607 94 7633 101 94
30464 101 73483 101 9704 102 101
32037 104 101091 104 8313 104 104
16679 86 45841 86 6249 95 86
13104 84 33143 84 4416 91 84
24672 98 70082 98 8839 102 98
35059 104 83176 104 7605 103 104
13632 85 36713 85 7522 97 85
16970 90 41149 88 7404 100 88
28381 103 76373 103 9565 110 103
19689 91 47178 91 8142 102 91
24190 99 61848 99 9026 104 99
23824 99 61113 99 8537 106 99
15573 88 41098 88 5405 93 88
31506 103 82239 103 8818 111 103
23454 102 63189 102 8855 102 102
18866 92 49357 92 7055 100 92
18641 91 47380 91 8275 103 91
13892 87 39764 87 8455 100 87
28364 102 68820 102 9094 103 102
16096 88 41112 88 9033 99 88
30960 105 76171 105 42368 106 105
13077 81 29541 81 6869 95 81
19478 94 50794 90 8459 96 90
18295 95 47354 92 7836 103 92
19102 89 40631 89 7269 105 89
17653 90 46382 90 7208 104 90
35046 106 85335 106 8094 113 106
