48465 103 143655 103 19834 112 103
22516 85 49749 83 17028 101 83
NaN NaN 84729 94 17126 102 94
50976 104 134075 104 13145 105 104
41327 101 117062 101 17798 103 101
38140 96 95461 96 12544 104 96
24932 89 75433 89 13067 96 89
24786 87 56121 86 47019 100 86
29337 92 86972 92 13039 100 92
51560 102 117813 102 20690 108 102
34780 94 84225 94 13825 107 94
24726 91 71193 91 70149 104 91
32231 94 79316 94 15246 108 94
22831 88 67604 88 14383 105 88
35584 87 66891 87 16579 96 87
33824 88 67485 88 11541 103 88
25890 90 78630 90 12930 94 90
43926 103 109327 103 12648 107 103
98443 96 91934 96 13139 102 96
38913 96 99671 96 30391 107 96
54030 106 155746 106 13761 104 106
57704 112 206400 112 60973 119 112
45822 103 120451 103 13843 106 103
47638 105 140270 105 18821 106 105
35427 96 91871 96 17798 109 96
54536 111 174165 111 19411 119 111
44220 100 102418 100 13001 104 100
35547 96 96860 96 16383 105 96
38091 96 94370 96 12898 101 96
39334 97 108363 97 13648 102 97
