45012 100 138866 100 14643 108 100
38974 95 97039 95 12704 99 95
44615 99 128597 99 16320 102 99
30861 91 79093 91 18152 103 91
49105 98 112096 98 20254 105 98
37145 94 92117 94 12729 100 94
55164 104 146937 104 21665 105 104
48425 104 132178 104 20934 106 104
45524 102 117111 102 14400 104 102
246149 106 154038 106 18101 108 106
40463 95 102024 95 13126 103 95
44210 95 103696 96 13368 103 95
38917 95 93490 95 20781 111 95
39314 94 101556 94 20567 105 94
185983 98 106920 98 13402 104 98
35375 92 79921 92 11644 99 92
50716 107 162112 107 28671 108 107
29307 87 74623 86 13561 98 86
39412 97 105503 97 13971 106 97
35484 92 87856 92 14052 97 92
47654 96 109731 96 15128 105 96
41432 93 95318 94 23982 113 93
46491 99 119019 99 21753 103 99
46318 97 106348 97 13115 104 97
NaN NaN 99278 96 15589 104 95
36309 92 85518 92 15293 103 92
31680 89 77727 89 23808 104 89
46057 99 117217 99 14334 105 99
51921 100 127561 100 17388 103 100
35243 95 95023 95 14626 96 95
71906 94 81557 94 12590 103 94
46112 98 105007 98 15722 103 98
47511 98 102264 98 18305 107 98
135657 100 119763 100 19340 108 100
NaN NaN 124018 97 24091 106 97
34028 88 76048 88 16550 100 88
81981 117 NaN NaN 25446 120 117
59217 105 155721 105 979530 110 105
57518 105 168215 105 19093 106 105
36986 92 86285 92 14308 101 92
56096 104 222255 104 21140 107 104
46104 98 113635 98 16498 105 97
65389 110 216627 110 23186 113 110
31702 89 76814 89 12747 98 89
33856 93 89890 93 34284 102 93
49218 101 144027 101 25870 105 101
44652 98 113780 98 17447 103 98
41955 95 96727 95 14901 103 95
32286 89 86771 89 12943 103 89
29642 89 86459 90 12211 102 89
53316 101 137489 101 14687 104 101
43898 95 96302 95 16711 104 95
