22076 90 51141 90 9485 96 90
20037 91 55405 91 9659 103 91
27235 98 75063 98 9688 106 98
24697 92 66772 92 8549 97 92
30427 103 83986 103 14687 111 103
45724 110 113751 110 22955 120 110
31178 102 84718 102 27774 103 102
39678 104 94746 104 12019 106 104
33365 103 90801 103 10047 106 103
27250 99 69237 99 9957 102 99
37471 101 85428 101 9039 102 101
24495 94 61875 94 13032 101 94
23515 92 60170 92 11862 105 92
19146 89 48079 89 10261 100 89
26599 99 73747 99 14046 109 99
28046 98 74519 98 10699 101 98
38867 107 101375 107 13856 109 107
27523 92 59625 92 12684 97 92
22281 95 68764 95 12165 105 95
21366 93 69269 93 11197 97 93
15635 84 40822 84 9655 98 84
28020 98 73129 98 9417 103 98
30651 98 74576 98 10152 101 98
26394 92 52680 92 10131 104 92
19974 90 49272 87 10546 98 87
27629 94 69268 94 14768 108 94
25585 97 65512 97 10401 100 97
33491 99 79728 99 8143 102 99
30807 98 78619 98 18182 105 98
21389 89 51711 89 19487 101 89
