13509 92 37066 92 6170 103 92
19901 102 57220 102 6621 103 102
9787 80 30010 80 7995 92 80
13838 89 34408 89 5130 101 89
11096 83 29448 83 9294 96 83
16480 94 41326 94 7671 103 94
12746 91 35848 91 7206 105 91
23679 106 61031 106 7037 107 106
19228 98 54911 98 8192 105 98
19787 96 43331 96 6376 106 96
13561 89 36829 89 5076 97 89
7526 79 21886 78 4798 92 78
15019 90 39635 90 5370 101 90
10616 86 31407 86 4576 94 86
7821 79 18828 75 9643 103 75
13992 92 45022 92 5746 94 92
16722 98 47270 98 6348 101 98
10434 83 29271 81 4625 92 81
11720 85 33091 85 4304 93 85
18786 92 36782 92 5280 101 92
15521 93 45246 93 8168 100 93
24600 111 73797 111 8098 112 111
8971 79 23292 77 5314 91 77
10276 82 28933 82 7636 101 82
18516 92 44130 92 5790 100 92
11406 82 27411 82 6739 94 82
18213 97 50692 97 7085 108 97
14213 91 36552 91 5675 101 91
17685 97 44034 97 6260 102 97
25179 105 68197 105 12049 112 105
