53072 98 136614 98 22353 105 98
53405 102 158265 102 17543 103 102
54740 98 144748 98 34375 101 98
31697 87 77175 86 19799 103 86
45973 94 125066 94 25063 109 94
57437 101 157645 101 18541 105 101
131033 115 NaN NaN 52516 120 115
60788 102 166610 102 21565 113 102
51001 95 112858 95 13878 101 95
46075 95 114362 95 13830 99 95
56314 101 159645 101 20412 103 101
51656 98 120899 98 14209 103 98
30920 85 69739 85 20283 101 85
64811 107 NaN NaN 24985 109 107
58820 101 157244 101 20047 106 101
82002 113 NaN NaN 34473 118 113
57025 94 123417 94 27606 102 94
42825 90 105560 90 12689 96 90
77980 107 NaN NaN 35417 118 107
38713 89 97338 89 23100 109 89
72179 112 NaN NaN 26522 119 112
96550 88 81781 88 14328 100 88
101965 113 NaN NaN 29001 113 113
57069 99 142236 99 20235 101 99
60968 103 223468 103 23343 111 103
33570 91 90562 91 18763 106 91
49635 96 116846 96 15025 105 96
58880 103 174660 103 23929 112 103
53152 98 128818 98 20372 107 98
59056 100 153699 100 22496 104 100
