20 25 150 20
20 25 120 19
20 28 118 22
20 32 233 26
20 26 113 20
20 28 114 22
20 26 108 20
20 26 112 21
20 25 109 19
20 25 213 21
20 26 109 18
20 24 112 22
20 32 124 26
20 25 109 17
20 30 228 22
20 24 109 20
20 24 110 17
20 28 113 21
20 26 111 24
20 26 119 20
20 28 111 26
20 27 115 20
20 28 111 26
20 29 219 24
20 26 110 21
40 25 215 20
40 26 224 22
40 29 238 22
40 32 332 26
40 26 116 20
40 28 225 22
40 27 321 20
40 28 218 22
40 28 248 24
40 26 240 21
40 27 223 23
40 29 220 22
40 32 229 26
40 29 241 21
40 30 242 22
40 25 217 20
40 30 233 24
40 29 227 22
40 26 226 24
40 27 231 20
40 29 216 26
40 33 320 26
40 28 223 26
40 30 224 25
40 26 215 21
60 28 323 26
60 27 345 22
60 29 329 22
60 32 348 26
60 27 235 20
60 28 244 22
60 27 341 20
60 28 329 22
60 29 348 24
60 26 333 21
60 29 344 23
60 29 329 22
60 32 439 26
60 29 326 21
60 30 339 24
60 26 236 21
60 30 351 24
60 29 256 22
60 28 339 24
60 27 338 22
60 30 334 26
60 33 448 26
60 31 328 26
60 31 320 25
60 26 223 21
80 28 356 26
80 30 450 26
80 30 459 25
80 32 465 26
80 28 451 21
80 29 338 22
80 29 471 26
80 29 1532 22
80 29 451 24
80 27 544 21
80 29 446 23
80 29 673 22
80 32 894 26
80 30 437 22
80 30 468 24
80 31 875 27
80 30 653 24
80 29 362 22
80 29 2208 24
80 29 344 23
80 30 365 26
80 33 1271 26
80 31 442 26
80 31 436 25
80 26 329 25
100 28 1134 26
100 30 1875 26
100 31 1565 25
100 32 1942 26
100 29 1298 21
100 29 1172 22
100 28 969 26
100 29 4697 22
100 30 1000 26
100 30 853 21
100 29 1505 23
100 29 1422 22
100 32 2884 27
100 30 2018 22
100 32 987 25
100 31 2067 27
100 30 5710 24
100 32 3183 25
100 30 12817 24
100 29 872 23
100 30 1193 26
100 33 6352 26
100 31 1276 26
100 32 4704 25
100 30 1081 25
120 28 3169 26
120 32 27456 28
120 31 14826 25
120 32 12508 26
120 31 17641 24
120 32 14622 25
120 29 5558 26
120 30 20352 25
120 30 1716 26
120 29 7283 21
120 29 7747 23
120 31 24621 22
120 32 34045 27
120 30 15413 22
120 32 8162 25
120 31 6064 27
120 31 26531 24
120 32 9368 25
120 30 61440 24
120 29 2064 25
120 30 7609 26
120 33 19637 26
120 31 3658 26
120 32 9658 25
120 30 3381 25
140 NaN NaN NaN
140 NaN NaN NaN
140 NaN NaN NaN
140 NaN NaN NaN
140 NaN NaN NaN
140 NaN NaN NaN
140 NaN NaN NaN
140 NaN NaN NaN
140 NaN NaN NaN
140 NaN NaN NaN
140 NaN NaN NaN
140 NaN NaN NaN
140 NaN NaN NaN
140 NaN NaN NaN
140 NaN NaN NaN
140 NaN NaN NaN
140 NaN NaN NaN
140 NaN NaN NaN
140 NaN NaN NaN
140 NaN NaN NaN
140 NaN NaN NaN
140 NaN NaN NaN
140 NaN NaN NaN
140 NaN NaN NaN
140 NaN NaN NaN
160 NaN NaN NaN
160 NaN NaN NaN
160 NaN NaN NaN
160 NaN NaN NaN
160 NaN NaN NaN
160 NaN NaN NaN
160 NaN NaN NaN
160 NaN NaN NaN
160 NaN NaN NaN
160 NaN NaN NaN
160 NaN NaN NaN
160 NaN NaN NaN
160 NaN NaN NaN
160 NaN NaN NaN
160 NaN NaN NaN
160 NaN NaN NaN
160 NaN NaN NaN
160 NaN NaN NaN
160 NaN NaN NaN
160 NaN NaN NaN
160 NaN NaN NaN
160 NaN NaN NaN
160 NaN NaN NaN
