10422 45 12274 46 237123 45 45
5840 45 9616 45 128997 45 45
8754 48 10189 46 293701 46 46
7848 48 13039 48 406419 48 48
7258 48 14089 48 270349 48 48
6913 47 12676 47 372155 47 47
8506 51 16795 51 591884 51 51
7800 48 12081 48 311173 48 48
8849 51 18276 50 523458 50 50
7406 47 11989 47 384459 47 47
5974 46 10222 46 276376 46 46
6930 48 14932 48 324849 48 48
10988 50 16752 50 456722 50 50
5850 46 13158 46 241580 46 46
9395 55 20974 55 355168 55 55
7515 44 11235 44 261336 44 44
6965 46 11253 46 331114 46 46
7836 48 12734 48 481738 48 48
11406 53 21590 53 600000 53 53
7944 51 17715 51 441024 51 51
8368 48 15676 48 447705 48 48
7782 50 16588 50 519598 50 50
8973 48 14401 47 268177 47 47
9314 52 18837 52 525259 52 52
8052 51 18843 51 303604 51 51
7614 49 16654 49 225746 49 49
5741 43 9333 43 159195 43 43
7108 49 14139 49 289041 49 49
11135 48 14720 48 559482 48 48
6875 49 13512 49 244497 49 49
