2819 44 4890 44 28499 44 44
3052 45 4846 45 31010 45 45
3346 47 6132 47 39705 47 47
2841 48 6218 48 36867 48 48
4162 50 7205 50 48327 50 50
3258 46 5828 46 36446 46 46
4475 48 6818 48 38492 48 48
2737 44 4900 44 30017 44 44
2655 44 4277 44 28260 44 44
2951 46 5358 46 38415 46 46
3137 48 7236 48 40246 48 48
2451 42 4742 42 24507 42 42
3122 48 6458 48 38330 48 48
3406 48 7869 48 57156 48 48
2760 42 4776 42 26172 42 42
4312 47 6523 47 41369 47 47
3260 44 5524 44 34124 44 44
3141 50 6714 50 51556 50 50
4308 48 7532 48 43876 48 48
2883 44 4998 44 28917 43 43
2498 45 4176 44 25779 44 44
3441 44 5442 44 34735 44 44
3035 48 7225 48 44566 48 48
4993 49 6998 48 48272 48 48
2638 42 4691 42 25913 42 42
3091 46 4724 46 30057 46 46
4643 50 7941 50 60946 50 50
3827 43 5445 43 40478 43 43
2034 43 3922 43 24035 43 43
3634 47 7496 47 48140 47 47
