15802 44 29620 44 600000 44 44
59896 48 52643 48 600000 48 48
16332 46 31308 46 600000 46 46
32920 51 84512 52 600000 51 51
35534 49 69470 49 600000 49 49
47211 49 58662 49 600000 49 49
65945 50 66653 50 600000 50 50
26860 48 34694 46 600000 46 46
41148 48 53268 48 600000 48 48
16007 44 27508 44 600000 44 44
24972 46 46610 45 600000 45 45
48007 50 82943 50 600000 50 50
16554 46 43517 46 600000 46 46
36646 48 65494 48 600000 48 48
26471 46 45195 46 600000 46 46
57663 47 101490 46 600000 46 46
19480 51 41444 51 600000 51 51
16348 49 30669 49 600000 49 49
23185 47 40245 47 600000 47 47
46606 53 58442 53 600000 53 53
26973 50 90790 50 600000 50 50
57180 52 83716 52 600000 52 52
26484 51 48618 51 600000 51 51
35275 47 47038 47 600000 47 47
20284 47 33543 47 600000 47 47
20248 47 56049 46 600000 46 46
26444 48 55297 48 600000 48 48
24325 46 30934 46 600000 46 46
36613 48 66590 48 600000 48 48
32165 48 72077 48 600000 48 48
