36998 47 70962 47 600000 47 47
44842 48 180354 47 600000 47 47
66082 51 265268 51 600000 51 51
108672 47 75652 47 600000 47 47
103780 55 230801 55 600000 55 55
40448 45 68658 45 600000 45 45
27480 47 66407 47 600000 47 47
51316 52 68591 49 600000 49 49
48254 52 100442 51 600000 51 51
137412 55 175995 55 600000 55 55
73155 46 72403 46 600000 46 46
48402 51 109933 51 600000 51 51
30296 47 78597 47 600000 47 47
25729 47 59319 47 600000 47 47
71166 53 124479 53 600000 53 53
41968 51 131942 51 600000 51 51
108562 50 152246 50 600000 50 50
61991 49 93590 49 600000 49 49
43480 53 203015 53 600000 53 53
51260 50 169573 50 600000 50 50
38144 48 60742 48 600000 48 48
117741 55 166075 55 600000 55 55
37662 53 132346 53 600000 53 53
41898 48 70754 48 600000 48 48
69393 53 151412 53 600000 53 53
69442 50 117731 50 600000 50 50
61133 52 182100 52 600000 52 52
85439 50 168522 50 600000 50 50
53562 49 68445 49 600000 49 49
71012 49 115229 49 600000 49 49
