4684 50 10045 50 91375 50 50
5701 53 11244 53 158719 53 53
4448 47 7538 47 48307 47 47
3803 47 7767 47 55189 47 47
4251 48 8639 48 58488 48 48
4905 45 7799 44 41183 44 44
3530 45 5267 42 33636 42 42
5657 48 10107 48 78688 48 48
4696 47 7938 47 49496 47 47
9007 45 6501 45 45664 45 45
2986 43 4956 42 31538 42 42
5446 50 9399 50 88048 50 50
4965 48 9309 48 91534 48 48
4821 50 10643 50 108936 50 50
4462 49 9505 49 58352 49 49
5100 51 10292 51 82661 51 51
5341 51 11976 51 90996 51 51
4562 51 10019 51 134897 51 51
5197 50 9278 50 94838 50 50
3642 45 6769 45 76623 45 45
4849 47 8549 47 88389 47 47
4928 50 8479 48 56897 48 48
5403 46 8068 46 91450 46 46
5761 49 10198 49 94319 49 49
4307 48 8196 48 65174 48 48
4932 48 10416 48 58070 48 48
4129 49 9148 49 112674 49 49
4579 47 7850 47 64440 47 47
5245 50 10889 50 65657 50 50
5077 48 9408 48 64911 47 47
