12919 46 18343 46 563817 46 46
12400 50 27800 50 600000 50 50
12636 52 25693 52 600000 52 52
10212 47 19784 47 600000 47 47
21705 50 32451 50 600000 50 50
16262 50 32055 50 600000 50 50
24421 51 30520 51 600000 51 51
19222 52 32195 52 600000 52 52
13774 50 37994 50 600000 50 50
19599 51 25424 51 600000 51 51
29665 49 25933 47 600000 47 47
18907 48 34386 48 600000 48 48
18035 51 41992 51 600000 51 51
9933 47 17396 47 600000 47 47
11744 46 19256 46 600000 46 46
13680 49 31147 49 600000 49 49
14603 50 32216 50 600000 50 50
10400 46 16825 46 600000 46 46
14254 48 22645 48 600000 48 48
17206 48 22494 48 600000 48 48
11039 48 27021 48 600000 48 48
15470 48 22604 48 600000 48 48
28235 45 19716 44 600000 44 44
11751 50 33934 50 600000 50 50
13071 47 17272 46 427390 46 46
17021 49 25645 49 600000 49 49
19485 47 27987 46 600000 46 46
10298 48 22031 48 600000 48 48
9869 47 23859 48 590449 47 47
12211 51 24136 51 600000 51 51
