100 310 11711 162
100 338 10404 194
100 320 10294 192
100 348 11089 188
100 331 10282 184
100 325 10047 204
100 327 10196 200
100 333 10173 203
100 316 10134 187
100 330 11291 186
100 347 11554 160
100 322 11553 168
100 341 10346 180
100 333 10601 177
100 333 10145 202
100 326 10248 198
100 324 10284 182
100 331 11168 167
100 317 10352 177
100 331 10318 181
100 320 10079 181
100 320 10276 178
100 328 10246 194
100 333 10015 210
100 331 10077 213
200 348 15603 168
200 370 15860 194
200 351 15898 209
200 370 15347 188
200 347 14403 200
200 334 14038 204
200 348 13943 200
200 344 14643 203
200 338 16077 188
200 339 15239 186
200 345 15179 219
200 335 14730 196
200 342 14473 201
200 368 15764 177
200 339 14788 204
200 340 14258 198
200 353 15441 182
200 329 14081 185
200 341 14712 177
200 355 14531 183
200 340 15217 206
200 346 15766 180
200 339 14037 194
200 349 14308 215
200 340 14242 213
300 351 22055 182
300 374 22694 194
300 359 21357 209
300 357 20356 190
300 359 20808 211
300 341 21214 204
300 359 21093 200
300 339 19715 210
300 357 23022 188
300 356 20772 223
300 348 20664 219
300 353 22167 196
300 346 20904 201
300 381 22416 188
300 352 22298 204
300 364 20385 221
300 357 21527 182
300 356 19877 210
300 360 21498 198
300 373 22181 183
300 357 22174 206
300 363 21896 180
300 344 19731 194
300 351 19747 215
300 352 21606 213
400 366 28432 182
400 381 28526 194
400 365 28252 209
400 366 26376 190
400 365 26229 211
400 350 27321 204
400 362 27469 200
400 364 28057 210
400 371 29353 188
400 364 29163 223
400 358 26609 219
400 371 28377 199
400 357 26462 201
400 383 28883 188
400 365 29016 204
400 367 26503 221
400 378 28899 185
400 360 25414 210
400 368 27896 198
400 368 29778 200
400 366 29234 206
400 371 29300 193
400 353 25624 194
400 357 27905 215
400 359 27730 213
500 383 36111 182
500 389 36829 194
500 369 35756 209
500 378 35850 190
500 371 32579 211
500 363 34391 204
500 371 33886 200
500 366 37546 210
500 377 36844 188
500 371 34918 223
500 367 33557 219
500 383 36294 199
500 364 33379 201
500 389 35444 188
500 369 36482 205
500 374 32550 221
500 378 35684 190
500 367 34611 210
500 372 36047 198
500 379 36274 200
500 374 36219 206
500 371 36533 193
500 365 34457 196
500 362 35022 215
500 366 35285 213
600 372 42482 194
600 401 46970 195
600 379 45741 209
600 381 43399 190
600 377 41731 211
600 369 43105 210
600 379 40931 200
600 381 45865 217
600 383 43037 188
600 388 43912 223
600 381 42248 219
600 393 48365 199
600 368 43173 201
600 390 42771 188
600 381 43945 205
600 380 42336 221
600 380 43255 190
600 373 42270 210
600 381 45571 198
600 383 44310 200
600 375 42758 206
600 376 41517 216
600 365 42819 204
600 371 42876 215
600 383 42743 213
700 376 49886 207
700 404 54783 195
700 393 56102 209
700 394 53482 190
700 381 50232 211
700 372 50832 210
700 382 50843 200
700 387 54994 217
700 401 52007 188
700 400 54503 223
700 385 50559 219
700 400 59388 199
700 389 52249 201
700 393 49368 188
700 385 52580 205
700 381 49274 221
700 383 50807 190
700 376 50911 210
700 393 53919 198
700 393 53333 200
700 388 51004 214
700 380 49405 216
700 372 51415 204
700 381 51605 215
700 393 52229 213
800 382 59564 207
800 408 64331 195
800 394 65015 209
800 393 63795 190
800 396 60805 220
800 377 60092 210
800 390 58614 213
800 399 67465 217
800 415 62163 188
800 403 63711 223
800 392 65753 219
800 401 61835 199
800 396 65558 217
800 410 63010 188
800 393 61221 205
800 385 59987 221
800 394 61702 190
800 387 60394 210
800 400 64618 198
800 398 63292 200
800 395 60828 214
800 383 57559 216
800 395 62596 204
800 384 59884 215
800 397 61344 213
900 383 71660 207
900 418 83148 201
900 401 76297 209
900 411 76890 190
900 402 71221 220
900 381 69717 210
900 390 68183 213
900 401 75874 217
900 419 74090 188
900 407 74979 223
900 399 72239 219
900 408 72034 199
900 407 72978 217
900 393 75682 214
900 397 70867 205
900 390 69412 221
900 417 71846 190
900 404 69244 210
900 403 74233 198
900 412 73525 200
900 406 72213 214
900 391 70890 216
900 397 72958 204
900 395 69525 215
900 402 73246 213
1000 392 80718 207
1000 421 89723 215
1000 412 91328 209
1000 423 105397 190
1000 404 81007 220
1000 395 82724 210
1000 396 82592 213
1000 407 91065 217
1000 434 85869 188
1000 414 88522 223
1000 401 83913 219
1000 411 84062 199
1000 411 83716 217
1000 399 86938 214
1000 403 83949 205
1000 397 81266 221
1000 429 89114 200
1000 413 84197 210
1000 411 87972 198
1000 417 87769 200
1000 415 84275 214
1000 394 80678 216
1000 404 83268 204
1000 401 77928 215
1000 413 85863 213
1100 405 94692 207
1100 428 109508 215
1100 414 111560 209
1100 429 102953 193
1100 408 90479 220
1100 405 94564 210
1100 401 95265 213
1100 408 104561 217
1100 439 99870 188
1100 421 102389 223
1100 404 95534 219
1100 412 107490 199
1100 413 95696 217
1100 404 103716 214
1100 405 94220 205
1100 403 94091 221
1100 431 101103 215
1100 419 91831 210
1100 420 104794 198
1100 421 105996 200
1100 415 96059 214
1100 403 92250 216
1100 411 94195 204
1100 405 89072 215
1100 418 101025 213
1200 410 112863 207
1200 431 129195 215
1200 420 126985 209
1200 443 145534 193
1200 411 102341 220
1200 415 110281 210
1200 412 108308 213
1200 415 120998 217
1200 442 113516 188
1200 426 112187 223
1200 409 115368 219
1200 432 172244 199
1200 420 113090 217
1200 420 117731 214
1200 418 106530 208
1200 409 104318 221
1200 433 125792 215
1200 417 109520 210
1200 426 117996 198
1200 424 118067 200
1200 419 108022 214
1200 402 105715 216
1200 421 120164 204
1200 406 108594 215
1200 428 115494 213
1300 417 123464 207
1300 436 143914 215
1300 421 144628 209
1300 443 155151 193
1300 417 118211 220
1300 424 126388 211
1300 417 126106 213
1300 417 142762 217
1300 448 130935 188
1300 430 128782 223
1300 414 136006 219
1300 435 258785 199
1300 426 133598 217
1300 425 159778 214
1300 421 121542 208
1300 421 119194 221
1300 437 133274 215
1300 423 123436 210
1300 427 143669 198
1300 432 148878 200
1300 429 137159 214
1300 418 124299 216
1300 424 136443 214
1300 410 128805 215
1300 431 136092 213
1400 430 149541 207
1400 443 171054 215
1400 425 167041 209
1400 440 190641 197
1400 422 147080 220
1400 433 157712 211
1400 436 230549 213
1400 417 150914 217
1400 456 167098 193
1400 434 150325 223
1400 426 160603 219
1400 438 214860 199
1400 426 148228 217
1400 436 170487 214
1400 422 138353 208
1400 427 138758 221
1400 450 152457 215
1400 427 152484 210
1400 427 286953 203
1400 432 170945 200
1400 434 155188 214
1400 429 206436 216
1400 428 148821 214
1400 417 142369 215
1400 430 155473 213
1500 433 197656 207
1500 456 200806 215
1500 429 195891 209
1500 445 204461 197
1500 440 214181 220
1500 439 210727 211
1500 445 222221 213
1500 427 186529 217
1500 432 184930 219
1500 440 248548 223
1500 429 272130 219
1500 443 337401 199
1500 444 183449 217
1500 444 281268 214
1500 431 178213 208
1500 428 171162 221
1500 455 173037 215
1500 429 200443 210
1500 437 361421 203
1500 439 202308 200
1500 439 187954 214
1500 431 244033 216
1500 436 175072 214
1500 431 163814 215
1500 433 184309 213
