10 43 3082 43 561 43 221 43 109 46 116 43
10 31 982 31 317 32 121 32 116 32 121 31
10 57 7315 57 1735 57 407 57 212 59 130 57
10 44 3989 44 643 44 221 44 121 44 122 44
10 34 1406 34 305 34 110 34 106 34 109 34
10 42 3621 42 624 42 211 42 121 42 127 42
10 49 4937 49 765 49 332 49 113 49 112 49
10 38 2440 38 441 38 228 40 124 NaN NaN 38
10 41 2834 41 557 41 210 41 109 41 129 41
10 35 1313 35 324 35 108 37 110 37 117 35
10 45 3782 45 610 45 228 49 107 49 114 45
10 37 1607 37 357 37 226 39 120 39 116 37
10 45 3876 45 722 45 213 48 109 NaN NaN 45
10 36 1980 36 306 36 109 38 109 41 110 36
10 42 3510 42 607 42 217 42 105 42 119 42
10 38 2405 38 324 38 238 39 122 40 118 38
10 35 1762 35 315 35 208 35 116 37 117 35
10 50 5077 50 892 50 226 50 122 50 118 50
10 59 8976 59 1504 59 333 59 143 59 233 59
10 34 1869 34 410 34 217 34 130 34 117 34
10 50 4758 50 747 50 332 50 115 50 117 50
10 31 1220 31 332 31 108 31 116 32 116 31
10 44 3282 44 713 44 322 44 112 45 116 44
10 25 517 25 223 25 107 25 116 29 133 25
10 30 938 30 318 30 120 30 106 31 125 30
20 43 6351 43 1187 43 430 43 119 49 234 43
20 45 8117 45 1323 45 446 48 119 49 141 45
20 57 18067 57 2968 57 875 57 258 59 222 57
20 44 8198 44 1429 44 499 46 133 49 400 44
20 46 7994 46 1327 46 547 46 117 49 117 46
20 47 9413 47 1651 47 468 47 116 48 140 47
20 49 10189 49 1755 49 566 49 142 50 114 49
20 45 8014 45 1319 45 471 45 125 46 117 45
20 46 9554 46 1373 46 451 46 121 47 1013 46
20 48 9172 48 1447 48 452 48 232 51 119 48
20 45 7239 45 1214 45 455 49 167 50 141 45
20 39 4097 39 781 39 236 41 118 47 116 39
20 45 8456 45 1437 45 447 48 135 49 149 45
20 38 4726 38 991 38 339 39 118 42 140 38
20 45 8454 45 1543 45 453 47 1074 47 130 45
20 41 6377 41 1104 41 445 41 136 45 117 41
20 37 4220 37 770 37 345 38 130 41 135 37
20 50 10902 50 1952 50 659 50 132 51 116 50
20 59 22391 59 3378 59 680 59 260 59 256 59
20 46 8571 46 1530 46 564 47 129 48 117 46
20 50 10623 50 1708 50 569 50 252 51 134 50
20 41 6277 41 1106 41 456 41 138 42 133 41
20 44 6867 44 1214 44 456 47 129 49 118 44
20 25 1297 25 427 26 111 26 107 33 131 25
20 51 14894 51 2851 51 630 51 249 51 138 51
30 43 11605 43 2077 43 565 43 228 51 135 43
30 45 12842 45 2211 45 672 48 1380 49 130 45
30 57 29718 57 4776 57 1179 57 351 59 157 57
30 44 13202 44 2362 44 675 46 244 49 136 44
30 46 12580 46 2009 46 883 46 138 49 248 46
30 47 14858 47 2453 48 787 48 240 49 150 47
30 49 18362 49 3280 49 1021 49 221 51 120 49
30 45 13388 45 2319 45 674 46 230 49 122 45
30 46 14905 46 2197 46 780 46 151 50 248 46
30 48 15282 48 2424 48 781 48 127 52 125 48
30 51 18747 51 3094 51 825 51 264 56 121 51
30 40 7281 42 2741 42 745 43 236 51 230 40
30 45 13298 45 2217 45 672 48 244 51 127 45
30 38 7978 38 1427 38 565 39 128 43 121 38
30 46 13689 46 2204 46 831 47 224 50 149 46
30 41 9551 41 1537 41 629 41 209 47 135 41
30 45 13579 45 2557 45 673 45 132 49 233 45
30 50 17973 50 2923 50 784 50 361 52 242 50
30 59 31057 59 5444 59 1800 59 372 60 145 59
30 46 13976 46 2536 46 790 47 241 48 144 46
30 50 17258 50 2422 50 789 50 249 52 146 50
30 41 10007 41 1796 41 668 41 132 42 134 41
30 53 22232 53 3346 53 792 53 224 55 126 53
30 49 19676 49 3209 49 1111 49 227 49 139 49
30 51 21631 51 3769 51 970 51 350 52 258 51
40 43 15593 43 2911 43 784 43 228 52 261 43
40 47 20836 47 3220 48 1011 49 395 51 241 47
40 57 39538 57 6664 57 1550 57 460 59 242 57
40 44 17287 44 3122 44 1031 46 237 49 157 44
40 46 19332 46 2995 46 909 46 251 51 269 46
40 47 20855 47 3314 48 1019 48 251 49 257 47
40 49 26062 49 4524 49 1230 49 253 52 297 49
40 47 20650 47 3495 48 1158 48 244 52 256 47
40 46 20664 46 2945 46 2244 46 238 52 234 46
40 53 30660 53 4637 53 1117 53 380 57 261 53
40 51 25592 51 4302 51 1127 51 360 56 240 51
40 49 22083 49 3507 49 1015 50 347 54 260 49
40 45 18296 45 3071 45 999 48 278 51 273 45
40 48 22879 48 3778 48 1007 49 453 51 237 48
40 46 20106 46 4470 46 1026 47 230 50 230 46
40 41 13073 41 2599 42 983 43 235 50 268 41
40 45 19596 45 3739 45 959 45 237 51 226 45
40 50 27668 50 4250 50 1118 50 258 53 266 50
40 59 46151 59 7789 59 1851 59 665 60 238 59
40 48 23528 48 3853 48 1159 49 426 51 264 48
40 50 23886 50 5471 50 1111 51 351 54 247 50
40 45 19380 45 3052 45 1073 46 246 49 240 45
40 53 30364 53 4649 53 1181 53 339 55 257 53
40 49 28042 49 4561 49 1288 49 322 49 225 49
40 51 29787 51 5057 51 1222 51 351 53 227 51
50 43 21314 43 5654 43 1004 43 248 52 238 43
50 47 26068 47 4207 48 1230 49 460 52 245 47
50 57 50178 57 8589 57 2006 57 750 59 262 57
50 44 22536 44 4106 44 1125 47 352 50 239 44
50 53 37322 53 6151 53 1691 53 470 56 262 53
50 47 31079 47 4354 48 1338 48 282 49 254 47
50 49 32983 49 5643 49 1361 49 468 52 235 49
50 48 31251 48 4881 48 1194 48 232 54 243 48
50 46 25769 46 3878 46 1164 46 338 54 254 46
50 53 36783 53 6187 53 1651 53 476 57 247 53
50 51 35945 51 5439 51 1451 51 465 56 251 51
50 49 29383 49 4824 49 1273 50 453 54 256 49
50 45 24140 45 3938 45 1126 48 360 52 252 45
50 48 32831 48 4590 48 1135 49 473 51 362 48
50 46 23968 46 4046 46 1275 47 347 51 278 46
50 46 25496 46 3840 46 1127 47 465 53 259 46
50 50 33871 50 5250 50 1451 50 480 53 236 50
50 50 35474 50 5164 50 1447 50 249 56 254 50
50 59 53864 59 9318 59 2025 59 792 61 275 59
50 48 31516 48 4523 48 1449 50 444 56 238 48
50 50 30245 50 4695 50 1359 51 470 54 266 50
50 47 27706 47 4833 47 1332 48 275 53 268 47
50 53 39813 53 6171 53 1457 53 366 55 262 53
50 49 32472 49 5661 49 1458 49 346 49 259 49
50 51 33983 51 8196 51 1332 51 491 57 251 51
60 43 25043 43 4517 44 1448 45 578 56 252 43
60 47 30933 47 5282 48 1607 49 573 53 268 47
60 57 61487 57 10179 57 2461 57 798 59 276 57
60 44 27053 44 4648 44 1265 47 458 51 279 44
60 53 50279 53 7770 53 1774 53 601 56 276 53
60 47 30987 47 5439 48 1528 48 343 51 275 47
60 49 43444 49 7068 49 1971 49 455 53 252 49
60 60 74415 60 15998 60 2739 60 1062 62 354 60
60 46 30295 46 5112 46 1412 47 480 57 397 46
60 53 51893 53 8944 53 5388 53 693 57 288 53
60 51 42574 51 6256 51 1697 51 497 56 284 51
60 50 38720 50 7080 50 1593 51 497 56 396 50
60 45 31445 45 5193 45 1346 48 441 52 263 45
60 48 36707 48 5761 48 1467 49 600 52 255 48
60 46 30078 46 5045 46 1461 48 2773 53 260 46
60 46 29944 46 4960 47 1581 49 602 54 381 46
60 50 40601 50 6399 50 1793 50 520 54 274 50
60 50 41558 50 6585 50 1704 52 806 58 369 50
60 59 66624 59 14218 59 2484 59 789 62 296 59
60 48 35861 48 5716 48 1612 50 571 55 352 48
60 50 35985 50 5853 50 1594 51 594 56 272 50
60 47 35519 47 6183 47 1633 48 394 54 278 47
60 53 47557 53 7972 53 1807 53 481 55 282 53
60 49 42316 49 6869 49 1692 49 348 49 260 49
60 51 41895 51 7107 51 1675 51 585 57 258 51
70 43 30305 43 5183 44 1621 45 716 57 482 43
70 47 40148 47 6862 48 1848 49 592 54 396 47
70 57 69506 57 14285 57 2818 57 917 61 286 57
70 44 31937 44 5971 44 1500 47 482 54 277 44
70 53 62153 53 9046 53 2152 53 700 56 300 53
70 47 36464 47 5928 48 1776 48 412 52 301 47
70 49 48874 49 8327 49 2046 49 587 56 364 49
70 60 97187 60 16999 60 3286 60 1199 62 381 60
70 46 40443 46 5985 46 1728 47 462 57 386 46
70 53 55756 53 8745 53 2113 53 607 58 2326 53
70 51 48434 51 7734 51 1948 51 504 59 368 51
70 50 46062 50 8051 50 1820 51 607 57 392 50
70 45 38449 45 6316 45 1613 48 492 55 417 45
70 48 41390 48 6492 48 1682 49 584 54 368 48
70 46 34473 46 7894 46 1728 48 577 53 388 46
70 46 36463 46 6133 47 1705 49 722 54 482 46
70 50 51133 50 7983 50 2261 50 668 55 357 50
70 50 49823 50 7922 50 2116 52 1118 59 373 50
70 59 87453 59 14222 59 3283 59 1206 63 364 59
70 48 45851 48 7166 48 2044 50 704 56 367 48
70 50 45481 50 7283 50 2018 51 734 57 382 50
70 49 47064 49 7115 49 2094 50 584 56 367 49
70 53 56471 53 9494 53 2236 53 619 56 278 53
70 49 49049 49 8249 49 1991 49 595 52 282 49
70 51 49512 51 10157 51 1902 51 594 57 292 51
80 43 34156 43 5841 44 1793 46 811 58 357 43
80 47 44231 47 7394 48 2150 49 792 56 371 47
80 57 87743 57 14558 57 3411 57 1230 61 437 57
80 44 40575 44 6754 44 1690 47 607 54 320 44
80 53 68683 53 11559 53 5004 53 724 56 368 53
80 53 64058 53 11199 53 2583 53 803 57 393 53
80 49 60097 49 9508 49 2313 49 690 57 384 49
80 60 107831 60 18931 60 5833 60 1261 63 444 60
80 46 43503 46 6485 46 1938 47 495 57 377 46
80 53 69307 53 10529 53 2577 53 870 60 521 53
80 51 57483 51 12360 51 2260 51 637 59 388 51
80 50 56875 50 10219 50 2227 51 712 57 405 50
80 45 45449 45 7837 45 1791 48 490 54 411 45
80 48 49561 48 7589 48 2029 49 822 55 390 48
80 46 43607 46 6654 46 2023 48 705 54 364 46
80 46 42622 46 7473 47 1995 49 821 54 474 46
80 50 60287 50 9035 50 2657 51 762 57 509 50
80 50 56937 50 9524 50 2354 52 1156 58 393 50
80 59 97594 59 16142 59 3367 59 1222 63 405 59
80 48 52007 48 8695 48 2400 50 811 57 394 48
80 50 52773 50 10674 50 2194 51 828 61 502 50
80 49 49356 49 8846 49 2389 50 825 59 512 49
80 53 69535 53 11522 53 2563 53 837 58 388 53
80 49 57591 49 9607 49 2247 49 775 53 381 49
80 51 56604 51 9566 51 2341 51 762 58 398 51
90 48 58187 48 9313 48 2241 49 805 61 631 48
90 47 53192 47 8403 48 2354 49 822 57 512 47
90 57 100244 57 17278 57 3767 57 1156 62 492 57
90 45 48306 45 7957 45 2448 48 510 56 524 45
90 53 77718 53 12648 53 3111 53 924 58 687 53
90 53 77533 53 12182 53 3117 53 935 59 496 53
90 49 64043 49 10631 49 2596 51 1573 58 404 49
90 60 119925 60 23319 60 4040 60 1439 61 513 60
90 46 49636 46 7595 46 2043 47 588 58 635 46
90 53 75980 53 11815 53 3078 55 1261 65 728 53
90 51 68268 51 10782 51 2605 52 822 60 601 51
90 50 69760 50 11658 50 2468 51 836 59 608 50
90 45 50212 45 9032 45 2140 48 599 55 505 45
90 48 55378 48 8555 48 4456 50 940 60 705 48
90 46 46870 46 7935 46 2357 48 857 55 585 46
90 46 50245 46 10548 47 2236 49 902 55 386 46
90 50 65824 50 11147 50 3108 51 874 58 502 50
90 50 66699 50 10976 50 2721 52 1410 58 605 50
90 59 114929 59 21957 59 3902 59 1377 63 453 59
90 48 55614 48 10025 48 2678 50 964 57 522 48
90 50 62256 50 9756 50 2454 51 951 61 548 50
90 49 58927 49 10177 49 2688 52 1356 61 507 49
90 53 80312 53 12900 53 3036 54 1033 61 514 53
90 50 66348 50 10708 51 2773 51 960 56 526 50
90 51 68252 51 11233 51 2559 51 773 60 491 51
100 48 65320 48 11727 48 2445 49 1031 62 761 48
100 47 58630 47 11576 48 2598 50 1032 57 517 47
100 57 113373 57 20028 57 6450 57 1498 62 484 57
100 45 51610 45 8711 45 2644 48 754 56 593 45
100 53 89375 53 14906 53 3550 53 997 59 767 53
100 53 93148 53 14262 53 3497 53 1084 60 524 53
100 49 72043 49 12551 49 2599 51 1584 59 488 49
100 60 135284 60 26149 60 4609 60 1522 62 546 60
100 46 59137 46 10950 46 2320 47 676 59 683 46
100 53 83600 53 15127 53 3216 55 1331 65 545 53
100 51 71600 51 11855 52 2930 53 1034 61 2616 51
100 50 74680 50 12154 50 2776 51 941 60 532 50
100 45 55493 45 10091 45 2457 49 928 58 643 45
100 48 64715 48 9641 48 2544 50 1019 60 552 48
100 46 57221 46 9113 46 2534 48 939 56 612 46
100 52 83411 52 13387 52 3092 54 1354 58 624 52
100 50 77228 50 19774 50 3241 51 1048 59 523 50
100 50 75213 50 12387 50 3043 52 1493 58 621 50
100 59 123640 59 23296 59 4226 60 1580 64 580 59
100 48 64949 48 11102 48 4886 51 1069 59 522 48
100 50 66117 50 10344 50 2694 51 963 62 571 50
100 49 66015 49 11642 49 3004 52 1430 62 749 49
100 53 85894 53 14059 53 3139 54 1152 62 653 53
100 52 81703 52 13991 52 3240 56 1380 64 711 52
100 51 76225 51 12529 51 2926 51 937 62 533 51
110 48 71262 48 12595 48 3098 50 1119 64 889 48
110 47 62392 47 12237 48 2911 51 1251 59 726 47
110 57 125348 57 24660 57 4627 57 1682 63 642 57
110 45 56549 45 9939 45 4840 48 803 57 580 45
110 53 96120 53 18859 53 3786 53 1181 59 564 53
110 53 96837 53 15866 53 3748 54 1366 60 743 53
110 49 78437 49 13141 49 3025 52 1848 60 688 49
110 60 154518 60 30114 60 5210 60 1683 62 656 60
110 46 63256 46 9465 46 2344 47 811 60 757 46
110 53 94545 53 15410 53 3773 55 1484 65 876 53
110 51 84085 51 14104 52 3384 54 1228 63 665 51
110 50 83636 50 14317 50 3132 51 1060 61 781 50
110 45 60598 45 11137 45 2695 49 1055 59 718 45
110 48 70132 48 10268 48 2706 50 1138 60 737 48
110 46 62872 46 9850 46 2780 48 1070 56 764 46
110 52 96136 52 14504 52 3485 54 1399 60 768 52
110 50 79847 50 12882 50 3389 51 1138 61 829 50
110 50 81104 50 13437 50 3375 52 1682 59 727 50
110 59 147931 59 28355 59 4821 60 1916 64 729 59
110 48 75567 48 12328 48 3174 51 1216 59 827 48
110 50 78631 50 11740 50 3049 51 1169 62 568 50
110 54 105224 54 16866 54 4115 57 3973 65 751 54
110 53 96398 53 18278 53 3566 54 1180 64 848 53
110 52 94753 52 16189 52 3688 56 1613 63 829 52
110 53 104926 53 17333 53 3682 55 3305 63 776 53
120 48 75422 48 14248 48 3268 50 1306 64 844 48
120 49 79982 49 13766 49 3134 53 1579 60 868 49
120 57 141451 57 26808 57 4850 57 1873 64 651 57
120 46 71970 46 13092 47 2892 48 901 58 947 46
120 53 114531 53 20163 53 6255 53 1233 59 867 53
120 53 111723 53 17771 53 4012 54 1534 61 712 53
120 49 83759 49 14662 49 3372 52 2059 61 2457 49
120 60 230046 60 33442 60 5424 60 1831 63 682 60
120 46 71695 46 11524 46 2733 47 915 62 890 46
120 53 107192 53 16637 53 4167 55 3815 66 870 53
120 51 92837 51 19439 52 3666 54 1371 64 831 51
120 50 87150 50 18979 50 3517 51 1222 61 876 50
120 45 64477 45 14171 45 2821 49 1223 59 897 45
120 48 74482 48 13960 48 2714 50 1147 61 948 48
120 46 65868 46 10942 46 2925 49 1267 57 768 46
120 52 105443 52 18137 52 3860 54 1612 61 766 52
120 50 89321 50 14611 50 3720 51 1283 61 815 50
120 50 96564 50 16076 50 3727 52 1815 59 2712 50
120 59 160670 59 32618 59 5235 60 2057 63 818 59
120 48 80996 48 13947 48 3260 51 1301 61 776 48
120 50 90807 50 13413 51 3566 52 1257 63 752 50
120 54 115603 54 21663 54 4253 57 1959 66 868 54
120 53 114099 53 18780 53 4156 55 1438 65 3443 53
120 53 110457 53 20033 53 4482 56 1848 65 874 53
120 53 113942 53 19915 53 4236 55 1329 65 950 53
130 48 84728 48 15930 48 3629 50 1369 64 984 48
130 49 88652 49 15515 49 3747 53 1738 61 948 49
130 57 160232 57 29976 57 5354 57 1906 63 899 57
130 46 81548 46 14306 47 3251 48 961 60 991 46
130 53 131124 53 23631 53 4434 53 1349 59 980 53
130 53 129736 53 20299 53 6795 54 1543 64 968 53
130 49 95062 49 18721 49 3429 52 2127 62 852 49
130 60 185034 60 38189 60 6076 60 1975 65 963 60
130 52 116555 52 19212 52 6561 52 1296 63 980 52
130 53 121771 53 19938 53 5019 55 1968 66 3758 53
130 51 100475 51 22141 52 4315 54 1582 64 845 51
130 50 104377 50 17581 50 3859 51 1249 62 952 50
130 49 102394 49 16115 49 5429 50 1365 60 880 49
130 48 82018 48 13285 48 3185 50 3048 64 990 48
130 46 72677 46 11582 46 3234 49 1253 59 933 46
130 52 121761 52 20768 52 4387 54 1743 62 855 52
130 50 103956 50 15836 50 4127 51 1364 61 985 50
130 50 102777 50 17122 50 6174 52 1881 60 882 50
130 59 172523 59 34763 59 5631 60 2160 63 899 59
130 48 86507 48 15249 48 3285 51 1482 62 998 48
130 50 104188 50 15573 51 3836 52 1349 63 2791 50
130 54 131386 54 23321 54 4680 57 2125 67 1046 54
130 53 127040 53 20956 53 6928 55 1598 65 1002 53
130 55 137769 55 23691 56 8699 58 2192 68 944 55
130 53 125182 53 22175 53 4757 55 1426 67 3460 53
140 52 126367 52 19993 52 4575 54 1661 66 3484 52
140 49 96968 49 18242 49 3997 53 1775 62 895 49
140 57 172000 57 33531 57 5856 57 2039 63 888 57
140 47 90303 47 16689 47 3521 48 1074 62 1155 47
140 53 156510 53 25627 53 4908 53 1503 61 1081 53
140 53 139715 53 21597 53 7584 54 1727 65 1051 53
140 49 106430 49 17687 49 3854 52 2375 63 985 49
140 60 204883 60 39124 60 6234 60 2055 65 1065 60
140 52 129530 52 24113 52 4598 52 1469 65 1142 52
140 53 143092 53 22574 53 8548 55 2160 66 1121 53
140 51 117659 51 22802 52 4590 54 1741 65 1135 51
140 50 112978 50 22981 50 4174 51 1270 63 1057 50
140 49 109739 49 17938 49 4118 50 1472 60 1080 49
140 48 92820 48 14052 48 3469 50 1376 64 2945 48
140 52 119907 52 22492 52 4458 53 1617 63 842 52
140 52 139668 52 20944 52 7274 54 1921 62 1075 52
140 50 114054 50 20219 50 4694 51 1509 61 1045 50
140 50 116951 50 24173 50 4856 52 1978 62 1123 50
140 59 198091 59 40726 59 6963 60 2766 66 1240 59
140 48 101619 48 17795 48 3877 51 1658 62 1245 48
140 50 107186 50 19878 51 4057 54 1862 64 866 50
140 54 147883 54 27420 54 5055 57 2269 68 1072 54
140 53 137330 53 26874 53 5265 55 1727 65 1120 53
140 55 150165 55 29873 56 5705 58 2360 68 1094 55
140 53 134894 53 23124 53 7109 55 1561 67 1152 53
150 52 140133 52 23117 52 8070 54 1887 66 1192 52
150 49 112657 49 18260 49 4644 52 1920 63 1294 49
150 57 195891 57 38341 57 6385 57 2206 63 1029 57
150 47 101211 47 18032 47 4036 48 1224 62 1089 47
150 53 155852 53 29521 53 5823 53 1918 62 1160 53
150 53 169155 53 29718 53 5752 54 2093 66 1277 53
150 49 121841 49 20848 49 4761 52 2587 64 3910 49
150 60 234300 60 44196 60 7161 60 2454 65 978 60
150 52 149079 52 27328 52 4813 52 1588 65 1111 52
150 53 148533 53 27242 53 5196 55 2187 66 1105 53
150 51 129923 51 23537 52 7339 56 2315 69 1146 51
150 50 130171 50 21784 50 5075 51 1479 63 1180 50
150 49 124760 49 20524 49 7523 50 1555 61 1110 49
150 48 99555 48 15395 48 6261 51 1730 64 1213 48
150 52 137221 52 22541 52 7590 53 1636 63 1176 52
150 52 145219 52 27255 52 4971 54 2132 62 1033 52
150 50 127235 50 23597 50 5702 51 4587 61 1189 50
150 50 128914 50 23091 50 5303 52 2459 62 4013 50
150 59 219721 59 42107 59 7223 60 2725 66 1277 59
150 48 111146 48 19823 48 4436 51 1964 62 1159 48
150 50 133976 50 21659 51 4840 54 1949 64 1071 50
150 54 177615 54 34286 54 6369 57 2458 68 1380 54
150 53 171297 53 36866 53 6363 55 2284 65 1304 53
150 55 195632 55 35540 56 7080 60 3237 71 1513 55
150 53 190881 53 40885 53 7919 55 2514 68 1896 53
160 52 205918 52 41901 52 8499 54 3454 66 2153 52
160 49 134021 49 23612 49 5009 52 4727 63 1248 49
160 57 218028 57 42701 57 6871 57 2473 64 1037 57
160 47 122683 47 20877 48 4996 48 1651 62 4095 47
160 53 176234 53 32580 53 5851 53 1815 62 1089 53
160 53 172164 53 31836 53 6125 54 2067 66 1204 53
160 49 130661 49 22167 49 7671 52 2813 64 1152 49
160 60 269249 60 49038 60 7912 60 2647 65 1226 60
160 52 163252 52 30119 52 5541 52 1712 65 1278 52
160 53 163229 53 28310 53 5939 55 2482 68 1325 53
160 51 139277 51 30119 52 5611 56 2696 69 1436 51
160 50 142020 50 25868 50 8772 52 1747 63 1367 50
160 49 134806 49 22762 49 5628 50 1939 61 4031 49
160 48 111108 48 21341 48 6598 52 1867 65 1290 48
160 52 151121 52 24674 52 8050 53 1734 63 1222 52
160 52 163641 52 28803 52 5111 54 2252 62 1190 52
160 50 136513 50 26554 50 5207 51 1701 62 1212 50
160 50 136557 50 23115 50 8024 53 2328 64 1158 50
160 59 244107 59 43851 59 7056 60 2862 66 1250 59
160 48 120223 48 20490 48 4493 51 4271 62 1425 48
160 50 135128 50 22745 51 5373 54 2292 64 1151 50
160 54 173785 54 30330 54 6187 57 2745 68 1447 54
160 53 171499 53 33337 53 5541 55 2024 65 1283 53
160 55 178540 55 34800 56 7220 60 3151 72 1811 55
160 53 177482 53 32223 53 10625 55 1853 68 1329 53
170 52 168567 52 32267 52 5717 54 2126 66 1453 52
170 49 136444 49 213481 49 7490 52 2183 65 1425 49
170 57 233625 57 43448 57 7738 57 2632 64 1168 57
170 47 124248 47 129293 48 5242 48 1385 63 1482 47
170 53 182104 53 32146 53 9812 53 2063 64 1414 53
170 53 202561 NaN NaN 53 6594 56 2279 68 1334 53
170 49 145254 49 23853 49 8458 52 3015 64 1373 49
170 60 293386 60 50628 60 8166 60 2641 65 1307 60
170 52 181243 52 30920 52 5626 52 1829 66 1353 52
170 53 175164 53 31135 53 6590 55 2657 68 1400 53
170 51 154301 51 33120 52 6085 56 2555 69 1489 51
170 50 152498 50 26878 50 8726 53 1932 64 1343 50
170 49 143460 49 23769 49 6134 51 5059 63 1410 49
170 48 121937 48 24218 48 7253 52 2334 65 1596 48
170 52 168295 52 30174 52 5747 53 1938 63 1282 52
170 52 174150 52 31347 52 5324 54 2360 62 1325 52
170 50 147337 50 64615 50 5968 51 1849 62 1418 50
170 50 147911 50 28372 50 5319 53 2459 64 1370 50
170 59 264985 59 47150 59 8141 60 3089 66 1501 59
170 51 165060 51 30050 51 5728 53 2147 62 1432 51
170 50 147885 50 25739 51 5449 54 2259 65 1331 50
170 54 197114 54 36682 54 6472 57 3142 68 1350 54
170 53 185688 53 35826 53 6175 55 2149 65 1323 53
170 55 197666 55 39632 56 7587 60 3451 72 1666 55
170 53 182783 53 36180 53 5922 55 1997 68 1476 53
180 52 189156 52 36665 NaN NaN 54 2236 66 1503 52
180 49 140442 49 290465 49 5149 52 2125 65 1479 49
180 57 316104 57 47779 57 8352 57 3054 64 1341 57
180 47 139423 47 25157 48 8780 48 1633 63 1530 47
180 53 196850 53 37696 54 10423 55 3445 66 1514 53
180 53 193865 53 77899 53 6763 56 2545 69 1661 53
180 49 151612 49 27646 49 7431 52 3134 64 1463 49
180 60 329121 60 54848 60 8116 60 2980 65 1445 60
180 52 190555 52 34610 52 6461 53 1987 66 1191 52
180 53 191359 53 37291 53 6713 55 2714 69 1692 53
180 51 161758 51 33085 52 6415 56 2897 69 1617 51
180 50 160280 50 30853 50 6105 53 2213 64 1415 50
180 49 146881 49 24715 49 8961 51 2090 64 1485 49
180 48 124781 48 24080 48 4721 52 2052 67 3894 48
180 52 168681 52 28171 52 12261 53 2103 63 1345 52
180 52 183814 52 34130 52 6293 54 2522 63 1287 52
180 50 159365 NaN NaN 50 5991 51 2018 62 1434 50
180 51 163049 51 34971 52 8229 55 2766 66 1549 51
180 59 290303 59 48479 59 8315 61 3591 70 1559 59
180 51 167631 51 30043 51 6155 53 2129 62 1487 51
180 50 153743 50 26523 51 5934 54 2426 65 1486 50
180 54 200466 54 35990 54 6883 57 3508 68 1651 54
180 53 192209 NaN NaN 53 6187 55 2253 65 1403 53
180 55 204717 55 71455 56 7930 60 3669 72 2011 55
180 53 197751 53 38952 53 6299 55 2107 68 1510 53
190 52 197540 52 38511 52 6351 54 2364 66 1555 52
190 49 148532 49 27949 49 5445 52 2189 65 1670 49
190 57 273506 57 49267 57 8324 57 2971 64 1366 57
190 47 147458 47 28506 48 5380 48 1538 63 1718 47
190 53 203907 53 40435 54 9217 55 3607 67 1589 53
190 53 208114 53 82018 53 7480 56 2710 69 1743 53
190 49 156696 49 29848 49 6021 52 3342 64 1521 49
