20 95 1273 86
20 99 1243 89
20 81 724 67
20 89 812 77
20 90 1006 78
20 97 1060 89
20 108 1207 102
20 82 831 78
20 102 1023 92
20 87 918 81
20 93 812 84
20 100 1034 98
20 86 813 74
20 96 1088 88
20 94 911 90
20 84 724 72
20 103 1130 95
20 88 828 76
20 103 1168 93
20 112 1148 101
20 90 810 82
20 99 1175 93
20 106 1434 94
20 87 898 77
20 84 881 78
40 95 2343 86
40 99 2443 89
40 86 1814 82
40 95 2213 82
40 98 2436 90
40 98 2394 89
40 108 2913 102
40 85 1838 78
40 103 2420 92
40 91 2311 81
40 97 2028 88
40 110 3165 102
40 99 2463 88
40 111 2927 105
40 94 2117 90
40 105 2604 93
40 103 2675 95
40 112 3228 104
40 104 2628 94
40 112 2852 101
40 90 2405 82
40 99 2639 93
40 106 2992 94
40 107 2724 97
40 100 2389 95
60 95 3627 86
60 99 3984 89
60 89 3106 82
60 103 4643 91
60 98 4197 90
60 107 5032 101
60 108 4893 102
60 91 4458 82
60 103 4772 92
60 105 5663 93
60 108 4924 96
60 110 5243 102
60 108 4659 101
60 111 5101 105
60 104 4682 92
60 107 4753 93
60 103 4927 95
60 114 5358 104
60 104 4744 94
60 112 4637 101
60 90 3343 82
60 99 4882 93
60 106 4757 94
60 107 4658 97
60 100 4675 95
80 123 7850 115
80 99 6005 89
80 90 4467 82
80 118 8166 112
80 106 7204 96
80 107 6208 101
80 108 7269 102
80 94 4630 83
80 121 7598 113
80 105 6726 93
80 108 5802 96
80 112 8060 102
80 108 7164 101
80 111 6657 105
80 104 7121 92
80 107 6008 93
80 103 5703 95
80 114 8478 104
80 104 5771 94
80 112 6421 101
80 104 6740 96
80 115 7315 107
80 106 5932 94
80 107 6398 97
80 100 6727 95
100 124 10178 115
100 102 7947 90
100 91 5642 82
100 118 9462 112
100 106 9044 96
100 107 7684 101
100 108 8321 102
100 94 5633 83
100 121 10743 113
100 105 7824 93
100 108 7348 96
100 112 9872 102
100 108 7730 101
100 111 8344 105
100 104 8972 92
100 109 7784 101
100 106 7565 95
100 114 8876 104
100 104 8369 94
100 112 8330 101
100 109 7989 101
100 115 9937 107
100 106 7242 94
100 107 8304 97
100 101 7769 95
120 124 13938 115
120 116 11325 110
120 103 8470 95
120 118 12402 112
120 106 9294 96
120 118 11112 108
120 109 11301 102
120 94 6834 83
120 121 11390 113
120 105 10705 93
120 108 8697 96
120 112 10886 102
120 108 10917 101
120 111 9554 105
120 104 9733 92
120 109 10813 101
120 106 8773 95
120 114 10248 104
120 105 10607 97
120 112 10402 101
120 109 9862 101
120 115 12284 107
120 106 8739 94
120 107 9924 97
120 102 10204 95
140 124 14942 115
140 116 14843 110
140 103 10216 95
140 118 14848 112
140 106 11141 96
140 118 14712 108
140 109 12385 102
140 103 10100 97
140 121 15490 113
140 106 11238 93
140 108 10126 96
140 112 14112 102
140 108 11622 101
140 111 11783 105
140 104 11172 92
140 109 11548 101
140 106 10336 95
140 114 13673 104
140 121 13616 109
140 112 13739 101
140 110 11067 101
140 115 14026 107
140 106 10417 94
140 107 10959 97
140 102 12303 95
160 124 17132 115
160 116 16656 110
160 103 11830 95
160 118 16907 112
160 106 12465 96
160 118 16923 108
160 109 14181 102
160 103 13390 97
160 121 16473 113
160 106 14590 93
160 108 12271 96
160 112 15474 102
160 108 12766 101
160 111 14902 105
160 104 12652 92
160 109 15525 101
160 106 12990 95
160 114 16098 104
160 121 17158 109
160 112 15883 101
160 110 12931 101
160 115 17039 107
160 107 12514 94
160 119 17605 109
160 102 12913 95
180 124 21343 115
180 116 17967 110
180 115 18772 106
180 118 17659 112
180 109 16516 96
180 118 17863 108
180 109 17261 102
180 103 13266 97
180 121 21295 113
180 106 14175 93
180 108 15447 96
180 112 16743 102
180 111 17116 107
180 114 16940 106
180 104 15346 92
180 109 14547 101
180 111 16886 103
180 114 16502 104
180 121 20667 109
180 112 15662 101
180 110 15900 101
180 117 18244 107
180 108 15287 97
180 119 17534 109
180 102 15186 95
200 124 22846 115
200 116 20908 110
200 115 20625 106
200 118 20054 112
200 109 19264 96
200 118 20704 108
200 113 20462 109
200 104 15541 97
200 121 21614 113
200 106 16044 93
200 108 16440 96
200 112 18899 102
200 111 18768 107
200 114 17834 106
200 104 16829 92
200 109 16550 101
200 111 18152 103
200 114 18197 104
200 121 23152 109
200 112 17786 101
200 110 18110 101
200 117 20750 107
200 108 17522 97
200 119 20478 109
200 112 20076 102
220 124 27791 115
220 116 24261 110
220 115 23098 106
220 118 24727 112
220 109 18132 96
220 118 24284 108
220 113 23066 109
220 104 16813 97
220 121 26501 113
220 106 17865 93
220 116 22847 104
220 112 22376 102
220 111 19108 107
220 115 21688 106
220 104 17864 92
220 109 20437 101
220 111 20125 103
220 114 21737 104
220 121 25235 109
220 112 21669 101
220 111 22149 101
220 117 23790 107
220 108 18599 97
220 119 24690 109
220 112 21914 102
240 124 31030 115
240 116 27194 110
240 115 27024 106
240 119 28408 112
240 110 22685 97
240 119 28162 109
240 113 24967 109
240 104 18366 97
240 121 29032 113
240 106 21470 93
240 116 22946 104
240 112 25432 102
240 111 22857 107
240 115 25153 106
240 104 20309 96
240 113 23776 101
240 111 23988 103
240 114 24936 104
240 123 30808 110
240 114 25643 104
240 111 25202 101
240 117 27655 107
240 109 21754 97
240 119 27940 109
240 112 24505 102
260 124 32810 115
260 116 28603 110
260 115 29580 106
260 119 32158 112
260 110 23926 97
260 119 29913 109
260 116 29650 109
260 104 22467 97
260 121 32284 113
260 106 23484 93
260 116 26281 104
260 112 27366 102
260 112 27218 107
260 119 28418 107
260 104 24142 96
260 113 26957 101
260 111 26699 103
260 114 28205 104
260 123 32623 110
260 126 32599 114
260 112 28016 101
260 117 31341 107
260 109 23957 97
260 119 29934 109
260 112 27209 102
280 124 35129 115
280 116 31757 110
280 115 30108 106
280 119 33553 112
280 110 25676 97
280 119 31721 109
280 116 31275 109
280 104 23997 97
280 121 33899 113
280 114 29116 102
280 116 29216 104
280 112 30892 102
280 112 28475 107
280 119 31597 107
280 104 25493 96
280 113 28996 101
280 111 27902 103
280 114 28555 104
280 123 36739 110
280 126 36723 114
280 112 30061 101
280 117 32028 107
280 109 26301 97
280 119 33581 109
280 112 28987 102
300 124 40418 115
300 116 33229 110
300 115 34957 106
300 119 35865 112
300 110 27448 97
300 119 36710 109
300 116 34401 109
300 104 26319 97
300 121 37278 113
300 115 31655 102
300 116 33301 104
300 112 32020 102
300 112 31484 107
300 119 33320 107
300 119 34502 109
300 113 29503 101
300 111 31708 103
300 114 31220 104
300 123 36238 110
300 126 38863 114
300 113 36441 101
300 117 32637 107
300 109 27277 97
300 119 36566 109
300 112 31033 102
