10 425 4637 424
10 407 4504 405
10 288 1383 286
10 382 4563 382
10 454 14770 454
10 433 14554 429
10 415 6790 415
10 318 4577 314
10 338 3938 336
10 431 14203 427
20 427 5283 424
20 407 5745 405
20 412 9609 410
20 402 5982 400
20 454 17432 454
20 434 17070 429
20 446 24648 441
20 318 5856 314
20 394 6198 392
20 433 22426 427
30 427 14050 424
30 407 7849 405
30 439 16232 435
30 402 7164 400
30 454 23047 454
30 445 25053 438
30 446 66729 441
30 451 16749 449
30 478 40115 473
30 433 27543 427
40 431 19820 424
40 502 30766 499
40 439 19448 435
40 402 9740 400
40 454 26532 454
40 445 43448 438
40 444 99142 441
40 451 19639 449
40 478 44148 473
40 485 95121 480
50 431 22968 424
50 502 33740 499
50 439 28741 435
50 402 11450 400
50 478 46119 473
50 445 48178 438
50 446 104922 441
50 470 46714 464
50 478 49506 473
50 485 100991 480
60 431 32503 424
60 501 64565 499
60 441 53600 435
60 432 19844 426
60 480 52582 473
60 445 53834 438
60 446 129238 441
60 470 49042 464
60 478 63358 473
60 485 123555 480
70 431 41224 424
70 503 108453 499
70 441 60843 435
70 432 76960 426
70 482 55555 473
70 445 81158 438
70 448 148145 441
70 470 94083 464
70 478 94789 473
70 485 134064 480
80 431 49643 424
80 503 114506 499
80 441 65055 435
80 432 99952 426
80 482 101268 473
80 473 88041 467
80 451 134006 441
