228314 52 124213 52 8636 57 52
543516 54 332788 54 9089 58 54
254193 53 337195 53 20289 59 52
208834 54 145023 54 9814 58 54
225848 52 106703 53 7904 57 51
540545 52 131918 52 10831 58 52
85590 53 137340 53 9658 57 53
362505 51 321388 52 9156 58 51
116822 51 100020 52 10975 55 51
304560 51 106790 51 8633 56 51
123603 53 116181 52 5658 56 50
146099 53 150094 52 10567 58 50
455217 52 110326 52 12082 57 50
277673 50 97689 50 6508 53 49
155038 58 232169 58 11356 60 58
583726 53 123652 52 11031 56 52
458051 54 219889 54 8882 56 54
165065 53 89080 52 8936 57 50
76045 53 113551 53 7914 56 53
151537 55 163118 53 12510 57 52
211528 52 122953 53 12911 59 51
135777 56 132843 56 15481 59 56
84732 54 105003 52 9187 57 52
385154 54 210275 54 9128 57 53
105778 49 72958 49 15122 57 48
76043 52 188032 52 11712 59 52
564305 52 125978 52 10983 59 52
539107 54 233046 54 19656 60 54
169705 52 113069 52 8596 58 51
326668 51 156400 52 10772 56 50
148189 53 165851 52 11790 57 52
291107 54 193612 55 8177 57 54
82438 52 59441 50 8238 56 50
133109 55 147106 55 11274 58 55
178154 56 192099 56 13441 58 56
204889 49 94796 48 7591 56 48
199150 52 151230 52 7876 57 51
222377 54 156212 54 10830 57 53
80584 53 186241 53 17027 58 53
169942 55 239607 56 59005 59 54
