30754 52 28782 52 5999 58 52
18690 52 34386 52 4971 56 51
18861 57 37075 57 5134 58 57
39073 53 21461 50 3806 54 50
28374 53 26277 52 4452 57 51
20158 54 49024 54 5350 57 54
24003 51 35826 52 5640 55 51
11833 49 23741 49 4939 53 48
23750 53 40932 53 5522 57 53
19270 52 32454 53 4027 56 52
13840 53 31057 53 6112 58 53
20931 56 44794 56 5154 58 56
9165 54 43405 54 5151 56 54
17628 50 30008 51 4364 54 50
12304 52 39038 54 5645 59 52
87173 53 29145 53 4647 58 53
27381 53 32911 53 4725 57 53
22980 55 35544 55 4720 59 55
21527 53 29487 53 3953 55 53
94256 52 38777 52 5991 57 51
23147 57 36465 56 4615 58 56
12511 51 19277 50 3847 55 50
42551 58 60399 58 4869 58 58
84720 52 33988 52 4187 56 52
12230 53 75418 54 3704 56 53
17931 56 40900 56 4877 57 56
16763 55 69407 56 7202 58 55
41531 52 29966 52 4054 54 51
17863 52 38493 52 5130 55 52
10807 52 35386 52 4515 56 52
17234 52 24905 52 3890 56 51
68628 52 33846 52 6095 57 52
23147 52 39355 52 6345 57 52
23882 53 38160 53 7166 57 53
41480 57 72301 57 4617 57 57
31865 51 53145 51 6726 57 50
26398 51 46565 51 5036 54 49
14370 53 36790 53 3925 53 53
17089 55 35845 55 4227 57 55
13699 52 24610 52 3553 55 52
16528 52 35914 52 5771 58 52
31827 52 20001 49 5132 54 48
17938 53 40605 54 4778 57 50
20980 52 31249 52 3668 54 52
13609 52 28123 52 5684 57 52
31765 54 35506 54 4133 56 54
17777 53 47215 53 4913 56 53
13600 52 30390 52 4160 54 52
17294 50 18453 49 3781 55 49
13140 56 29542 56 3406 56 56
