20056 51 16180 50 3042 53 50
11919 49 13614 49 3052 53 48
14838 50 18437 51 3716 55 50
8425 52 20336 52 4974 57 50
10314 52 16444 52 3201 55 52
16798 55 20982 55 3360 56 55
17115 53 21352 53 4616 57 53
10189 53 20232 53 3827 57 53
9177 49 15249 49 3288 54 49
9617 51 19132 51 3179 53 50
8003 52 18075 52 2977 54 52
22426 54 17631 54 2879 55 54
16735 55 21109 54 4285 59 54
15979 52 14908 52 3490 57 52
6035 51 10408 50 3408 54 50
9529 52 18230 52 3357 56 52
9969 53 11424 50 3074 54 50
24232 52 20552 52 4444 57 52
7184 53 16271 51 3479 56 51
6544 54 19426 55 3519 57 54
12749 50 21586 51 3931 55 50
8250 53 15257 53 3371 56 53
6826 54 40576 54 3854 57 53
10485 52 56332 52 3355 55 52
15628 54 28327 52 3566 57 52
20815 55 22755 52 4305 57 50
12080 51 18271 51 4444 58 51
12827 52 31143 53 6583 56 52
7954 56 18048 56 3338 56 56
7290 55 20650 55 2668 55 55
9065 52 19458 52 3689 56 52
34198 57 29095 57 3145 57 57
11543 51 19146 52 3430 55 49
9159 49 20838 49 3720 55 48
22235 54 26348 54 4092 56 54
7732 50 12731 51 3323 54 50
13448 51 15544 52 3525 56 50
9250 51 16537 51 3227 55 51
15795 52 18356 52 3121 56 52
17192 55 22893 55 3918 57 55
10819 56 20926 56 4166 57 56
11503 51 12838 52 4105 59 51
14144 53 15592 53 3195 54 53
7820 47 16183 49 3002 53 47
11014 54 19874 54 4687 60 54
9885 54 28404 54 4498 59 54
11201 49 14695 49 4178 53 49
12444 55 17804 54 3305 55 54
11004 48 11751 48 2762 52 46
8801 54 22716 54 3363 56 54
