103543 55 121636 55 5243 56 55
71903 51 55420 50 6706 55 49
41715 55 141767 55 5999 56 55
109722 54 127083 54 9843 59 54
100890 53 100061 52 6161 57 51
175670 54 108157 54 6723 57 54
70481 56 167213 56 18586 57 56
516727 56 122411 54 8582 58 54
394518 56 159631 56 7173 58 56
137532 52 126894 52 6816 57 51
116835 53 229548 53 29093 58 50
265215 50 100927 52 8496 57 50
91139 55 211283 56 12197 58 55
226681 51 101546 52 6480 55 51
298563 52 84988 52 5840 56 52
126001 52 85166 52 11110 58 52
97123 56 199547 56 6577 57 56
115105 51 92507 52 8007 57 51
239138 52 120625 52 22063 58 52
287219 54 284647 55 13192 58 54
51053 53 154073 53 7396 58 53
51912 51 117190 52 7099 57 51
85239 55 135702 55 9309 59 54
95259 51 141302 53 20128 60 50
307742 55 128260 53 8350 57 53
310164 56 135250 56 6427 57 56
150324 53 298493 54 9390 58 53
47799 54 96576 54 8164 58 54
556765 56 331850 56 19037 58 56
157376 51 57721 49 8083 55 48
290706 52 89566 52 11901 57 52
212327 51 57526 50 6774 55 50
54106 56 179622 56 7912 58 56
202755 50 48796 49 8413 54 48
423143 51 130814 52 27498 58 51
193305 54 130803 55 5611 56 54
126652 55 151329 55 8046 57 55
192053 55 157924 55 6871 57 55
92163 50 60786 50 4672 52 50
368729 54 120380 54 7621 58 54
131359 51 97396 50 7033 56 50
310301 57 337411 57 10437 58 57
49852 53 101174 53 6549 58 53
250943 53 143237 53 7213 57 52
149222 56 111744 56 5110 56 56
89481 54 150819 55 6594 57 54
84720 52 115975 53 9668 59 52
