10 385 2878 232
10 295 1056 190
10 317 1349 204
10 351 1248 259
10 319 1169 203
10 359 1929 216
10 325 962 225
10 308 846 211
10 291 980 184
10 358 953 276
10 332 850 262
10 305 1072 205
10 290 826 200
10 363 1767 245
10 312 762 245
10 304 823 205
10 266 628 190
10 349 1159 253
10 351 1262 245
10 342 1474 219
10 217 514 165
10 328 942 238
10 363 1251 266
10 304 725 226
10 257 509 191
20 777 5337 473
20 608 2119 415
20 706 3418 482
20 651 3685 414
20 743 4193 515
20 713 3893 417
20 701 3337 464
20 725 4749 471
20 635 2796 392
20 694 1924 502
20 644 1805 478
20 602 2457 402
20 647 2484 409
20 767 5761 444
20 697 2017 510
20 719 3890 424
20 699 3759 431
20 679 2574 472
20 702 2787 480
20 702 2790 477
20 458 964 344
20 631 2149 425
20 682 3770 441
20 701 3248 476
20 626 3017 407
30 1175 11002 719
30 1050 8221 650
30 1042 9625 687
30 974 6632 611
30 1075 7115 699
30 1077 7518 640
30 1006 6191 608
30 1056 5911 645
30 1089 6766 676
30 1187 9863 738
30 944 3116 677
30 919 3329 626
30 964 4666 595
30 1165 10398 697
30 1032 6088 739
30 1080 18678 616
30 1067 6549 683
30 996 4840 667
30 1038 4775 689
30 1075 4440 743
30 816 3127 521
30 1023 5344 606
30 1024 8022 664
30 1060 4975 724
30 1092 8352 680
40 1561 14987 939
40 1411 12641 885
40 1381 11151 895
40 1347 11279 831
40 1432 9303 934
40 1446 11055 860
40 1415 8607 888
40 1377 9788 799
40 1463 13891 914
40 1590 17168 1001
40 1353 7880 932
40 1242 4794 870
40 1292 7265 804
40 1538 17210 898
40 1522 24571 952
40 1438 25754 830
40 1419 8351 903
40 1322 8655 879
40 1393 7985 930
40 1499 10114 969
40 1092 4195 688
40 1360 8944 800
40 1361 8633 874
40 1407 7194 959
40 1444 13301 875
50 1924 21737 1113
50 1747 13978 1066
50 1853 19525 1163
50 1756 18151 1074
50 1798 16447 1176
50 1806 16003 1067
50 1755 11284 1079
50 1733 14940 1029
50 1832 18865 1142
50 1960 21222 1189
50 1674 11488 1167
50 1880 20488 1133
50 1624 14149 1019
50 1915 24668 1108
50 1919 25858 1219
50 1793 46384 1040
50 1759 12608 1099
50 1656 10275 1097
50 1720 11848 1118
50 1867 17540 1189
50 1400 5745 920
50 1716 10806 1022
50 1692 11263 1072
50 1756 11612 1172
50 1806 16018 1098
60 2309 29759 1325
60 2096 20088 1288
60 2252 31913 1446
60 2102 24001 1282
60 2168 24348 1432
60 2182 21684 1311
60 2105 20173 1291
60 2078 17673 1233
60 2194 24784 1341
60 2352 49646 1434
60 2018 14715 1410
60 2248 27733 1336
60 1929 13195 1184
60 2324 31668 1382
60 2280 31388 1414
60 2144 47316 1231
60 2112 18979 1319
60 1992 14411 1313
60 2077 14292 1369
60 2205 21839 1362
60 2065 19005 1160
60 2069 13338 1246
60 2046 15403 1315
60 2118 15359 1423
60 2148 20996 1273
70 2685 40694 1526
70 2461 27367 1515
70 2634 36609 1673
70 2543 33235 1536
70 2597 40700 1657
70 2629 57889 1545
70 2443 26515 1480
70 2441 28748 1462
70 2924 59018 1605
70 2762 51041 1709
70 2615 34166 1603
70 2607 63040 1518
70 2346 26792 1423
70 2732 47968 1634
70 2661 40545 1648
70 2499 61115 1421
70 2460 24130 1525
70 2506 26008 1608
70 2405 57958 1555
70 2603 34739 1642
70 2428 26571 1382
70 2548 31228 1439
70 2377 23089 1511
70 2477 21477 1667
70 2499 31450 1460
80 3075 39242 1757
80 2812 78564 1719
80 2999 42929 1899
80 2909 80496 1750
80 2951 59575 1856
80 3029 47539 1819
80 2753 34880 1656
80 2777 42246 1650
80 3350 89239 1850
80 3168 135259 1958
80 2981 49519 1799
80 3088 68545 1785
80 2683 33674 1637
80 3125 56494 1866
80 3004 58848 1796
80 2869 105050 1645
80 2831 30534 1769
80 2883 58716 1860
80 2774 65456 1812
80 2938 107219 1801
80 2780 39260 1572
80 2921 44337 1657
80 2710 26425 1711
80 2791 31721 1830
80 2871 37642 1678
90 3523 55486 2106
90 3385 116729 2018
90 3367 60515 2125
90 3287 164027 2001
90 3335 75759 2112
90 3407 73558 2045
90 3128 81743 1895
90 3515 101488 1898
90 3770 121837 2070
90 3554 117740 2193
90 3349 67821 1991
90 3469 107192 1978
90 3045 36825 1890
90 NaN NaN NaN
90 3366 78891 1978
90 3327 145432 1850
90 3162 42573 1938
90 3360 62776 2137
90 3118 88632 2027
90 NaN NaN NaN
90 3110 45227 1719
90 3319 59064 1906
90 3250 35069 1947
90 3149 47347 2068
90 3256 57868 1935
100 3913 75805 2324
100 NaN NaN NaN
100 3765 194851 2388
100 3616 168455 2138
100 3710 173135 2340
100 3759 130658 2211
100 3493 109229 2130
100 3920 114383 2129
100 4178 136263 2286
100 3952 218721 2423
100 3725 112061 2194
100 3822 91646 2136
100 3397 56711 2128
100 NaN NaN NaN
100 3758 105435 2226
100 3706 174158 2080
100 3485 54045 2095
100 3715 111238 2325
100 3480 93555 2266
100 NaN NaN NaN
100 3483 67402 1956
100 3698 85172 2131
100 3600 162818 2140
100 3712 90137 2323
100 3589 80678 2096
