10 232 26218 232
10 190 7068 190
10 204 11502 204
10 259 11883 259
10 204 15922 203
10 218 17059 216
10 225 8039 225
10 211 5314 211
10 184 5274 184
10 276 9420 276
10 262 5646 262
10 205 8993 205
10 200 3913 200
10 245 25948 245
10 245 5677 245
10 206 5673 205
10 190 2530 190
10 253 9515 253
10 245 10071 245
10 219 11634 219
10 165 2448 165
10 238 6548 238
10 266 11472 266
10 226 5126 226
10 191 2184 191
20 474 83900 473
20 415 26408 415
20 482 34153 482
20 415 27446 414
20 516 123223 515
20 419 41855 417
20 464 33934 464
20 471 33078 471
20 392 47108 392
20 502 37645 502
20 478 19332 478
20 403 33668 402
20 409 14279 409
20 NaN NaN NaN
20 512 34517 510
20 425 43207 424
20 432 56925 431
20 472 25996 472
20 480 34706 480
20 477 27369 477
20 344 4344 344
20 425 18776 425
20 442 38319 441
20 476 35921 476
20 407 26150 407
30 720 119516 719
30 656 115059 650
30 687 65526 687
30 614 52702 611
30 700 94846 699
30 642 249031 640
30 608 56633 608
30 645 49430 645
30 676 91095 676
30 740 131829 738
30 677 28887 677
30 627 60824 626
30 596 76207 595
30 700 256078 697
30 741 51757 739
30 622 94697 616
30 684 83456 683
30 671 49192 667
30 690 71521 689
30 744 61626 743
30 521 26075 521
30 608 124664 606
30 665 64791 664
30 724 62090 724
30 680 99618 680
40 940 177622 939
40 892 166771 885
40 897 127222 895
40 837 111781 831
40 935 141527 934
40 864 158962 860
40 889 128803 888
40 799 99249 799
40 917 128553 914
40 1003 275905 1001
40 935 68573 932
40 871 77496 870
40 806 100911 804
40 903 335298 898
