100 198 7501 156
100 184 6636 165
100 165 6378 153
100 189 6904 174
100 167 5987 158
100 150 5291 144
100 169 6212 167
100 214 8046 153
100 183 6300 170
100 191 6935 172
100 152 6199 143
100 188 7472 159
100 170 6139 163
100 184 6482 175
100 169 6836 134
100 199 6934 163
100 204 7607 155
100 175 6292 157
100 179 6136 156
100 159 5605 144
100 176 6635 171
100 209 7665 165
100 182 6299 179
100 185 6631 183
100 195 7347 151
200 206 14156 177
200 185 12453 165
200 213 15240 153
200 190 12946 174
200 181 12561 169
200 188 12290 157
200 172 12822 167
200 219 15441 153
200 185 12306 170
200 193 12736 172
200 189 13128 179
200 198 13681 159
200 182 12334 171
200 184 12172 175
200 205 13862 175
200 200 13940 182
200 212 15031 155
200 192 12039 181
200 215 14605 177
200 189 12940 158
200 188 13337 171
200 211 14266 165
200 187 12203 179
200 194 13172 183
200 182 12644 158
300 207 23198 177
300 189 21456 165
300 217 23927 153
300 192 20742 174
300 183 20269 171
300 188 19492 157
300 180 19803 167
300 223 23601 153
300 203 20941 170
300 193 20416 172
300 188 20969 179
300 222 23730 159
300 188 21800 177
300 189 20973 175
300 209 22571 175
300 200 22451 182
300 214 23832 162
300 193 21868 181
300 218 23747 177
300 189 20028 158
300 191 20213 171
300 197 21788 183
300 193 21064 179
300 203 21835 183
300 207 21615 158
400 208 31574 177
400 192 30965 165
400 219 32503 165
400 221 35278 174
400 187 30136 171
400 219 32836 168
400 194 29613 167
400 202 31436 181
400 203 30248 170
400 197 30734 175
400 190 31437 179
400 228 35522 159
400 189 30537 177
400 187 27968 175
400 211 31866 175
400 202 31732 182
400 221 33259 162
400 194 29766 181
400 232 36306 177
400 191 28930 158
400 199 30353 171
400 198 30288 183
400 193 31833 179
400 204 34070 183
400 186 28091 166
500 207 43153 177
500 193 39841 165
500 229 52530 175
500 221 44325 174
500 188 38650 171
500 221 43742 168
500 194 39399 167
500 203 43009 181
500 203 44758 184
500 224 47257 175
500 190 37615 179
500 231 47544 159
500 190 41663 177
500 189 39133 175
500 219 44996 175
500 202 42808 182
500 205 42997 184
500 192 43401 181
500 233 48520 177
500 203 40310 163
500 199 42534 171
500 201 42755 183
500 200 40784 179
500 204 42330 183
500 187 37800 166
600 209 57271 177
600 201 54538 183
600 207 67991 181
600 228 61960 184
600 187 46072 171
600 225 59574 168
600 192 49049 167
600 205 53669 181
600 203 57530 184
600 229 58106 175
600 192 56143 179
600 229 55730 159
600 194 53211 177
600 195 54399 175
600 224 59218 175
600 203 55479 182
600 205 56877 184
600 195 57405 183
600 234 58885 177
600 204 52475 163
600 199 52861 171
600 199 53378 183
600 204 55244 179
600 205 53778 183
600 191 48193 166
700 209 71851 177
700 204 77241 183
700 209 101617 181
700 235 86481 184
700 189 90043 171
700 226 89152 168
700 193 67320 167
700 205 72684 181
700 203 75008 184
700 231 80311 175
700 194 79536 179
700 231 72820 159
700 193 63856 177
700 196 64563 175
700 231 77369 175
700 204 80786 182
700 207 86542 184
700 198 82281 183
700 237 79411 177
700 208 64613 163
700 199 77167 171
700 201 66840 183
700 203 76655 179
700 208 76461 183
700 195 74565 174
800 211 105143 177
800 204 101542 183
800 209 122564 181
800 238 187014 184
800 195 101520 177
800 203 139662 171
800 230 101356 178
800 231 106727 181
800 231 114808 184
800 232 90107 175
800 195 90884 179
800 235 103440 159
800 197 88816 177
800 226 93124 175
800 225 97749 175
800 203 101014 182
800 207 91997 184
800 198 102162 183
800 237 109947 177
800 234 89461 170
800 228 95196 171
800 202 122182 183
800 207 100417 179
800 210 114854 183
800 198 79768 174
900 211 124062 177
900 204 116807 183
900 239 162091 181
900 243 261360 184
900 198 154558 177
900 216 309799 194
900 232 127945 178
900 232 124814 181
900 233 137896 184
900 234 117098 175
900 199 127008 179
900 237 144953 159
900 196 114096 177
900 229 131872 175
900 229 120013 175
900 234 160934 182
900 211 116142 184
900 203 114726 183
900 241 135796 177
900 233 127914 170
900 227 134867 172
900 200 150083 183
900 207 137835 179
900 211 135754 183
900 196 109159 174
1000 240 229242 177
1000 207 142999 183
1000 240 216289 181
1000 246 261146 184
1000 200 160304 177
1000 215 318018 194
1000 233 161063 185
1000 239 204603 181
1000 235 218044 184
1000 232 161814 175
1000 202 178530 179
1000 237 289122 159
1000 199 171663 177
1000 233 228581 179
1000 230 159900 175
1000 233 201890 182
1000 238 189842 184
1000 205 169428 183
1000 241 171444 177
1000 236 163026 170
1000 233 189087 172
1000 203 173287 183
1000 239 216373 179
1000 213 234566 183
1000 197 140731 174
1100 240 397509 177
1100 208 281590 183
1100 240 281149 181
1100 252 579690 184
1100 201 231065 177
1100 216 331248 194
1100 239 215414 185
1100 236 263316 181
1100 239 456424 184
1100 233 199692 175
1100 202 258113 179
1100 242 235539 168
1100 202 217012 177
1100 230 247256 179
1100 230 329971 175
1100 233 348270 182
1100 238 248732 184
1100 203 259798 183
1100 241 237005 177
1100 234 190931 170
1100 239 375306 172
1100 205 285049 183
1100 239 284008 179
1100 240 349667 183
1100 198 261362 174
1200 250 485797 177
1200 234 294876 183
1200 244 404424 181
1200 248 411017 184
1200 200 376247 177
1200 218 604794 194
1200 240 310682 185
1200 240 334907 181
1200 237 408733 184
1200 236 250872 175
1200 205 495186 182
1200 244 294959 187
1200 204 400570 177
1200 231 301631 179
1200 232 261300 175
1200 234 474918 182
1200 241 403318 184
1200 206 357436 183
1200 239 488585 177
1200 237 290910 170
1200 239 295413 172
1200 206 328112 183
1200 244 512155 186
1200 242 391752 183
1200 198 222968 174
1300 254 497141 177
1300 239 470726 183
1300 248 647303 181
1300 251 841750 184
1300 209 807704 177
1300 246 532706 194
1300 242 502471 185
1300 245 623677 181
1300 248 718604 184
1300 239 398056 175
1300 207 505586 182
1300 252 598601 187
1300 208 692014 177
1300 235 512056 179
1300 232 467106 175
1300 236 590104 182
1300 243 519511 184
1300 208 747514 183
1300 245 507859 177
1300 237 447361 170
1300 242 451167 172
1300 236 501077 183
1300 239 670790 186
1300 238 469858 183
1300 203 658377 174
1400 257 783381 177
1400 239 567134 183
1400 248 600245 181
1400 246 948546 184
1400 211 699736 177
1400 251 1025247 194
1400 247 668319 185
1400 244 839004 181
1400 252 955156 184
1400 238 543762 175
1400 206 671589 182
1400 256 765822 187
1400 242 862672 187
1400 237 612621 179
1400 241 793030 175
1400 239 756648 182
1400 248 592480 184
1400 210 647042 183
1400 249 631808 177
1400 246 398265 170
1400 240 1097447 183
1400 237 798319 183
1400 243 897523 186
1400 244 733090 183
1400 234 447075 174
1500 254 847304 177
1500 241 766766 183
1500 249 838316 181
1500 249 1376763 184
