100 159 5852 146
100 162 5659 144
100 181 6337 175
100 167 5814 150
100 171 5865 169
100 190 6743 157
100 182 6159 177
100 166 5415 146
100 171 5798 160
100 188 6819 181
100 193 6812 166
100 196 7351 170
100 168 5724 162
100 179 5985 156
100 193 6808 191
100 180 5645 158
100 188 6715 178
100 162 5835 128
100 184 6643 146
100 178 6235 161
100 167 5496 142
100 172 5811 160
100 151 5506 144
100 174 6049 172
100 193 6721 139
200 179 11936 171
200 175 12410 163
200 186 12490 175
200 195 12830 151
200 175 12228 169
200 195 12460 158
200 186 12644 177
200 183 11675 168
200 198 13157 160
200 190 12793 181
200 196 13387 166
200 197 13382 170
200 171 10166 162
200 181 12023 159
200 196 13807 191
200 183 11560 158
200 190 13229 178
200 171 11049 134
200 174 11033 151
200 178 11317 161
200 165 10903 149
200 175 11989 160
200 173 11173 157
200 202 13693 172
200 182 10917 156
300 184 20896 171
300 199 20305 170
300 190 21709 175
300 176 18144 163
300 177 20418 169
300 208 21370 158
300 226 24497 177
300 195 20199 168
300 204 21685 164
300 192 20338 181
300 219 21623 166
300 204 21519 170
300 175 17767 165
300 186 19866 161
300 196 21375 191
300 183 19666 162
300 193 20819 178
300 178 18311 159
300 178 19020 151
300 190 19524 177
300 174 17943 149
300 201 21495 160
300 177 18507 157
300 211 22224 172
300 182 17043 156
400 184 28018 171
400 201 32214 170
400 190 29706 175
400 180 26331 163
400 185 28898 169
400 231 34239 167
400 226 34318 177
400 196 28915 168
400 222 34497 177
400 195 32215 181
400 220 31027 166
400 200 31531 188
400 181 27360 166
400 195 31021 178
400 200 32892 191
400 189 30048 167
400 195 30416 178
400 181 26676 159
400 206 31804 163
400 193 30962 177
400 193 31391 177
400 185 29474 165
400 198 29785 168
400 216 32786 172
400 212 30558 156
500 194 41989 174
500 203 44099 170
500 198 46239 178
500 181 35120 163
500 222 47093 176
500 233 49620 167
500 230 49403 177
500 196 40918 168
500 226 56633 177
500 198 42604 181
500 224 41212 166
500 202 49260 188
500 185 35234 166
500 224 50417 178
500 207 46921 191
500 197 47544 179
500 195 52239 178
500 194 38752 165
500 207 45014 163
500 199 40043 177
500 224 44955 177
500 212 45704 165
500 199 44432 169
500 219 45861 172
500 213 42947 160
600 194 57650 174
600 232 89747 170
600 198 65418 178
600 185 55491 163
600 227 112226 176
600 233 68372 167
600 230 65178 177
600 197 62174 168
600 231 76943 177
600 203 63293 181
600 232 65401 166
600 204 74341 188
600 190 49277 166
600 224 80443 178
600 212 276826 191
600 201 69926 179
600 200 66677 178
600 198 70065 165
600 221 66325 163
600 198 53924 177
600 223 70085 177
600 232 72920 178
600 201 87242 169
600 224 76263 172
600 214 56568 160
700 195 77361 174
700 235 112690 170
700 201 94076 178
700 187 99525 163
700 234 121055 176
700 237 92101 167
700 233 109588 177
700 208 81963 168
700 233 125394 177
700 212 94068 181
700 230 83195 166
700 206 95339 188
700 195 83616 173
700 229 108936 178
700 218 104795 191
700 200 84415 179
700 204 189571 178
700 198 79395 165
700 222 90390 163
700 203 168492 177
700 230 168924 177
700 231 138474 178
700 202 101197 169
700 226 161798 172
700 220 73651 160
800 207 119880 174
800 245 158319 170
800 211 139333 178
800 190 124097 163
800 239 250278 176
800 235 145290 167
800 237 185253 177
800 237 116597 168
800 237 137071 177
800 211 122925 181
800 231 113161 166
800 209 139517 188
800 196 124024 173
800 234 216079 178
800 216 202372 191
800 232 139671 179
800 206 196229 178
800 211 202226 165
800 221 195748 163
800 202 129424 177
800 243 292125 177
800 237 143771 178
800 205 188326 169
800 232 318519 176
800 218 227044 160
900 205 168082 174
900 244 166135 171
900 241 202166 178
900 226 165163 163
900 241 367196 176
900 240 251973 167
900 240 318783 177
900 237 150920 168
900 234 213020 177
900 218 219059 181
900 234 152820 166
900 215 311583 188
900 199 211161 173
900 235 471003 178
900 219 559771 191
900 231 167505 179
900 234 194447 178
900 238 188247 165
900 229 176108 163
900 211 366320 180
900 243 343532 177
900 233 199403 178
900 212 181043 169
900 234 251325 176
900 231 123900 171
1000 208 424601 174
1000 245 519856 171
1000 247 391548 178
1000 233 287499 170
1000 244 343015 176
1000 242 448772 167
1000 238 331942 177
1000 236 276670 168
1000 242 385958 177
1000 219 272559 181
1000 233 228258 166
1000 241 400846 188
1000 238 281122 173
1000 233 360731 178
1000 221 306414 191
1000 235 296697 179
1000 236 278035 178
1000 239 265241 165
1000 230 296312 163
1000 211 456713 180
1000 245 247051 177
1000 239 589107 178
1000 212 276666 169
1000 235 511950 176
1000 237 253085 173
1100 239 339318 174
1100 253 421755 171
1100 246 480207 178
1100 230 635086 170
1100 243 532961 176
1100 242 364560 167
1100 245 538130 177
1100 236 307991 168
1100 239 573436 177
1100 250 489577 181
1100 239 507821 166
1100 243 507759 188
1100 237 375762 173
1100 245 640303 178
1100 218 443171 191
1100 237 452680 179
1100 236 505756 178
1100 239 319036 165
1100 236 445703 169
1100 213 493779 180
1100 252 416917 177
1100 238 705264 178
1100 243 439096 169
1100 237 426897 176
1100 236 313893 173
1200 241 508108 174
1200 255 700142 171
1200 249 849692 178
1200 245 694735 176
1200 243 621614 176
1200 246 749019 167
1200 246 826919 178
1200 239 473397 168
1200 247 580668 180
1200 247 606557 181
1200 238 655282 169
1200 245 805152 188
1200 238 690293 173
1200 248 769863 178
1200 221 732110 191
1200 241 768562 179
1200 240 481716 178
1200 216 488819 170
1200 228 953810 169
1200 239 731141 180
1200 257 782247 177
1200 263 780417 178
1200 249 790312 169
1200 241 724882 176
1200 246 512607 173
1300 248 778600 174
1300 257 966623 171
1300 248 1189666 178
1300 256 1151071 176
1300 243 1208424 176
1300 256 942444 167
1300 251 890961 178
1300 241 602020 168
1300 245 842301 180
1300 250 786788 181
1300 255 847483 169
1300 246 1022113 188
1300 241 589320 173
1300 249 1063518 178
1300 255 922605 191
1300 243 678895 179
1300 244 955616 178
1300 220 872438 170
1300 232 1055029 169
1300 248 1122699 180
1300 259 1200155 177
1300 256 1021727 178
1300 250 1150276 169
1300 246 972410 176
1300 243 498014 173
1400 251 699740 174
1400 263 1320585 187
1400 250 1268312 178
1400 253 1229408 176
1400 252 1448354 176
1400 256 1173452 167
1400 250 1521158 178
1400 249 1135364 168
1400 242 1378962 180
1400 256 1428874 181
1400 252 1481344 169
1400 252 1413069 188
